next_line
0 1124024543
12 2
24 0
36 0
48 0
60 0
72 0
84 0
96 0
108 0
120 0
132 0
144 0
156 0
168 0
180 0
192 433367592
204 32766
216 433367664
228 32766
240 7680
252 0
264 1
276 0
288 16
300 16777216
312 -1016165456
324 22008
336 0
348 0
360 0
372 0
384 -924956480
396 22008
408 3840
420 0
432 29491200
444 0
456 -1728241178
468 32569
480 -1010660656
492 22008
504 7680
516 3840
528 104
540 0
552 -1737870152
564 32569
576 -1736328064
588 32569
600 88473680
612 0
624 -248
636 -1
648 -1737866612
660 32569
672 433368848
684 32766
696 433368880
708 32766
720 433368112
732 32766
744 433368016
756 32766
768 433368288
780 32766
792 -1728237736
804 32569
816 433367920
828 32766
840 -1736328064
852 3840
864 88473672
876 0
888 -248
900 -1
912 88473680
924 0
936 154093568
948 -1690071992
960 5529603
972 0
984 1124024336
996 0
1008 433368048
1020 32766
1032 0
1044 0
1056 -1728452295
1068 32569
1080 154093568
1092 -1690071992
1104 1124024336
1116 0
1128 433369136
1140 32766
1152 433368784
1164 32766
1176 433368048
1188 32766
1200 433368464
1212 32766
1224 -1728442239
1236 32569
1248 628963904
1260 32569
1272 -1728874680
1284 32569
1296 172800
1308 0
1320 21600
1332 0
1344 1124024336
1356 0
1368 433369136
1380 32766
1392 0
1404 0
1416 0
1428 32766
1440 88473600
1452 -1
1464 -248
1476 -1
1488 88473672
1500 0
1512 -1736328064
1524 32569
1536 -1010660656
1548 22008
1560 1
1572 0
1584 433368352
1596 32766
1608 0
1620 0
1632 0
1644 0
1656 0
1668 0
1680 88473600
1692 0
1704 88473600
1716 0
1728 -1010660656
1740 22008
1752 -1729213431
1764 32569
1776 104
1788 0
1800 0
1812 0
1824 -1010660656
1836 22008
1848 -1732867700
1860 32569
1872 1124024336
1884 2
1896 0
1908 0
1920 0
1932 0
1944 0
1956 0
1968 40
1980 0
1992 -1010625336
2004 22008
2016 433368288
2028 32766
2040 -1058769134
2052 22008
2064 40
2076 0
2088 -1010625336
2100 22008
2112 433368320
2124 32766
2136 -1058770835
2148 22008
2160 40
2172 0
2184 -1010625336
2196 22008
2208 433368352
2220 32766
2232 -1058772102
2244 22008
2256 433368384
2268 32766
2280 -1010625352
2292 22008
2304 433368400
2316 32766
2328 -1058774176
2340 22008
2352 -1720359296
2364 32569
2376 -1010625352
2388 22008
2400 433368432
2412 32766
2424 103
2436 0
2448 433368432
2460 32766
2472 -1058774358
2484 22008
2496 39
2508 0
2520 -1010625352
2532 22008
2544 433368528
2556 32766
2568 -1058734814
2580 22008
2592 433368496
2604 32766
2616 39
2628 0
2640 433368519
2652 32766
2664 -1010642393
2676 22008
2688 433368528
2700 32766
2712 -1058773978
2724 22008
2736 39
2748 0
2760 -1010625352
2772 22008
2784 -1010642432
2796 22008
2808 154093568
2820 -1690071992
2832 433368640
2844 32766
2856 -1058614575
2868 22008
2880 433368768
2892 32766
2904 39
2916 0
2928 -1720359296
2940 32569
2952 154093568
2964 -1690071992
2976 36
2988 0
3000 -1010625304
3012 22008
3024 433368624
3036 32766
3048 -1058769134
3060 22008
3072 36
3084 0
3096 -1010625304
3108 22008
3120 433368656
3132 32766
3144 -1058770835
3156 22008
3168 36
3180 0
3192 -1010625304
3204 22008
3216 433368688
3228 32766
3240 -1058772102
3252 22008
3264 433368720
3276 32766
3288 -1058777517
3300 22008
3312 433368736
3324 32766
3336 35
3348 0
3360 433368759
3372 32766
3384 -1010655421
3396 22008
3408 433368768
3420 32766
3432 -1058773978
3444 22008
3456 35
3468 0
3480 154093568
3492 -1690071992
3504 -1010650416
3516 22008
3528 154093568
3540 -1690071992
3552 2
3564 0
3576 -304
3588 -1
3600 2
3612 0
3624 -1010625360
3636 22008
3648 1
3660 0
3672 -1431655765
3684 -1431655766
3696 433370080
3708 32766
3720 -1737857965
3732 32569
3744 -1010655456
3756 22008
3768 -1010625376
3780 22008
3792 -1010625376
3804 22008
3816 -1010640560
3828 22008
3840 -1010640656
3852 22008
3864 -1720524029
3876 32569
3888 16842752
3900 0
3912 433369920
3924 32766
3936 96
3948 0
3960 433368928
3972 32766
3984 1
3996 0
4008 -1010640656
4020 22008
4032 0
4044 0
4056 0
4068 32766
4080 -1010625360
4092 22008
4104 -1010625376
4116 22008
4128 -1010640656
4140 22008
4152 -1010640560
4164 22008
4176 -1010640560
4188 22008
4200 0
4212 0
4224 -1010641104
4236 22008
4248 -1010641008
4260 22008
4272 -1010641008
4284 22008
4296 433369024
4308 32766
4320 23040
4332 0
4344 3
4356 0
4368 1124024336
4380 2
4392 154093568
4404 -1690071992
4416 0
4428 0
4440 -304
4452 -1
4464 2
4476 0
4488 -1010655456
4500 22008
4512 1124024336
4524 2
4536 0
4548 0
4560 0
4572 0
4584 0
4596 0
4608 0
4620 0
4632 0
4644 0
4656 0
4668 0
4680 0
4692 0
4704 433369096
4716 32766
4728 433369168
4740 32766
4752 23040
4764 0
4776 3
4788 0
4800 1124007936
4812 0
4824 0
4836 0
4848 0
4860 0
4872 0
4884 0
4896 0
4908 0
4920 0
4932 0
4944 0
4956 0
4968 0
4980 0
4992 433369192
5004 32766
5016 433369264
5028 32766
5040 0
5052 0
5064 0
5076 0
5088 433369328
5100 32766
5112 154093568
5124 -1690071992
5136 30
5148 0
5160 -304
5172 -1
5184 2
5196 0
5208 -1010650416
5220 22008
5232 0
5244 0
5256 -1058697890
5268 22008
5280 0
5292 0
5304 -1737857965
5316 32569
5328 433369456
5340 32766
5352 -1058734814
5364 22008
5376 433369424
5388 32766
5400 61
5412 0
5424 433369440
5436 32766
5448 -1058770471
5460 22008
5472 433369456
5484 32766
5496 433370032
5508 32766
5520 433369456
5532 32766
5544 -1058769134
5556 22008
5568 433369520
5580 32766
5592 433370032
5604 32766
5616 433369488
5628 32766
5640 -1058770835
5652 22008
5664 -1010650416
5676 22008
5688 433370032
5700 32766
5712 433369520
5724 32766
5736 433369888
5748 32766
5760 433369536
5772 32766
5784 -1058626272
5796 22008
5808 433369552
5820 32766
5832 433369888
5844 32766
5856 433369568
5868 32766
5880 -1058638102
5892 22008
5904 0
5916 0
5928 433369888
5940 32766
5952 433369600
5964 32766
5976 -1058646486
5988 22008
next_line
0 1124024657
12 2
24 0
36 0
48 0
60 0
72 0
84 0
96 0
108 0
120 0
132 0
144 0
156 0
168 0
180 0
192 433367592
204 32766
216 433367664
228 32766
240 7680
252 0
264 1
276 0
288 16
300 16777216
312 -1016165456
324 22008
336 0
348 0
360 0
372 0
384 -924956480
396 22008
408 3840
420 0
432 29491200
444 0
456 -1728241178
468 32569
480 -1010660656
492 22008
504 7680
516 3840
528 104
540 0
552 -1737870152
564 32569
576 -1736328064
588 32569
600 88473680
612 0
624 -248
636 -1
648 -1737866612
660 32569
672 433368848
684 32766
696 433368880
708 32766
720 433368112
732 32766
744 433368016
756 32766
768 433368288
780 32766
792 -1728237736
804 32569
816 433367920
828 32766
840 -1736328064
852 3840
864 88473672
876 0
888 -248
900 -1
912 88473680
924 0
936 154093568
948 -1690071992
960 5529603
972 0
984 1124024336
996 0
1008 433368048
1020 32766
1032 0
1044 0
1056 -1728452295
1068 32569
1080 154093568
1092 -1690071992
1104 1124024336
1116 0
1128 433369136
1140 32766
1152 433368784
1164 32766
1176 433368048
1188 32766
1200 433368464
1212 32766
1224 -1728442239
1236 32569
1248 628963904
1260 32569
1272 -1728874680
1284 32569
1296 172800
1308 0
1320 21600
1332 0
1344 1124024336
1356 0
1368 433369136
1380 32766
1392 0
1404 0
1416 0
1428 32766
1440 88473600
1452 -1
1464 -248
1476 -1
1488 88473672
1500 0
1512 -1736328064
1524 32569
1536 -1010660656
1548 22008
1560 1
1572 0
1584 433368352
1596 32766
1608 0
1620 0
1632 0
1644 0
1656 0
1668 0
1680 88473600
1692 0
1704 88473600
1716 0
1728 -1010660656
1740 22008
1752 -1729213431
1764 32569
1776 104
1788 0
1800 0
1812 0
1824 -1010660656
1836 22008
1848 -1732867700
1860 32569
1872 1124024336
1884 2
1896 0
1908 0
1920 0
1932 0
1944 0
1956 0
1968 40
1980 0
1992 -1010625336
2004 22008
2016 433368288
2028 32766
2040 -1058769134
2052 22008
2064 40
2076 0
2088 -1010625336
2100 22008
2112 433368320
2124 32766
2136 -1058770835
2148 22008
2160 40
2172 0
2184 -1010625336
2196 22008
2208 433368352
2220 32766
2232 -1058772102
2244 22008
2256 433368384
2268 32766
2280 -1010625352
2292 22008
2304 433368400
2316 32766
2328 -1058774176
2340 22008
2352 -1720359296
2364 32569
2376 -1010625352
2388 22008
2400 433368432
2412 32766
2424 103
2436 0
2448 433368432
2460 32766
2472 -1058774358
2484 22008
2496 39
2508 0
2520 -1010625352
2532 22008
2544 433368528
2556 32766
2568 -1058734814
2580 22008
2592 433368496
2604 32766
2616 39
2628 0
2640 433368519
2652 32766
2664 -1010642393
2676 22008
2688 433368528
2700 32766
2712 -1058773978
2724 22008
2736 39
2748 0
2760 -1010625352
2772 22008
2784 -1010642432
2796 22008
2808 154093568
2820 -1690071992
2832 433368640
2844 32766
2856 -1058614575
2868 22008
2880 433368768
2892 32766
2904 39
2916 0
2928 -1720359296
2940 32569
2952 154093568
2964 -1690071992
2976 36
2988 0
3000 -1010625304
3012 22008
3024 433368624
3036 32766
3048 -1058769134
3060 22008
3072 36
3084 0
3096 -1010625304
3108 22008
3120 433368656
3132 32766
3144 -1058770835
3156 22008
3168 36
3180 0
3192 -1010625304
3204 22008
3216 433368688
3228 32766
3240 -1058772102
3252 22008
3264 433368720
3276 32766
3288 -1058777517
3300 22008
3312 433368736
3324 32766
3336 35
3348 0
3360 433368759
3372 32766
3384 -1010655421
3396 22008
3408 433368768
3420 32766
3432 -1058773978
3444 22008
3456 35
3468 0
3480 154093568
3492 -1690071992
3504 -1010650416
3516 22008
3528 154093568
3540 -1690071992
3552 2
3564 0
3576 -304
3588 -1
3600 2
3612 0
3624 -1010625360
3636 22008
3648 1
3660 0
3672 -1431655765
3684 -1431655766
3696 433370080
3708 32766
3720 -1737857965
3732 32569
3744 -1010655456
3756 22008
3768 -1010625376
3780 22008
3792 -1010625376
3804 22008
3816 -1010640560
3828 22008
3840 -1010640656
3852 22008
3864 -1720524029
3876 32569
3888 16842752
3900 0
3912 433369920
3924 32766
3936 96
3948 0
3960 433368928
3972 32766
3984 1
3996 0
4008 -1010640656
4020 22008
4032 0
4044 0
4056 0
4068 32766
4080 -1010625360
4092 22008
4104 -1010625376
4116 22008
4128 -1010640656
4140 22008
4152 -1010640560
4164 22008
4176 -1010640560
4188 22008
4200 0
4212 0
4224 -1010641104
4236 22008
4248 -1010641008
4260 22008
4272 -1010641008
4284 22008
4296 433369024
4308 32766
4320 23040
4332 0
4344 3
4356 0
4368 1124024336
4380 2
4392 154093568
4404 -1690071992
4416 0
4428 0
4440 -304
4452 -1
4464 2
4476 0
4488 -1010655456
4500 22008
4512 1124024336
4524 2
4536 0
4548 0
4560 0
4572 0
4584 0
4596 0
4608 0
4620 0
4632 0
4644 0
4656 0
4668 0
4680 0
4692 0
4704 433369096
4716 32766
4728 433369168
4740 32766
4752 23040
4764 0
4776 3
4788 0
4800 1124007936
4812 0
4824 0
4836 0
4848 0
4860 0
4872 0
4884 0
4896 0
4908 0
4920 0
4932 0
4944 0
4956 0
4968 0
4980 0
4992 433369192
5004 32766
5016 433369264
5028 32766
5040 0
5052 0
5064 0
5076 0
5088 433369328
5100 32766
5112 154093568
5124 -1690071992
5136 30
5148 0
5160 -304
5172 -1
5184 2
5196 0
5208 -1010650416
5220 22008
5232 0
5244 0
5256 -1058697890
5268 22008
5280 0
5292 0
5304 -1737857965
5316 32569
5328 433369456
5340 32766
5352 -1058734814
5364 22008
5376 433369424
5388 32766
5400 61
5412 0
5424 433369440
5436 32766
5448 -1058770471
5460 22008
5472 433369456
5484 32766
5496 433370032
5508 32766
5520 433369456
5532 32766
5544 -1058769134
5556 22008
5568 433369520
5580 32766
5592 433370032
5604 32766
5616 433369488
5628 32766
5640 -1058770835
5652 22008
5664 -1010650416
5676 22008
5688 433370032
5700 32766
5712 433369520
5724 32766
5736 433369888
5748 32766
5760 433369536
5772 32766
5784 -1058626272
5796 22008
5808 433369552
5820 32766
5832 433369888
5844 32766
5856 433369568
5868 32766
5880 -1058638102
5892 22008
5904 0
5916 0
5928 433369888
5940 32766
5952 433369600
5964 32766
5976 -1058646486
5988 22008
