mode:0

default_dir_path: data/20231213/

jsonfile_path: data/20230711-bbox/20240711-bbox.json

corresp_img_file_name: 
202422_1033img.dat

corresp_ply_file_name: 
202422_1033ply.dat

img_file_path: 
img/20231213/PIC_20231213_point1-120-hi.jpg

ply_file_path: 
out-1.ply
mode select
transform_rotate::
Point: corresp_plypoint
-2.99222 -1.09677  2.23066
-2.99336 -1.09364  2.23066
-2.99467 -1.09234  2.22954
-2.98719 -1.08666  2.22492
-2.99562 -1.06551  2.22381
   -2.685 -0.933966   1.98981
 -2.15163 -0.610473   1.56547
 -2.45203 -0.693393   1.78293
-2.26959 -0.33312  1.60561
 -2.18118 -0.318589   1.54177
 -2.10228 -0.219104   1.47946
 -2.42067 -0.249298   1.70267
 -2.1234 0.168234  1.49093
-2.02526 0.162237  1.42212
-2.03534 0.232977  1.43287
-2.07563 0.239056  1.46189
-2.33007 0.781891   1.7203
-2.05774 0.692107   1.5196
-0.002552   1.82738   1.27812
-0.000632   1.81077   1.26697
0.001922  1.83512  1.28449
  -2.995 -1.09483  2.22787
-2.99599 -1.08986  2.22899
-2.99505 -1.06826  2.22326
-2.97293  -1.0347  2.19924
 -2.31599 -0.803341     1.712
 -2.12088 -0.601749   1.54138
 -2.34279 -0.662502   1.70097
 -2.19036 -0.319929   1.54595


img_size:height width
3840 7680
Point: corresp_imgpoint
 0.308457083884421 -0.758688349872322  0.573799804086348
 0.307836280269819 -0.758940451801134  0.573799804086348
 0.307215270612591 -0.759192045751864  0.573799804086348
 0.306594055328395 -0.759443131556114  0.573799804086348
 0.300993933208474 -0.761680009585496  0.573799804086348
 0.296002338005609 -0.763633682288623  0.573799804086348
 0.250533225993824 -0.779735139328475  0.573799804086348
 0.249895222901737 -0.779939845373577  0.573799804086348
0.147273187093564 -0.80564532717181 0.573799804086348
 0.146614020838262 -0.805765545133388  0.573799804086348
 0.112876186980398 -0.811179851354331  0.573799804086348
 0.112212504314985 -0.811271926486938  0.573799804086348
-0.0368397216846158  -0.818166621011068   0.573799804086348
-0.0375090702826236  -0.818136207777777   0.573799804086348
-0.0655935145780859  -0.816364670766541   0.573799804086348
-0.0662613793363405  -0.816310733997118   0.573799804086348
-0.233891897931207 -0.784887485511526  0.573799804086348
-0.234533954157181 -0.784695870498798  0.573799804086348
 -0.818488860022228 -0.0288057433506277   0.573799804086348
 -0.818512152745598 -0.0281361091523883   0.573799804086348
 -0.818534897618037 -0.0274664561219371   0.573799804086348
 0.308012625448424 -0.759375213712259  0.573129572927301
  0.30676968889374 -0.759878181429239  0.573129572927301
  0.30178976283731 -0.761869694687202  0.573129572927301
 0.296171904065585 -0.764071132734601  0.573129572927301
 0.295546700783934 -0.764313182073881  0.573129572927301
  0.25067674490084 -0.780181813555077  0.573129572927301
 0.250038376326267 -0.780386636866812  0.573129572927301
 0.146698009235173 -0.806227130976505  0.573129572927301

get_date
invalid argument:format
invalid argument:ascii
invalid argument:element
invalid argument:vertex
invalid argument:property
invalid argument:float
invalid argument:x
invalid argument:property
invalid argument:float
invalid argument:y
invalid argument:property
invalid argument:float
invalid argument:z
create xi:
Point: corresp_imgpoint
 0.308457083884421 -0.758688349872322  0.573799804086348
 0.307836280269819 -0.758940451801134  0.573799804086348
 0.307215270612591 -0.759192045751864  0.573799804086348
 0.306594055328395 -0.759443131556114  0.573799804086348
 0.300993933208474 -0.761680009585496  0.573799804086348
 0.296002338005609 -0.763633682288623  0.573799804086348
 0.250533225993824 -0.779735139328475  0.573799804086348
 0.249895222901737 -0.779939845373577  0.573799804086348
0.147273187093564 -0.80564532717181 0.573799804086348
 0.146614020838262 -0.805765545133388  0.573799804086348
 0.112876186980398 -0.811179851354331  0.573799804086348
 0.112212504314985 -0.811271926486938  0.573799804086348
-0.0368397216846158  -0.818166621011068   0.573799804086348
-0.0375090702826236  -0.818136207777777   0.573799804086348
-0.0655935145780859  -0.816364670766541   0.573799804086348
-0.0662613793363405  -0.816310733997118   0.573799804086348
-0.233891897931207 -0.784887485511526  0.573799804086348
-0.234533954157181 -0.784695870498798  0.573799804086348
 -0.818488860022228 -0.0288057433506277   0.573799804086348
 -0.818512152745598 -0.0281361091523883   0.573799804086348
 -0.818534897618037 -0.0274664561219371   0.573799804086348
 0.308012625448424 -0.759375213712259  0.573129572927301
  0.30676968889374 -0.759878181429239  0.573129572927301
  0.30178976283731 -0.761869694687202  0.573129572927301
 0.296171904065585 -0.764071132734601  0.573129572927301
 0.295546700783934 -0.764313182073881  0.573129572927301
  0.25067674490084 -0.780181813555077  0.573129572927301
 0.250038376326267 -0.780386636866812  0.573129572927301
 0.146698009235173 -0.806227130976505  0.573129572927301

vector_xi.transpose() :
                    0                     0 1.04459161910381e-309                     0 5.57887768498058e-132  5.26874038591318e-66 6.55921978439777e-314   1.3552949356777e-66      1.27995227098325
-0.921464807908465 -0.336662069554285  0.686678076946674   2.27178199080344  0.830007635707792  -1.69293810821472  -1.71758938155991 -0.627530417740994   1.27995227098325
-0.920008354445408 -0.335583528700958  0.684948734441596   2.27352964365174  0.829295839256591  -1.69264903368561  -1.71834105930327 -0.626784477995682   1.27930961520268
-0.915854696136429 -0.333163496163154  0.682147245581253   2.26860092815311  0.825256473336767  -1.68970021226183   -1.7140490367687 -0.623525295108471    1.2766586601078
 -0.90166344619797 -0.320712045772961  0.669353318608337    2.2817038703145  0.811577667013441  -1.69383162211632  -1.71888616911715 -0.611389429252045   1.27602174232526
-0.794766277545059 -0.276456119617746   0.58898841218694   2.05035643694495  0.713207895712376  -1.51948593735472  -1.54065247397185  -0.53590950782331   1.14175258816906
-0.539054805045091 -0.152943770072127  0.392202249296551   1.67770151783333  0.476007249711272  -1.22065196856455  -1.23460487246631 -0.350289287800005  0.898266379303056
-0.612750583411746 -0.173275598293504  0.445545689768194   1.91243589905137  0.540804829203121  -1.39057814851191  -1.40697433361385 -0.397868767554845   1.02304488469967
-0.334249752695682 -0.049059644084608  0.236463301929297   1.82848457809587  0.268376571387473  -1.29355219376033  -1.30229029735634 -0.191144190737244  0.921298703439082
 -0.319791569972001 -0.0467096142848412   0.226045098907808    1.75751969173404   0.256708039258501    -1.2423051445203   -1.25156065667706  -0.182806305784066    0.88466732394621
 -0.237297350365151 -0.0247316240721531    0.16699580359002    1.70532717790518   0.177732750151139   -1.20010814288468   -1.20628785213465  -0.125721832274535   0.848913858153589
 -0.271629442820155 -0.0279743529007171   0.191060864721996    1.96382161428914   0.202248468729341   -1.38132837107151    -1.3889799717577  -0.143047143559118   0.976991712423703
  0.0782254650251133 -0.00619769373788966  -0.0549254462512443      1.7372950030549   -0.137643443319176    -1.21982916026403    -1.21840650399695   0.0965326362406627     0.85549534190646
 0.0759656196805863  -0.006085359035442 -0.0533423990303247    1.65693853616402  -0.132731963941243   -1.16348786380493   -1.16209379122392  0.0930915588155569   0.816012177387278
  0.133505103961361 -0.0152817802458587  -0.093986979233502    1.66157966899797  -0.190194191901176   -1.16974444580125   -1.16787769324911   0.133682156956625   0.822180525281206
  0.137534106791888 -0.0158401802986282 -0.0968668478380028    1.69435904880644  -0.195143978826415   -1.19335649892305   -1.19099608735575   0.137170285965666   0.838832195595792
 0.544984494612569  -0.18287796996533 -0.402364232011056   1.82884278336584 -0.613696460934092  -1.35024194132548  -1.33699370950748  0.448648902616879  0.987107802969745
 0.482609898827397 -0.162322591409864 -0.356397796737252    1.6147000805602 -0.543093504843311  -1.19242384480997  -1.18073080886064   0.39713086100679  0.871946182289615
 0.00208878357077673    -1.49569017302742    -1.04612698177161 7.35122570308018e-05    -0.05263903928407  -0.0368171966913042 -0.00146433710002836     1.04855028599131    0.733385005598844
 0.000517299680535218     -1.48213725082715     -1.03703034216409  1.77820209843094e-05   -0.0509480223698702   -0.0356476062128014 -0.000362641476182572      1.03901947124544     0.726987137783281
 -0.00157322407322187     -1.50210976131681     -1.05139989064139 -5.27905286663632e-05   -0.0504042429584893    -0.035280388224067   0.00110284322345396      1.05299149647494     0.737040110350874
 -0.92249781321803 -0.337221462719698  0.686212087857781   2.27432876506822  0.831386765228592  -1.69178925737313  -1.71652307091727 -0.627479450327997   1.27685818163755
-0.919078920228756 -0.334336013137731  0.683786568847257   2.27658743278019  0.828160834812471  -1.69376086762396  -1.71709046919446 -0.624630996350548   1.27750008675922
-0.903875429185884 -0.322389932048584  0.670957108125677    2.2818378290729   0.81387492004655  -1.69383441741027  -1.71655172739591 -0.612251397575318   1.27421605430635
  -0.8804983387537 -0.306449069136661  0.651353098297197   2.27152999264068  0.790584401040491  -1.68037579795524  -1.70387410124276 -0.593017169107878   1.26044948196464
-0.684483203548583 -0.237424782154466  0.505975951742095   1.77014168655129  0.614004116000414  -1.30850416771048   -1.3273623596039 -0.460418484244991  0.981197828851539
-0.531655294725294 -0.150844480567336  0.386388121055257   1.65467200473269  0.469473626124954  -1.20255664377752  -1.21553904863005  -0.34488014737943  0.883410461118683
-0.585787407673415 -0.165650924392904   0.42530777697969    1.8282820089852  0.517007707697537  -1.32741425771134  -1.34272223215835 -0.379699488323483  0.974876209662151
 -0.321321451508354 -0.0469329473965997   0.226787787377116     1.7659276586057   0.257935439786182   -1.24638683313313   -1.25536009135704  -0.183360771137058   0.886029663266961

----calc_matrix_M
Matrix_M:
 11.0531806125471  3.01613137930768 -7.42837182561745 -23.6273272526916 -9.12423630750498  17.4249184448941   17.690809762206  6.82370476879515 -13.0494447620887
 3.01613137930768  8.85825807691597  2.44602045816076 -9.12423630750498 -2.43009754786312  6.90275333696133  6.82370476879515 -2.68836746955151 -8.32369303031172
-7.42837182561745  2.44602045816076  9.76345722035526  17.4249184448941  6.90275333696133 -12.7411830803607 -13.0494447620887 -8.32369303031172  7.33301963648379
-23.6273272526916 -9.12423630750498  17.4249184448941  95.9574473801743   20.020942075665 -69.2501641050918 -69.8912384097819 -15.0322737584886  51.0019195004119
-9.12423630750498 -2.43009754786312  6.90275333696133   20.020942075665  9.34049161989622 -14.7860840277878 -15.0322737584886 -6.38939917384219  10.9950246344001
 17.4249184448941  6.90275333696133 -12.7411830803607 -69.2501641050918 -14.7860840277878  51.5332527562518  51.0019195004119  10.9950246344001 -37.3160955939684
  17.690809762206  6.82370476879515 -13.0494447620887 -69.8912384097819 -15.0322737584886  51.0019195004119  52.4814520663907  11.2871096333474 -37.5912650670908
 6.82370476879515 -2.68836746955151 -8.32369303031172 -15.0322737584886 -6.38939917384219  10.9950246344001  11.2871096333474  8.94427394640981   -6.041837290683
-13.0494447620887 -8.32369303031172  7.33301963648379  51.0019195004119  10.9950246344001 -37.3160955939684 -37.5912650670908   -6.041837290683  31.7099354801882

Essential_Matrix:: Matrix M Eigenvalue :
1.00000060195785
1.00000447433484
1.00000479856329
1.00011119004653
1.07776152730662
2.26933407331712
9.46301125167277
19.4266877704491
243.404833471481

Essential_Matrix:: Matrix M EigenVector: 
    0.367844122061136     0.490637421083878     0.332837124363797    -0.168822328728902     0.344229756693381    -0.108298608294765     0.510579412625767    -0.257987799120473     0.164961625297995
   -0.012267081250885 -8.85759899994733e-05  -0.00355890673639954     0.281465489372239    -0.515228299682438    -0.310963308546894     0.592664334756806     0.450642491593549    0.0642337478955552
    0.585505336603465    -0.403744706789961   -0.0608484633289692    -0.163555408429932      0.38830462866686     -0.11868096807081   -0.0272852662890746     0.532606947698714    -0.120168640302009
   0.0115733007411457   -0.0214395054561452  -0.00523022063286898    -0.630475598353814    -0.328352251442518     0.206672156036984     0.240528672020653   -0.0661598246888267    -0.623794698128368
    0.367926723318236     0.509195496827168     0.341807768844572     0.119362298548826    -0.350078221885131    0.0904230565633408    -0.497849142368174     0.275269325912649    -0.141109539649995
    0.147498112583126     0.280899428856897    -0.631274161178991    -0.453885329945267    -0.204562213975293    -0.159226557402971    -0.133078935917794    0.0489094438775858     0.455543549494688
   -0.128664378904071    -0.348794216939305     0.604269705062226    -0.442247987967871    -0.216759585919061     -0.15528396597745    -0.132164452325881     0.030701357894092     0.459951158820887
    0.589838529391931    -0.368732319761992   -0.0706781314030238     0.228437767604334    -0.382157325681791     0.124366712008224    0.0312707876430471    -0.534373125182441     0.104422095247936
 4.35776966849777e-07  -1.6670424899586e-06  1.16548345488387e-06  1.68715590857706e-05  -0.00453736232739276    -0.872734246509042    -0.213190162834405    -0.278664334554903      -0.3394267080566

Essential_Matrix:: min_eigen
1.00000060195785

Essential_Matrix:: min_eigenvector
   0.367844122061136
  -0.012267081250885
   0.585505336603465
  0.0115733007411457
   0.367926723318236
   0.147498112583126
  -0.128664378904071
   0.589838529391931
4.35776966849777e-07

Essential Matrix:
   0.367844122061136   -0.012267081250885    0.585505336603465
  0.0115733007411457    0.367926723318236    0.147498112583126
  -0.128664378904071    0.589838529391931 4.35776966849777e-07


Translation:: E * E.t Eigenvalue :
1.22980422655736e-08
   0.499654392334816
   0.500345595367142

Translation:: E * E.t Eigenvec :
  0.20845176168075   0.68910851598487 -0.694029766111888
-0.827858370057548  0.502166531511652  0.249958584079875
 0.520767109347212  0.522454043746133  0.675161750986726

Translation:: E * E.t min_eigen
1.22980422655736e-08

Translation:: E * E.t min_eigenvector
  0.20845176168075
-0.827858370057548
 0.520767109347212

Translation:: diff scale
  0.20845176168075
-0.827858370057548
 0.520767109347212

-----check sign translation t
img_vec:
 0.307836280269819
-0.758940451801134
 0.573799804086348
ply_vec:
-2.99336
-1.09364
 2.23066
img_point y<0, exclusion 
print_check: 0
img_vec:
 0.307836280269819
-0.758940451801134
 0.573799804086348
ply_vec:
-2.99336
-1.09364
 2.23066
img_point y<0, exclusion 
img_vec:
 0.307215270612591
-0.759192045751864
 0.573799804086348
ply_vec:
-2.99467
-1.09234
 2.22954
img_point y<0, exclusion 
print_check: 0
img_vec:
 0.307215270612591
-0.759192045751864
 0.573799804086348
ply_vec:
-2.99467
-1.09234
 2.22954
img_point y<0, exclusion 
img_vec:
 0.306594055328395
-0.759443131556114
 0.573799804086348
ply_vec:
-2.98719
-1.08666
 2.22492
img_point y<0, exclusion 
print_check: 0
img_vec:
 0.306594055328395
-0.759443131556114
 0.573799804086348
ply_vec:
-2.98719
-1.08666
 2.22492
img_point y<0, exclusion 
img_vec:
 0.300993933208474
-0.761680009585496
 0.573799804086348
ply_vec:
-2.99562
-1.06551
 2.22381
img_point y<0, exclusion 
print_check: 0
img_vec:
 0.300993933208474
-0.761680009585496
 0.573799804086348
ply_vec:
-2.99562
-1.06551
 2.22381
img_point y<0, exclusion 
img_vec:
 0.296002338005609
-0.763633682288623
 0.573799804086348
ply_vec:
   -2.685
-0.933966
  1.98981
img_point y<0, exclusion 
print_check: 0
img_vec:
 0.296002338005609
-0.763633682288623
 0.573799804086348
ply_vec:
   -2.685
-0.933966
  1.98981
img_point y<0, exclusion 
img_vec:
 0.250533225993824
-0.779735139328475
 0.573799804086348
ply_vec:
 -2.15163
-0.610473
  1.56547
img_point y<0, exclusion 
print_check: 0
img_vec:
 0.250533225993824
-0.779735139328475
 0.573799804086348
ply_vec:
 -2.15163
-0.610473
  1.56547
img_point y<0, exclusion 
img_vec:
 0.249895222901737
-0.779939845373577
 0.573799804086348
ply_vec:
 -2.45203
-0.693393
  1.78293
img_point y<0, exclusion 
print_check: 0
img_vec:
 0.249895222901737
-0.779939845373577
 0.573799804086348
ply_vec:
 -2.45203
-0.693393
  1.78293
img_point y<0, exclusion 
img_vec:
0.147273187093564
-0.80564532717181
0.573799804086348
ply_vec:
-2.26959
-0.33312
 1.60561
img_point y<0, exclusion 
print_check: 0
img_vec:
0.147273187093564
-0.80564532717181
0.573799804086348
ply_vec:
-2.26959
-0.33312
 1.60561
img_point y<0, exclusion 
img_vec:
 0.146614020838262
-0.805765545133388
 0.573799804086348
ply_vec:
 -2.18118
-0.318589
  1.54177
img_point y<0, exclusion 
print_check: 0
img_vec:
 0.146614020838262
-0.805765545133388
 0.573799804086348
ply_vec:
 -2.18118
-0.318589
  1.54177
img_point y<0, exclusion 
img_vec:
 0.112876186980398
-0.811179851354331
 0.573799804086348
ply_vec:
 -2.10228
-0.219104
  1.47946
img_point y<0, exclusion 
print_check: 0
img_vec:
 0.112876186980398
-0.811179851354331
 0.573799804086348
ply_vec:
 -2.10228
-0.219104
  1.47946
img_point y<0, exclusion 
img_vec:
 0.112212504314985
-0.811271926486938
 0.573799804086348
ply_vec:
 -2.42067
-0.249298
  1.70267
img_point y<0, exclusion 
print_check: 0
img_vec:
 0.112212504314985
-0.811271926486938
 0.573799804086348
ply_vec:
 -2.42067
-0.249298
  1.70267
img_point y<0, exclusion 
img_vec:
-0.0368397216846158
 -0.818166621011068
  0.573799804086348
ply_vec:
 -2.1234
0.168234
 1.49093
img_point y<0, exclusion 
print_check: 0
img_vec:
-0.0368397216846158
 -0.818166621011068
  0.573799804086348
ply_vec:
 -2.1234
0.168234
 1.49093
img_point y<0, exclusion 
img_vec:
-0.0375090702826236
 -0.818136207777777
  0.573799804086348
ply_vec:
-2.02526
0.162237
 1.42212
img_point y<0, exclusion 
print_check: 0
img_vec:
-0.0375090702826236
 -0.818136207777777
  0.573799804086348
ply_vec:
-2.02526
0.162237
 1.42212
img_point y<0, exclusion 
img_vec:
-0.0655935145780859
 -0.816364670766541
  0.573799804086348
ply_vec:
-2.03534
0.232977
 1.43287
img_point y<0, exclusion 
print_check: 0
img_vec:
-0.0655935145780859
 -0.816364670766541
  0.573799804086348
ply_vec:
-2.03534
0.232977
 1.43287
img_point y<0, exclusion 
img_vec:
-0.0662613793363405
 -0.816310733997118
  0.573799804086348
ply_vec:
-2.07563
0.239056
 1.46189
img_point y<0, exclusion 
print_check: 0
img_vec:
-0.0662613793363405
 -0.816310733997118
  0.573799804086348
ply_vec:
-2.07563
0.239056
 1.46189
img_point y<0, exclusion 
img_vec:
-0.233891897931207
-0.784887485511526
 0.573799804086348
ply_vec:
-2.33007
0.781891
  1.7203
img_point y<0, exclusion 
print_check: 0
img_vec:
-0.233891897931207
-0.784887485511526
 0.573799804086348
ply_vec:
-2.33007
0.781891
  1.7203
img_point y<0, exclusion 
img_vec:
-0.234533954157181
-0.784695870498798
 0.573799804086348
ply_vec:
-2.05774
0.692107
  1.5196
img_point y<0, exclusion 
print_check: 0
img_vec:
-0.234533954157181
-0.784695870498798
 0.573799804086348
ply_vec:
-2.05774
0.692107
  1.5196
img_point y<0, exclusion 
img_vec:
 -0.818488860022228
-0.0288057433506277
  0.573799804086348
ply_vec:
-0.002552
  1.82738
  1.27812
img_point y<0, exclusion 
print_check: 0
img_vec:
 -0.818488860022228
-0.0288057433506277
  0.573799804086348
ply_vec:
-0.002552
  1.82738
  1.27812
img_point y<0, exclusion 
img_vec:
 -0.818512152745598
-0.0281361091523883
  0.573799804086348
ply_vec:
-0.000632
  1.81077
  1.26697
img_point y<0, exclusion 
print_check: 0
img_vec:
 -0.818512152745598
-0.0281361091523883
  0.573799804086348
ply_vec:
-0.000632
  1.81077
  1.26697
img_point y<0, exclusion 
img_vec:
 -0.818534897618037
-0.0274664561219371
  0.573799804086348
ply_vec:
0.001922
 1.83512
 1.28449
img_point y<0, exclusion 
print_check: 0
img_vec:
 -0.818534897618037
-0.0274664561219371
  0.573799804086348
ply_vec:
0.001922
 1.83512
 1.28449
img_point y<0, exclusion 
img_vec:
 0.308012625448424
-0.759375213712259
 0.573129572927301
ply_vec:
  -2.995
-1.09483
 2.22787
img_point y<0, exclusion 
print_check: 0
img_vec:
 0.308012625448424
-0.759375213712259
 0.573129572927301
ply_vec:
  -2.995
-1.09483
 2.22787
img_point y<0, exclusion 
img_vec:
  0.30676968889374
-0.759878181429239
 0.573129572927301
ply_vec:
-2.99599
-1.08986
 2.22899
img_point y<0, exclusion 
print_check: 0
img_vec:
  0.30676968889374
-0.759878181429239
 0.573129572927301
ply_vec:
-2.99599
-1.08986
 2.22899
img_point y<0, exclusion 
img_vec:
  0.30178976283731
-0.761869694687202
 0.573129572927301
ply_vec:
-2.99505
-1.06826
 2.22326
img_point y<0, exclusion 
print_check: 0
img_vec:
  0.30178976283731
-0.761869694687202
 0.573129572927301
ply_vec:
-2.99505
-1.06826
 2.22326
img_point y<0, exclusion 
img_vec:
 0.296171904065585
-0.764071132734601
 0.573129572927301
ply_vec:
-2.97293
 -1.0347
 2.19924
img_point y<0, exclusion 
print_check: 0
img_vec:
 0.296171904065585
-0.764071132734601
 0.573129572927301
ply_vec:
-2.97293
 -1.0347
 2.19924
img_point y<0, exclusion 
img_vec:
 0.295546700783934
-0.764313182073881
 0.573129572927301
ply_vec:
 -2.31599
-0.803341
    1.712
img_point y<0, exclusion 
print_check: 0
img_vec:
 0.295546700783934
-0.764313182073881
 0.573129572927301
ply_vec:
 -2.31599
-0.803341
    1.712
img_point y<0, exclusion 
img_vec:
  0.25067674490084
-0.780181813555077
 0.573129572927301
ply_vec:
 -2.12088
-0.601749
  1.54138
img_point y<0, exclusion 
print_check: 0
img_vec:
  0.25067674490084
-0.780181813555077
 0.573129572927301
ply_vec:
 -2.12088
-0.601749
  1.54138
img_point y<0, exclusion 
img_vec:
 0.250038376326267
-0.780386636866812
 0.573129572927301
ply_vec:
 -2.34279
-0.662502
  1.70097
img_point y<0, exclusion 
print_check: 0
img_vec:
 0.250038376326267
-0.780386636866812
 0.573129572927301
ply_vec:
 -2.34279
-0.662502
  1.70097
img_point y<0, exclusion 
img_vec:
 0.146698009235173
-0.806227130976505
 0.573129572927301
ply_vec:
 -2.19036
-0.319929
  1.54595
img_point y<0, exclusion 
print_check: 0
img_vec:
 0.146698009235173
-0.806227130976505
 0.573129572927301
ply_vec:
 -2.19036
-0.319929
  1.54595
img_point y<0, exclusion 
translation:: check_sign_sam: 
0

translation:: change_sign before
  0.20845176168075
-0.827858370057548
 0.520767109347212
translation:: change_sign after
 -0.20845176168075
 0.827858370057548
-0.520767109347212

translation_t_cross: 
                 0  0.520767109347212  0.827858370057548
-0.520767109347212                  0   0.20845176168075
-0.827858370057548  -0.20845176168075                  0

Matrix_R calc from matrix_E: 
  -0.0319849439217797    -0.999488247230109 -0.000454984839327932
    0.999488251920944   -0.0319851399194506  0.000430228253448517
-0.000444560836695695 -0.000440991175149952     0.999999803946204

calc scale: 
vector_t: 
 -0.20845176168075
 0.827858370057548
-0.520767109347212
matrix_R:
   0.367844122061136   -0.012267081250885    0.585505336603465
  0.0115733007411457    0.367926723318236    0.147498112583126
  -0.128664378904071    0.589838529391931 4.35776966849777e-07
scale_s
-0.0228203178524773

----RESULT
Essential Matrix:
   0.367844122061136   -0.012267081250885    0.585505336603465
  0.0115733007411457    0.367926723318236    0.147498112583126
  -0.128664378904071    0.589838529391931 4.35776966849777e-07

Rotation Matrix:
  -0.0319849439217797    -0.999488247230109 -0.000454984839327932
    0.999488251920944   -0.0319851399194506  0.000430228253448517
-0.000444560836695695 -0.000440991175149952     0.999999803946204

scale
-0.0228203178524773

translation Vector: 
0.00475693545846356
 -0.018891991141547
 0.0118840709624192

