mode:9

default_dir_path: data/20231213/

jsonfile_path: data/20230711-bbox/20240711-bbox.json

corresp_img_file_name: 
img.dat

corresp_ply_file_name: 
ply.dat

img_file_path: 
img/20231213/PIC_20231213_point1-120-hi.jpg

ply_file_path: 
out-1.ply
mode select
invalid argument:format
invalid argument:ascii
invalid argument:element
invalid argument:vertex
invalid argument:property
invalid argument:float
invalid argument:x
invalid argument:property
invalid argument:float
invalid argument:y
invalid argument:property
invalid argument:float
invalid argument:z
Success load image: img/20231213/PIC_20231213_point1-120-hi.jpg
get_date
2024112_2112

LiDAR edge detection
 0.869234
-1.300901
-1.095531
 0.848809
-1.304557
-1.089795
   1.8900001666947
  2.18166120307813
-0.996931866923879
 1.89000004849391
 2.18166124686915
-1.00007354449427
 0.869234
-1.300901
-1.095531
  1.90999982474292
   2.1816616334412
-0.981747841488254
 0.848809
-1.304557
-1.089795
  1.89999969125129
  2.18166153159765
-0.993964844949546
 0.840488
-1.300191
-1.084059
   1.8900001666947
  2.18166120307813
-0.996931866923879
 0.836399
-1.302825
-1.084059
 1.89000004849391
 2.18166124686915
-1.00007354449427
 0.823269
-1.291775
-1.072588
 1.86999987024866
 2.18166165537323
-1.00338947451005
 0.832119
-1.315266
-1.089795
 1.89999995340579
 2.18166143498579
-1.00670612329992
 0.827753
-1.318018
-1.089795
 1.89999989983105
  2.1816614547297
-1.01002210526289
 0.823378
-1.320756
-1.089795
1.90000023274867
2.18166133203952
-1.0133381994565
 0.801752
-1.295616
-1.066852
1.86000007496344
2.18166142413772
-1.0166540148169
 0.793163
-1.291288
-1.061116
 1.84999984026189
 2.18166135671727
-1.01997071292412
 0.785062
-1.286643
-1.055381
 1.84000043707984
 2.18166163559572
-1.02293749895429
 0.793978
-1.309982
-1.072588
 1.86999971191228
 2.18166171466113
-1.02590476748304
 0.781638
-1.298297
-1.061116
 1.85000006181324
 2.18166127286222
-1.02887180281965
 0.786191
-1.314671
-1.072588
1.87000030600693
2.18166149220681
-1.0318387718845
 0.765329
 -1.28896
-1.049645
 1.83000026936228
 2.18166154296409
-1.03497992643123
 0.765435
-1.298415
-1.055381
  1.8400003550573
 2.18166166680919
-1.03812212643498
 0.756763
-1.294008
-1.049645
 1.83000042848574
 2.18166148207917
-1.04161265840229
 0.748356
-1.289425
-1.043909
 1.81999987187967
 2.18166153771189
-1.04492851346546
 0.735899
-1.277703
-1.032438
 1.80000014395944
 2.18166179015554
-1.04824488883576
 0.740014
-1.294231
-1.043909
  1.8200001653401
 2.18166142480904
-1.05138614547049
  0.73976
-1.303802
-1.049645
 1.82999976470736
 2.18166173605875
-1.05470241687683
 0.735888
-1.305992
-1.049645
 1.83000024006365
 2.18166155417454
-1.05766991759235
  0.73201
-1.308169
-1.049645
 1.82999983570655
 2.18166170889253
-1.06063664800387
 0.736083
-1.324656
-1.061116
1.84999969369754
2.18166141219048
-1.0636037979184
 0.716093
-1.298271
-1.038173
 1.80999998674558
 2.18166133419708
-1.06674519538333
 0.724043
-1.321943
-1.055381
 1.84000016746168
 2.18166173819827
-1.06971204246855
 0.711833
-1.309942
-1.043909
 1.82000007239945
 2.18166146056604
-1.07302821363754
 0.699937
-1.297752
-1.032438
 1.80000007814361
 2.18166181575819
-1.07616975952327
 0.699266
-1.307411
-1.038173
 1.80999990044364
  2.1816613675834
-1.07966059780443
 0.691087
-1.302487
-1.032438
 1.80000051405048
 2.18166164618856
-1.08297699288965
 0.694625
-1.319147
-1.043909
 1.81999964244914
 2.18166162598057
-1.08611830430862
 0.701859
-1.343103
-1.061116
 1.84999969998538
 2.18166140981059
-1.08925988329654
  0.67501
 -1.30167
-1.026702
 1.79000007983352
 2.18166165579467
-1.09240151420195
 0.682162
-1.325635
-1.043909
 1.81999976586537
 2.18166157849871
-1.09554288245458
 0.685913
-1.342124
-1.055381
 1.84000068752868
 2.18166154028804
-1.09833571716257
 0.681928
-1.344153
-1.055381
  1.8400005814548
 2.18166158065419
-1.10130260279556
 0.666652
-1.324338
-1.038173
 1.80999978046325
 2.18166141399841
-1.10444431625629
 0.680789
-1.363067
-1.066852
 1.85999959648221
 2.18166160426468
-1.10758576902924
 0.672392
-1.358094
-1.061116
  1.8499993189069
 2.18166155404521
-1.11107659659583
 0.671734
-1.367553
-1.066852
 1.86000025926584
 2.18166135475606
-1.11421820117513
 0.670782
-1.377137
-1.072588
 1.86999995348583
 2.18166162420569
-1.11753445191981
 0.665971
 -1.37947
-1.072588
  1.8699999656377
 2.18166161965551
-1.12102497602293
 0.658096
-1.374168
-1.066852
 1.86000032993115
 2.18166132815372
-1.12416664243982
  0.67135
-1.413224
-1.095531
 1.91000027974789
 2.18166146663602
-1.12730838562024
 0.659727
-1.409648
-1.089795
 1.90000008959421
 2.18166138479625
-1.13306800644666
 0.855628
-1.300095
-1.089795
  1.89999984879842
  2.18166147353677
-0.988728921602575
 0.843026
-1.288769
-1.078324
  1.88000027154599
  2.18166165843907
-0.991521323457998
 0.848126
-1.305002
-1.089795
  1.90000028260656
  2.18166131366539
-0.994488606654377
  0.83991
-1.310305
-1.089795
 1.90000030082892
  2.1816613069499
-1.00077160519766
 0.818193
-1.285296
-1.066852
 1.85999967278734
 2.18166157553918
-1.00391352725519
 0.827055
-1.308776
-1.084059
 1.88999960494229
 2.18166141119616
-1.00722905502991
 0.827063
-1.318451
-1.089795
 1.89999983878815
 2.18166147722585
-1.01054550255534
 0.822686
-1.321187
-1.089795
 1.90000012778684
 2.18166137072111
-1.01386200502341
 0.809915
 -1.30983
-1.078324
 1.87999988965452
 2.18166180067491
-1.01700348370257
 0.784366
-1.277465
-1.049645
 1.83000040278848
 2.18166149191163
-1.02014484131149
 0.789103
-1.293773
-1.061116
 1.84999980691729
 2.18166136933788
-1.02311181900327
 0.797765
-1.317266
-1.078324
  1.8800003614247
 2.18166162496368
-1.02625340375913
 0.785635
-1.305452
-1.066852
 1.86000012565403
 2.18166140505496
-1.02904648281418
 0.773353
-1.293715
-1.055381
 1.84000065733548
 2.18166155177799
-1.03201302927977
 0.769284
-1.296138
-1.055381
 1.84000017469048
 2.18166173544736
-1.03515505713462
 0.765209
-1.298548
-1.055381
 1.84000021118097
 2.18166172156099
-1.03829610720827
 0.748492
-1.279865
-1.038173
 1.80999941166234
 2.18166155667089
-1.04161258689057
 0.752468
 -1.29651
-1.049645
 1.83000024512266
 2.18166155223882
-1.04492850749642
 0.752253
-1.306096
-1.055381
 1.84000010662663
  2.1816617613489
-1.04824436032472
 0.731882
-1.280009
-1.032438
 1.80000070162459
 2.18166157322146
-1.05138623981184
 0.735944
-1.296549
-1.043909
 1.81999969253239
 2.18166160671207
-1.05452783325573
 0.727846
-1.291718
-1.038173
 1.80999954949414
 2.18166150334995
-1.05766934274498
  0.72801
-1.301021
-1.043909
 1.82000005572033
 2.18166146698298
-1.06063676815425
 0.724147
-1.303175
-1.043909
 1.81999998860302
 2.18166149280498
-1.06360348591475
 0.720277
-1.305318
-1.043909
 1.82000001047637
 2.18166148438966
-1.06657072415994
 0.700433
-1.278836
-1.020966
1.77999985268005
 2.1816615840551
-1.0697119299091
 0.700324
-1.288227
-1.026702
 1.78999986181815
 2.18166174107738
-1.07285377253296
  0.69216
-1.283333
-1.020966
 1.78000017630477
 2.18166145674923
-1.07616986450456
  0.69199
-1.292723
-1.026702
 1.78999997531648
 2.18166169667938
-1.07931188820192
 0.683408
-1.288014
-1.020966
 1.77999947522914
 2.18166173253492
-1.08297685126643
 0.702491
-1.333521
-1.055381
 1.84000024937036
 2.18166170702811
-1.08594391314753
  0.68289
-1.306803
-1.032438
 1.80000029354248
  2.1816617319671
-1.08925981129134
 0.679009
-1.308823
-1.032438
 1.79999974757054
 2.18166194435259
-1.09222712339261
 0.686375
 -1.33268
-1.049645
 1.83000034127046
 2.18166151545008
-1.09519428488067
  0.66773
 -1.30542
-1.026702
 1.79000048215189
 2.18166149841684
-1.09798644295988
 0.678455
-1.336729
-1.049645
 1.83000006352213
  2.1816616217241
-1.10112804954998
 0.674252
-1.338854
-1.049645
 1.83000011443852
 2.18166160224211
-1.10426981311147
 0.673704
-1.348293
-1.055381
  1.8400000403875
 2.18166178655605
-1.10741130646737
 0.676742
-1.365081
-1.066852
 1.85999974758842
 2.18166154737988
-1.11055267493781
 0.671973
-1.367435
-1.066852
 1.85999983383279
  2.1816615149127
-1.11404326145745
 0.678199
-1.391747
-1.084059
 1.88999934155835
  2.1816615087747
-1.11735984033243
 0.673824
-1.393871
-1.084059
 1.88999975214231
 2.18166135666148
-1.12050112909649
 0.662357
-1.381209
-1.072588
 1.87000003071497
 2.18166159528781
-1.12364319594719
 0.668571
-1.405475
-1.089795
 1.90000007886605
  2.1816613887499
-1.12678481633877
 0.660901
-1.400044
-1.084059
 1.88999927227975
 2.18166153444105
-1.12975170066063
 0.660219
-1.409417
-1.089795
 1.89999961838812
 2.18166155844994
-1.13271878149518
 0.881113
-1.293117
-1.095258
  1.91000046623607
  2.18148692131252
-0.972671899185412
 0.859813
-1.297559
-1.089524
  1.90000007895421
  2.18148727835131
-0.985587399784463
 0.860465
-1.306947
-1.095258
  1.91000014753874
  2.18148703810379
-0.988554084761674
 0.822552
-1.282732
-1.066586
 1.85999969675374
 2.18148699326425
-1.00059680452382
 0.831492
-1.306186
-1.083789
 1.88999984369867
 2.18148693703292
-1.00391306109962
 0.818456
-1.314394
-1.083789
 1.89000010785529
  2.1814868392045
-1.01386205274836
 0.810014
 -1.30999
-1.078055
 1.87999975088323
 2.18148718832015
-1.01700344712019
 0.797322
-1.298565
-1.066586
 1.85999976513574
 2.18148696753102
-1.02014452876437
 0.793465
-1.300925
-1.066586
 1.85999953151768
 2.18148705544521
-1.02311191723093
 0.797862
-1.317427
-1.078055
 1.88000006765904
 2.18148707038053
-1.02625368427716
 0.785959
-1.305474
-1.066586
 1.85999989509489
 2.18148691862534
-1.02887174851104
 0.790261
   -1.322
-1.078055
 1.87999974232605
 2.18148719150609
-1.03201309664523
  0.77356
-1.303341
-1.060852
 1.84999994642838
 2.18148711934922
-1.03515456097045
 0.761143
-1.291649
-1.049383
  1.8300001328795
  2.1814868283235
-1.03829642551445
 0.740091
-1.266007
-1.026446
 1.78999994504078
 2.18148712794326
-1.04178714832173
 0.764897
-1.317925
-1.066586
 1.85999984452419
 2.18148693765589
-1.04492841093576
 0.740078
-1.284958
-1.037915
 1.81000001521354
 2.18148732285046
-1.04824462649243
 0.743943
-1.301631
-1.049383
 1.82999976177567
  2.1814869702651
-1.05156110994585
 0.743893
-1.311087
-1.055118
 1.83999997579946
 2.18148733060955
-1.05470265493231
 0.740229
-1.313159
-1.055118
 1.83999987109945
 2.18148737043811
-1.05749502630841
   0.7321
-1.308329
-1.049383
 1.82999996254918
 2.18148689347226
-1.06063637497523
 0.708318
 -1.27469
-1.020712
 1.78000055397969
 2.18148711847011
-1.06360377559257
 0.728281
-1.319823
-1.055118
 1.83999998918859
 2.18148732551624
-1.06657065857745
 0.704678
-1.286055
-1.026446
1.78999998257682
2.18148711326546
-1.0695378455311
 0.700634
-1.288262
-1.026446
  1.7899995456748
 2.18148728410826
-1.07267944864008
 0.703911
-1.305122
-1.037915
 1.81000046354414
 2.18148714947589
-1.07617034003531
 0.695941
-1.300104
 -1.03218
 1.79999995519361
 2.18148689657129
-1.07931190189917
 0.691626
-1.302404
 -1.03218
 1.79999951541438
 2.18148706758371
-1.08262773685058
 0.683485
-1.297442
-1.026446
 1.78999968701254
 2.18148722884063
-1.08594378978781
 0.679406
-1.299583
-1.026446
 1.78999996582151
 2.18148711981733
-1.08908519565702
 0.682865
-1.316256
-1.037915
 1.8100005560734
2.18148711369379
-1.0922272388367
 0.678957
-1.318276
-1.037915
 1.81000048819054
 2.18148713994485
-1.09519395860719
 0.682734
-1.334754
-1.049383
 1.82999962731171
 2.18148702169554
-1.09798674780501
 0.682245
-1.344198
-1.055118
 1.84000013509592
 2.18148727001215
-1.10112857062999
 0.681704
-1.353652
-1.060852
1.85000028287133
2.18148699205604
-1.1042700072538
  0.68111
-1.363115
-1.066586
 1.85999973944111
 2.18148697720031
-1.10741138602779
 0.684102
-1.379928
-1.078055
 1.87999984431196
 2.18148715353545
-1.11055292734355
 0.679522
-1.382189
-1.078055
1.87999977745477
2.18148717842722
-1.1138691950299
 0.671105
-1.377188
-1.072321
 1.87000027684757
 2.18148721068345
-1.11735948363763
  0.67034
-1.386666
-1.078055
 1.88000023781408
 2.18148700702969
-1.12050169300091
 0.673065
-1.403539
-1.089524
 1.90000020140052
 2.18148723324288
-1.12364338292918
 0.665378
-1.398132
-1.083789
 1.88999988593359
 2.18148692139153
-1.12660985614455
 0.656825
-1.402171
-1.083789
 1.89000031491717
 2.18148676252072
-1.13271862149796
 0.885279
  -1.2905
-1.094985
  1.91000034242562
  2.18131251101633
-0.969530369415661
 0.880995
-1.293428
-1.094985
  1.91000008676283
   2.1813126046729
-0.972846111952083
 0.864216
-1.304699
-1.094985
  1.91000024227276
  2.18131254770517
-0.985762241583535
  0.85561
-1.300562
-1.089252
  1.89999997564421
  2.18131258488961
-0.988903494776582
 0.842782
-1.289378
-1.077786
  1.87999994367128
  2.18131247388019
-0.991870308913265
 0.852569
-1.312339
-1.094985
   1.9099999217034
  2.18131266513889
-0.994662921286027
 0.839557
-1.301242
-1.083519
  1.89000003232116
  2.18131250277821
-0.997805205629595
 0.826625
-1.290075
-1.072053
 1.87000000830455
    2.18131238732
-1.00094606139928
 0.813547
-1.278982
-1.060587
 1.84999958435185
 2.18131242062497
-1.00426226571562
 0.835549
-1.323241
-1.094985
 1.91000026850967
 2.18131253809385
-1.00757847816558
 0.818329
-1.305034
-1.077786
 1.87999966893428
 2.18131257613022
-1.01072012547712
 0.818327
-1.314697
-1.083519
 1.89000018626957
 2.18131244578575
-1.01403619152098
 0.809656
-1.310433
-1.077786
 1.8800000392609
 2.1813124383042
-1.0173523690114
 0.792681
-1.292018
-1.060587
 1.84999958504158
  2.1813124203641
-1.02049372610493
 0.788844
-1.294365
-1.060587
 1.85000010652162
 2.18131222313549
-1.02346105863843
  0.79796
-1.317588
-1.077786
 1.88000025562232
 2.18131235778009
-1.02625340943319
 0.789594
-1.313066
-1.072053
 1.86999963636387
 2.18131252648697
-1.02939497212388
 0.781493
-1.308369
 -1.06632
 1.85999975580912
 2.18131241912526
-1.03236212177373
 0.773199
 -1.30377
-1.060587
 1.84999937596476
 2.18131249943895
-1.03550381353338
 0.764942
-1.299133
-1.054855
 1.84000051252112
 2.18131266729393
-1.03864568696816
 0.752362
-1.287514
-1.043389
 1.82000040784638
 2.18131258148017
-1.04196181545081
 0.748088
-1.290002
-1.043389
 1.82000039040353
 2.18131258818596
-1.04527817536679
 0.743806
-1.292475
-1.043389
 1.81999988917088
 2.18131278088174
-1.04859413137837
  0.74358
 -1.30205
-1.049122
 1.83000065294633
 2.18131255092012
-1.05190995989274
 0.743527
-1.311507
-1.054855
 1.84000056570725
 2.18131264706911
-1.05505128265727
 0.739632
-1.313707
-1.054855
 1.84000017616793
 2.18131279519729
-1.05801847945354
 0.735501
-1.316024
-1.054855
 1.83999998929402
 2.18131286625893
-1.06116015821904
 0.724096
 -1.30362
-1.043389
 1.82000019970796
 2.18131266149767
-1.06377832752645
 0.720225
-1.305763
-1.043389
 1.82000045827329
 2.18131256209386
-1.06674542739966
 0.716119
-1.308019
-1.043389
1.82000020105576
2.18131266097952
 -1.069887116672
  0.70027
-1.288664
 -1.02619
 1.78999969103238
  2.1813126679832
-1.07302843168511
 0.684328
-1.269343
-1.008991
 1.75999980150965
 2.18131242854571
-1.07634476042764
 0.695346
-1.300627
-1.031923
 1.80000048077049
 2.18131242472407
-1.07983493952339
 0.691256
-1.302805
-1.031923
 1.80000022319165
 2.18131252484887
-1.08297682980851
 0.683116
-1.297839
 -1.02619
  1.7899998478986
 2.18131260666624
-1.08629254836476
 0.694441
-1.328908
-1.049122
  1.8300004770024
 2.18131261819102
-1.08925999312068
 0.671403
-1.294714
-1.020457
 1.77999966827356
 2.18131261248915
-1.09240139922852
  0.67483
-1.311388
-1.031923
 1.79999974815915
  2.1813127095013
-1.09554324347812
 0.685846
-1.342571
-1.054855
 1.84000018934293
  2.1813127901873
-1.09851021904401
 0.678154
-1.337293
-1.049122
 1.83000065203513
 2.18131255126851
-1.10147729796224
 0.677867
-1.346617
-1.054855
1.84000002320734
2.18131285336287
-1.1044442667045
 0.684377
 -1.37085
-1.072053
1.86999979557165
2.18131246691707
-1.1077604961454
 0.676192
-1.365769
 -1.06632
 1.85999971092068
 2.18131243601121
-1.11107653225315
 0.682492
-1.390069
-1.083519
 1.89000015295925
 2.18131245811739
-1.11439308440881
 0.670946
-1.377473
-1.072053
 1.86999947472025
 2.18131258696828
-1.11753425263966
 0.659009
 -1.36505
-1.060587
 1.84999977004053
 2.18131235039576
-1.12102522078521
 0.672413
-1.404063
-1.089252
 1.90000054474782
 2.18131237531352
-1.12416656514583
 0.671761
-1.413452
-1.094985
 1.91000040514394
 2.18131248804082
-1.12713368056347
 0.657079
-1.393206
-1.077786
 1.87999958310447
 2.18131260807387
-1.13010046041375
 0.880424
-1.294048
-1.094712
  1.91000026414239
  2.18113810530697
-0.973370632433789
 0.843418
-1.308728
 -1.08898
  1.90000008976526
   2.1811378327186
-0.998328138840794
 0.839531
-1.311225
 -1.08898
 1.90000019499631
 2.18113779398099
-1.00129541844618
 0.839804
-1.320771
-1.094712
 1.91000030256568
 2.18113809123665
-1.00443722537432
 0.826443
-1.309833
-1.083249
1.88999971326426
2.18113827772105
 -1.007927684397
 0.808821
-1.291874
-1.066054
 1.86000026151423
 2.18113769836207
-1.01141824226046
 0.822295
-1.322101
 -1.08898
 1.89999935832252
 2.18113810197715
-1.01438548703295
 0.809297
-1.310876
-1.077517
 1.88000010821117
 2.18113779134083
-1.01770175775688
 0.788268
-1.285329
-1.054591
 1.83999979764836
 2.18113783796242
-1.02066849307132
 0.801275
-1.315795
-1.077517
  1.8800002640795
 2.18113773335224
-1.02380992622235
 0.775936
-1.283244
 -1.04886
 1.82999976481747
 2.18113816623275
-1.02695187375652
  0.77657
 -1.29243
-1.054591
 1.83999957801109
 2.18113792145174
-1.02974442345388
 0.781131
-1.308802
-1.066054
 1.85999985088198
 2.18113785277463
-1.03271170008535
 0.760306
 -1.28305
-1.043128
1.81999959904391
2.18113787869079
-1.0358527469557
 0.772663
-1.313819
-1.066054
 1.85999989442096
 2.18113783640239
-1.03916936030766
 0.743518
 -1.27391
-1.031665
 1.79999954906911
 2.18113786257109
-1.04248539060379
 0.747729
 -1.29042
-1.043128
 1.81999957643539
 2.18113788737926
-1.04562700966012
 0.739361
-1.285789
-1.037397
  1.8100001592406
 2.18113798165329
-1.04894315365395
 0.735094
-1.288233
-1.037397
 1.80999999633536
 2.18113804460379
-1.05225850781888
 0.735308
-1.297538
-1.043128
 1.81999965403623
 2.18113785755719
-1.05522604620557
