162
6719 1253
6719 1251
6719 1239
6719 1232
6719 1221
6719 1218
6719 1211
6719 1205
6719 1202
6719 1194
6719 1189
6719 1175
6719 1174
3672 2390
3672 2397
3672 2411
3672 2417
3672 2418
3672 2431
3672 2437
3672 2438
3672 2445
3672 2451
3672 2457
3672 2458
3672 2464
3672 2465
3672 2471
3672 2472
3672 2478
3672 2479
3672 2480
3672 2486
3672 2487
3672 2492
3672 2493
3672 2499
3672 2500
3672 2507
3672 2514
3672 2520
3672 2521
3672 2527
3672 2528
3672 2535
3672 2540
3672 2541
3672 2542
3672 2549
3672 2555
3214 1879
3214 1884
3214 1885
3214 1891
3214 1892
3214 1899
3214 1906
3214 1907
3214 1914
3214 1919
3214 1934
3214 1941
3214 1948
3214 1955
3214 1963
3214 1969
3214 1977
3214 1984
3214 1998
3214 2027
3214 2040
3214 2047
3214 2049
3214 2075
3214 2076
3214 2082
3214 2088
3214 2096
3214 2103
3214 2109
3214 2129
3214 2130
3214 2209
3214 2217
3214 2229
3214 2244
3214 2251
3214 2257
3214 2277
3214 2296
3214 2351
3214 2386
3214 2391
3214 2419
3214 2452
5031 1780
5031 1802
5031 1822
5031 1857
3676 2425
3676 2487
6082 1214
6082 1204
3218 2142
6262 2340
6723 1254
6723 1253
6723 1251
6723 1250
6723 1248
6723 1246
6723 1244
6723 1243
6723 1241
6723 1239
6723 1238
6723 1237
6723 1236
6723 1234
6723 1232
6723 1230
6723 1228
6723 1227
6723 1226
6723 1224
6723 1223
6723 1221
6723 1219
6723 1218
6723 1216
6723 1215
6723 1214
6723 1212
6723 1210
6723 1209
6723 1207
6723 1205
6723 1204
6723 1202
6723 1201
6723 1199
6723 1198
6723 1197
6723 1196
6723 1195
6723 1194
6723 1192
6723 1191
6723 1190
6723 1189
6723 1188
6723 1187
6723 1186
6723 1185
6723 1184
6723 1183
6723 1182
6723 1179
6723 1178
6723 1175
6723 1174
6723 1173
