1036
3439 1680
3439 1681
3439 1689
3439 1694
3439 1706
3439 1722
3439 1727
3439 1728
3439 1733
3439 1734
3439 1742
3439 1754
3439 1761
3439 1768
3439 1769
3439 1775
3439 1776
3439 1781
3439 1788
3439 1796
3439 1803
3439 1804
3439 1809
3439 1810
3439 1816
3439 1817
3439 1822
3439 1823
3439 1830
3439 1894
3439 1908
3439 1964
3439 1992
3439 1999
3439 2007
3439 2008
3439 2014
3439 2021
3439 2022
3439 2028
3439 2035
3439 2036
3439 2043
3439 2049
3439 2050
3439 2056
3439 2063
3439 2064
3439 2070
3439 2071
3439 2077
3439 2078
3439 2084
3439 2091
3439 2098
3439 2104
3439 2105
3439 2106
3439 2110
3439 2111
3439 2117
3439 2118
3439 2145
3439 2151
3439 2158
3439 2164
3439 2165
3439 2177
3439 2178
3439 2190
3439 2196
3439 2204
3439 2205
3439 2210
3439 2211
3439 2218
3439 2225
3439 2231
3439 2239
3439 2245
3439 2251
3439 2252
3439 2259
3439 2260
3439 2266
3439 2272
3439 2273
3439 2279
3439 2285
3439 2286
3439 2292
3439 2298
3439 2305
3439 2306
3439 2313
3439 2319
3439 2320
3439 2326
3439 2327
3439 2334
3439 2339
3439 2340
3439 2345
3439 2346
3439 2347
3439 2353
3439 2354
3439 2359
3439 2360
3439 2361
3439 2367
3439 2373
3439 2374
3439 2380
3439 2381
3439 2386
3439 2387
3439 2388
3439 2393
3439 2394
3439 2400
3439 2401
3439 2407
3439 2408
3439 2414
3439 2421
3439 2422
3439 2428
3439 2429
3439 2434
3439 2435
3439 2441
3439 2442
3439 2448
3439 2454
3439 2455
3439 2456
3439 2461
3439 2462
3439 2469
3439 2476
3439 2482
3439 2483
3439 2490
3439 2491
3439 2496
3439 2497
3439 2503
6719 2104
6719 2097
6719 2090
6719 2084
6719 2083
6719 2077
6719 2070
6719 2069
6719 2063
6719 2062
6719 2056
6719 2055
6719 2049
6719 2043
6719 2035
6719 2029
6719 2028
6719 2021
6719 2015
6719 2014
6719 2008
6719 2007
6719 2000
6719 1994
6719 1993
6719 1986
6719 1972
6719 1971
6719 1965
6719 1964
6719 1959
6719 1957
6719 1951
6719 1950
6719 1943
6719 1942
6719 1936
6719 1935
6719 1930
6719 1929
6719 1922
6719 1914
6719 1908
6719 1907
6719 1901
6719 1900
6719 1893
6719 1887
6719 1886
6719 1880
6719 1879
6719 1873
6719 1872
6719 1866
6719 1865
6719 1858
6719 1857
6719 1851
6719 1850
6719 1844
6719 1838
6719 1837
6719 1831
6719 1830
6719 1829
6719 1822
6719 1815
6719 1809
6719 1802
6719 1801
6719 1795
6719 1794
6719 1788
6719 1782
6719 1774
6719 1768
6719 1761
6719 1754
6719 1748
6719 1740
6719 1733
6719 1728
6719 1727
6719 1721
6719 1720
6719 1714
6719 1713
6719 1707
6719 1706
6719 1694
6719 1687
6719 1681
6719 1680
6719 1674
6719 1522
6719 1434
6719 1420
6719 1407
6719 1406
6719 1401
6719 1397
6719 1392
6719 1388
6719 1384
6719 1383
5899 2128
5899 2121
5899 2101
5899 2095
5899 2094
5899 2088
5899 2082
5899 2074
5899 2068
5899 2061
5899 2053
5899 2047
5899 2039
5899 2032
5899 1792
5899 1779
5899 1765
5899 1764
5899 1759
5899 1752
5899 1744
5899 1738
5899 1731
5899 1730
5899 1726
5899 1725
5899 1718
5899 1717
5899 1712
5899 1711
5899 1710
5899 1704
5899 1703
5899 1697
5899 1691
5899 1673
5899 1666
5899 1665
5899 1652
5899 1651
5899 1201
5899 1200
5899 1199
5899 1197
5899 1196
5899 1195
5899 1194
3226 2288
3226 2301
3226 2309
3226 2322
3672 2390
3672 2397
3672 2411
3672 2417
3672 2418
3672 2431
3672 2437
3672 2438
3672 2445
3672 2451
3672 2457
3672 2458
3672 2464
3672 2465
3672 2471
3672 2472
3672 2478
3672 2479
3672 2480
3672 2486
3672 2487
3672 2492
3672 2493
3672 2499
3672 2500
3672 2507
3672 2514
3672 2520
3672 2521
3672 2527
3672 2528
3672 2535
3672 2540
3672 2541
3672 2542
3672 2549
3672 2555
3219 2310
3219 2317
3165 1805
3165 1807
3165 1813
3165 1814
3165 1819
3165 1820
3165 1826
3165 1827
3165 1828
3165 1834
3165 1835
3165 1841
3165 1842
3165 1848
3165 1849
3165 1850
3165 1855
3165 1856
3165 1861
3165 1862
3165 1869
3165 1870
3165 1877
3165 1883
3165 1890
3165 1897
3165 1898
3165 1905
3165 1911
3165 1912
3165 1919
3165 1926
3165 1927
3165 1933
3165 1934
3165 1940
3165 1941
3165 1947
3165 1948
3165 1953
3165 1954
3165 1955
3165 1961
3165 1962
3165 1963
3165 1968
3165 1969
3165 1970
3165 1975
3165 1976
3165 1982
3165 1983
3165 1989
3165 1990
3165 1991
3165 1996
3165 1997
3165 1998
3165 2003
3165 2004
3165 2010
3165 2011
3165 2017
3165 2018
3165 2019
3165 2025
3165 2026
3165 2038
3165 2039
3165 2045
3165 2046
3165 2047
3165 2053
3165 2054
3165 2059
3165 2061
3165 2066
3165 2067
3165 2073
3165 2074
3165 2081
3165 2082
3165 2087
3165 2093
3165 2094
3165 2095
3165 2100
3165 2101
3165 2107
3165 2108
3165 2114
3165 2115
3165 2120
3165 2121
3165 2127
3165 2135
3165 2136
3165 2141
3165 2142
3165 2147
3165 2148
3165 2154
3165 2155
3165 2160
3165 2161
3165 2162
3165 2168
3165 2169
3165 2174
3165 2180
3165 2181
3165 2186
3165 2187
3165 2193
3165 2195
3165 2201
3165 2207
3165 2208
3165 2214
3165 2215
3165 2222
3165 2223
3165 2228
3165 2229
3165 2235
3165 2249
3165 2250
3165 2256
3165 2262
3165 2263
3165 2269
3165 2282
3165 2323
3165 2336
3165 2357
3165 2363
3165 2370
3165 2385
3165 2390
3165 2404
3165 2405
3165 2410
3165 2424
3165 2432
3165 2445
3165 2451
3165 2466
6396 1204
6396 1202
6396 1201
6396 1200
6396 1199
6396 1198
6396 1197
6396 1195
6396 1192
3214 1871
3214 1872
3214 1877
3214 1878
3214 1893
3214 1900
3214 1912
3214 1913
3214 1920
3214 1921
3214 1927
3214 1928
3214 1929
3214 1935
3214 1936
3214 1942
3214 1949
3214 1956
3214 1957
3214 1962
3214 1970
3214 1976
3214 1978
3214 1983
3214 1985
3214 1991
3214 1992
3214 1999
3214 2005
3214 2006
3214 2012
3214 2013
3214 2020
3214 2021
3214 2026
3214 2033
3214 2041
3214 2048
3214 2054
3214 2055
3214 2060
3214 2061
3214 2067
3214 2068
3214 2069
3214 2074
3214 2081
3214 2083
3214 2089
3214 2095
3214 2101
3214 2102
3214 2115
3214 2116
3214 2122
3214 2136
3214 2137
3214 2142
3214 2143
3214 2149
3214 2150
3214 2155
3214 2156
3214 2157
3214 2162
3214 2163
3214 2168
3214 2169
3214 2175
3214 2176
3214 2181
3214 2182
3214 2188
3214 2189
3214 2194
3214 2196
3214 2202
3214 2208
3214 2216
3214 2223
3214 2230
3214 2236
3214 2237
3214 2243
3214 2249
3214 2250
3214 2258
3214 2263
3214 2264
3214 2271
3214 2272
3214 2283
3214 2284
3214 2290
3214 2291
3214 2297
3214 2298
3214 2303
3214 2304
3214 2310
3214 2311
3214 2312
3214 2318
3214 2319
3214 2324
3214 2330
3214 2331
3214 2338
3214 2339
3214 2344
3214 2345
3214 2357
3214 2358
3214 2359
3214 2365
3214 2366
3214 2367
3214 2371
3214 2372
3214 2373
3214 2378
3214 2379
3214 2385
3214 2392
3214 2398
3214 2399
3214 2405
3214 2406
3214 2407
3214 2411
3214 2412
3214 2413
3214 2420
3214 2426
3214 2427
3214 2432
3214 2433
3214 2439
3214 2440
3214 2446
3214 2447
3214 2448
3214 2453
3214 2454
3214 2460
3214 2462
3214 2466
3214 2467
3214 2468
3214 2474
3214 2475
3214 2480
3214 2481
3214 2482
3214 2488
3214 2489
3227 2246
3227 2247
3227 2253
3227 2261
3227 2267
3227 2315
3227 2329
3227 2347
3227 2367
3227 2375
5031 1766
5031 1767
5031 1773
5031 1774
5031 1781
5031 1787
5031 1788
5031 1795
5031 1796
5031 1801
5031 1809
5031 1815
5031 1829
5031 1830
5031 1836
5031 1843
5031 1851
5031 1864
5031 1892
3676 2431
3676 2438
3676 2445
3676 2451
6082 2304
6082 2296
6082 2284
6082 2277
6082 2264
6082 2251
6082 2250
6082 2245
6082 2244
6082 2218
6082 2212
6082 2211
6082 2158
6082 2143
6082 2110
6082 2104
6082 2097
6082 2096
6082 2083
6082 2082
6082 2076
6082 2070
6082 2069
6082 2062
6082 2054
6082 2048
6082 2042
6082 2020
6082 2014
6082 2013
6082 2005
6082 1991
6082 1780
6082 1767
6082 1766
6082 1760
6082 1753
6082 1748
6082 1391
5558 2156
5558 2157
5558 2163
5558 2170
5558 2182
5558 2188
5558 2202
5558 2203
5558 2209
5558 2217
5558 2223
5558 2224
5558 2229
5558 2230
5558 2231
5558 2244
5558 2250
5558 2257
5558 2264
5558 2271
3899 1751
6258 2291
6258 2251
6258 2244
6258 2238
6258 2233
6258 2225
6258 2218
6258 2217
6258 2211
6258 2210
6258 2204
6258 2196
6258 2190
6258 2189
6258 2184
6258 2177
6258 2170
6258 2164
6258 2163
6258 2158
6258 2157
6258 2151
6258 2144
6258 2138
6258 2137
6258 2117
6258 2116
6258 2103
6258 2097
6258 2083
6258 2082
6258 2076
6258 2069
6258 2055
6258 1774
6258 1753
6258 1747
6258 1727
6258 1720
6258 1714
6258 1707
6258 1694
6258 1688
5033 2261
5033 2286
5033 2287
5033 2308
5033 2314
5033 2328
5033 2334
5033 2348
5033 2394
3162 2261
3162 2274
3162 2282
3162 2288
3162 2294
3162 2295
3162 2301
3162 2302
3162 2307
3162 2328
3162 2341
3162 2348
3162 2354
3162 2355
3162 2375
3162 2376
3162 2382
3162 2389
3162 2395
3162 2416
3162 2417
3218 2256
3218 2283
3218 2311
3218 2318
3218 2325
3218 2351
3218 2365
3218 2366
3218 2399
3218 2405
3218 2406
6262 1901
6262 1204
6262 1201
6262 1199
6262 1198
6262 1197
6262 1196
6262 1195
6262 1193
6723 1254
6723 1253
6723 1251
6723 1250
6723 1248
6723 1246
6723 1244
6723 1243
6723 1241
6723 1239
6723 1238
6723 1237
6723 1236
6723 1234
6723 1232
6723 1230
6723 1228
6723 1227
6723 1226
6723 1224
6723 1223
6723 1221
6723 1219
6723 1218
6723 1216
6723 1215
6723 1214
6723 1212
6723 1210
6723 1209
6723 1207
6723 1205
6723 1204
6723 1202
6723 1201
6723 1199
6723 1198
6723 1197
6723 1196
6723 1195
6723 1194
6723 1192
6723 1191
6723 1190
6723 1189
6723 1188
6723 1187
6723 1186
6723 1185
6723 1184
6723 1183
6723 1182
6723 1179
6723 1178
6723 1175
6723 1174
6723 1173
6086 1243
6086 1240
6086 1239
6086 1238
6086 1236
6086 1234
6086 1232
6086 1231
6086 1230
6086 1229
6086 1227
6086 1225
6086 1223
5562 2317
5562 2318
3231 2139
3231 2146
3231 2152
3231 2158
3231 2159
3231 2165
3231 2166
3231 2172
3231 2173
3231 2179
3231 2185
3231 2191
3231 2192
3231 2198
3231 2199
3231 2206
3231 2212
3231 2213
3231 2218
3231 2219
3231 2225
3231 2226
3231 2233
3231 2234
3231 2239
3231 2240
3231 2247
3231 2254
3231 2261
3231 2266
3231 2273
3231 2274
3231 2280
3231 2281
3231 2287
3231 2292
3231 2293
3231 2300
3231 2301
3231 2307
3231 2308
3231 2314
3231 2320
3231 2321
3231 2327
3231 2328
3231 2334
3231 2341
3231 2347
3231 2348
3231 2349
3231 2354
3231 2355
3231 2361
3231 2362
3231 2367
3231 2368
3231 2369
3231 2375
3231 2381
3231 2382
3231 2388
3231 2395
3231 2402
3231 2409
3231 2416
3231 2417
3231 2422
3231 2423
3231 2429
3231 2430
3231 2436
3231 2437
3231 2442
3231 2443
3231 2449
3231 2450
3231 2456
3161 2269
3161 2276
3161 2296
3161 2316
3161 2317
3161 2356
3161 2384
3161 2390
3161 2391
5528 1744
5528 1764
5528 1771
5528 1778
5528 1779
5528 1790
5528 1798
5528 1799
5528 1806
5528 1812
5528 1819
5528 1847
5528 1911
5528 1918
5870 1310
5870 1308
5870 1307
5870 1305
5870 1304
5870 1301
5870 1300
5870 1298
5870 1297
5870 1292
5870 1279
6058 1222
6058 1182
6058 1181
6058 1180
6058 1179
6058 1178
6058 1177
6058 1176
6058 1175
6058 1174
6058 1173
