437
6719 2104
6719 2097
6719 2090
6719 2084
6719 2083
6719 2077
6719 2070
6719 2069
6719 2063
6719 2062
6719 2056
6719 2055
6719 2049
6719 2043
6719 2035
6719 2029
6719 2028
6719 2021
6719 2015
6719 2014
6719 2008
6719 2007
6719 2000
6719 1994
6719 1993
6719 1986
6719 1972
6719 1971
6719 1965
6719 1964
6719 1959
6719 1957
6719 1951
6719 1950
6719 1943
6719 1942
6719 1936
6719 1935
6719 1930
6719 1929
6719 1922
6719 1914
6719 1908
6719 1907
6719 1901
6719 1900
6719 1893
6719 1887
6719 1886
6719 1880
6719 1879
6719 1873
6719 1872
6719 1866
6719 1865
6719 1858
6719 1857
6719 1851
6719 1850
6719 1844
6719 1838
6719 1837
6719 1831
6719 1830
6719 1829
6719 1822
6719 1815
6719 1809
6719 1802
6719 1801
6719 1795
6719 1794
6719 1788
6719 1782
6719 1774
6719 1768
6719 1761
6719 1754
6719 1748
6719 1740
6719 1733
6719 1728
6719 1727
6719 1721
6719 1720
6719 1714
6719 1713
6719 1707
6719 1706
6719 1694
6719 1687
6719 1681
6719 1680
6719 1674
6719 1522
6719 1434
6719 1420
6719 1407
6719 1406
6719 1401
6719 1397
6719 1392
6719 1388
6719 1384
6719 1383
3672 2390
3672 2397
3672 2411
3672 2417
3672 2418
3672 2431
3672 2437
3672 2438
3672 2445
3672 2451
3672 2457
3672 2458
3672 2464
3672 2465
3672 2471
3672 2472
3672 2478
3672 2479
3672 2480
3672 2486
3672 2487
3672 2492
3672 2493
3672 2499
3672 2500
3672 2507
3672 2514
3672 2520
3672 2521
3672 2527
3672 2528
3672 2535
3672 2540
3672 2541
3672 2542
3672 2549
3672 2555
3214 1871
3214 1872
3214 1877
3214 1878
3214 1893
3214 1900
3214 1912
3214 1913
3214 1920
3214 1921
3214 1927
3214 1928
3214 1929
3214 1935
3214 1936
3214 1942
3214 1949
3214 1956
3214 1957
3214 1962
3214 1970
3214 1976
3214 1978
3214 1983
3214 1985
3214 1991
3214 1992
3214 1999
3214 2005
3214 2006
3214 2012
3214 2013
3214 2020
3214 2021
3214 2026
3214 2033
3214 2041
3214 2048
3214 2054
3214 2055
3214 2060
3214 2061
3214 2067
3214 2068
3214 2069
3214 2074
3214 2081
3214 2083
3214 2089
3214 2095
3214 2101
3214 2102
3214 2115
3214 2116
3214 2122
3214 2136
3214 2137
3214 2142
3214 2143
3214 2149
3214 2150
3214 2155
3214 2156
3214 2157
3214 2162
3214 2163
3214 2168
3214 2169
3214 2175
3214 2176
3214 2181
3214 2182
3214 2188
3214 2189
3214 2194
3214 2196
3214 2202
3214 2208
3214 2216
3214 2223
3214 2230
3214 2236
3214 2237
3214 2243
3214 2249
3214 2250
3214 2258
3214 2263
3214 2264
3214 2271
3214 2272
3214 2283
3214 2284
3214 2290
3214 2291
3214 2297
3214 2298
3214 2303
3214 2304
3214 2310
3214 2311
3214 2312
3214 2318
3214 2319
3214 2324
3214 2330
3214 2331
3214 2338
3214 2339
3214 2344
3214 2345
3214 2357
3214 2358
3214 2359
3214 2365
3214 2366
3214 2367
3214 2371
3214 2372
3214 2373
3214 2378
3214 2379
3214 2385
3214 2392
3214 2398
3214 2399
3214 2405
3214 2406
3214 2407
3214 2411
3214 2412
3214 2413
3214 2420
3214 2426
3214 2427
3214 2432
3214 2433
3214 2439
3214 2440
3214 2446
3214 2447
3214 2448
3214 2453
3214 2454
3214 2460
3214 2462
3214 2466
3214 2467
3214 2468
3214 2474
3214 2475
3214 2480
3214 2481
3214 2482
3214 2488
3214 2489
5031 1766
5031 1767
5031 1773
5031 1774
5031 1781
5031 1787
5031 1788
5031 1795
5031 1796
5031 1801
5031 1809
5031 1815
5031 1829
5031 1830
5031 1836
5031 1843
5031 1851
5031 1864
5031 1892
3676 2431
3676 2438
3676 2445
3676 2451
6082 2304
6082 2296
6082 2284
6082 2277
6082 2264
6082 2251
6082 2250
6082 2245
6082 2244
6082 2218
6082 2212
6082 2211
6082 2158
6082 2143
6082 2110
6082 2104
6082 2097
6082 2096
6082 2083
6082 2082
6082 2076
6082 2070
6082 2069
6082 2062
6082 2054
6082 2048
6082 2042
6082 2020
6082 2014
6082 2013
6082 2005
6082 1991
6082 1780
6082 1767
6082 1766
6082 1760
6082 1753
6082 1748
6082 1391
3218 2256
3218 2283
3218 2311
3218 2318
3218 2325
3218 2351
3218 2365
3218 2366
3218 2399
3218 2405
3218 2406
6262 1901
6262 1204
6262 1201
6262 1199
6262 1198
6262 1197
6262 1196
6262 1195
6262 1193
6723 1254
6723 1253
6723 1251
6723 1250
6723 1248
6723 1246
6723 1244
6723 1243
6723 1241
6723 1239
6723 1238
6723 1237
6723 1236
6723 1234
6723 1232
6723 1230
6723 1228
6723 1227
6723 1226
6723 1224
6723 1223
6723 1221
6723 1219
6723 1218
6723 1216
6723 1215
6723 1214
6723 1212
6723 1210
6723 1209
6723 1207
6723 1205
6723 1204
6723 1202
6723 1201
6723 1199
6723 1198
6723 1197
6723 1196
6723 1195
6723 1194
6723 1192
6723 1191
6723 1190
6723 1189
6723 1188
6723 1187
6723 1186
6723 1185
6723 1184
6723 1183
6723 1182
6723 1179
6723 1178
6723 1175
6723 1174
6723 1173
