104
6719 2104
6719 2097
6719 2090
6719 2084
6719 2083
6719 2077
6719 2070
6719 2069
6719 2063
6719 2062
6719 2056
6719 2055
6719 2049
6719 2043
6719 2035
6719 2029
6719 2028
6719 2021
6719 2015
6719 2014
6719 2008
6719 2007
6719 2000
6719 1994
6719 1993
6719 1986
6719 1972
6719 1971
6719 1965
6719 1964
6719 1959
6719 1957
6719 1951
6719 1950
6719 1943
6719 1942
6719 1936
6719 1935
6719 1930
6719 1929
6719 1922
6719 1914
6719 1908
6719 1907
6719 1901
6719 1900
6719 1893
6719 1887
6719 1886
6719 1880
6719 1879
6719 1873
6719 1872
6719 1866
6719 1865
6719 1858
6719 1857
6719 1851
6719 1850
6719 1844
6719 1838
6719 1837
6719 1831
6719 1830
6719 1829
6719 1822
6719 1815
6719 1809
6719 1802
6719 1801
6719 1795
6719 1794
6719 1788
6719 1782
6719 1774
6719 1768
6719 1761
6719 1754
6719 1748
6719 1740
6719 1733
6719 1728
6719 1727
6719 1721
6719 1720
6719 1714
6719 1713
6719 1707
6719 1706
6719 1694
6719 1687
6719 1681
6719 1680
6719 1674
6719 1522
6719 1434
6719 1420
6719 1407
6719 1406
6719 1401
6719 1397
6719 1392
6719 1388
6719 1384
6719 1383
