# ガウスノイズ付加データ No.0 (ガウスノイズの分散: 0.5)
point
# データ数
1331
# データ (ここから)
-100.899 -100.889 -99.7324
-98.3361 -100.105 -79.6988
-99.2542 -99.2391 -59.1821
-99.9548 -100.006 -39.5955
-100.282 -101.559 -19.8452
-98.9198 -100.695 0.16282
-98.9182 -99.3336 20.2083
-99.8621 -100.076 39.5637
-99.8471 -100.175 60.3355
-100.907 -100.031 81.0449
-99.8787 -99.136 98.9529
-100.631 -79.6596 -99.1582
-99.1356 -80.3021 -80.9362
-99.7886 -79.6964 -58.5844
-100.383 -80.7904 -41.1449
-99.7939 -79.7319 -19.5531
-99.5388 -79.5621 -0.0579828
-100.166 -79.3655 20.1645
-100.156 -80.1862 39.5675
-99.2813 -81.0179 60.5889
-100.959 -81.2718 79.6145
-101.201 -79.87 99.0411
-100.073 -58.9596 -100.117
-99.0044 -59.9877 -79.2402
-98.7299 -58.5998 -59.3166
-99.6083 -60.8181 -40.2731
-100.317 -60.8727 -20.1013
-100.593 -60.5755 -0.051843
-100.133 -60.329 19.7424
-100.466 -60.7744 40.0088
-100.12 -60.009 60.1105
-99.5451 -59.5932 81.5596
-100.27 -58.6747 100.583
-100.704 -41.1897 -100.348
-100.516 -39.2183 -79.2958
-100.917 -40.4144 -60.4213
-99.5945 -40.3708 -40.0126
-100.041 -40.5252 -19.1232
-99.4476 -39.9215 -0.422217
-99.7879 -40.2375 19.7928
-99.0547 -40.4354 40.4479
-99.8824 -40.1562 59.6834
-99.4897 -39.3329 81.4544
-99.3463 -40.1577 99.7316
-99.1106 -19.4342 -99.419
-99.8462 -21.1188 -81.1031
-100.52 -20.1408 -58.5714
-100.164 -20.8711 -39.9773
-99.7553 -21.5594 -18.6628
-100.288 -21.0631 -0.6655
-98.5433 -20.2538 20.7931
-99.7092 -20.6093 38.6915
-99.9822 -19.8031 60.0199
-100.785 -19.6002 80.4553
-99.1645 -21.4797 99.9424
-99.6203 0.00546618 -100.621
-100.229 0.867757 -79.9336
-99.2079 -0.318951 -60.6366
-100.188 1.4497 -40.1837
-99.671 -0.829903 -19.9858
-99.433 -1.25421 0.049163
-101.391 0.48579 20.2016
-100.393 -1.55851 38.8324
-98.945 -1.58319 60.3994
-99.8805 -0.107416 81.2804
-99.6678 -0.136638 99.7056
-99.0748 20.794 -99.4919
-99.9055 19.5573 -80.7198
-99.606 20.3178 -60.3957
-99.6032 19.4435 -39.6595
-100.306 19.7614 -20.5097
-100.081 19.0054 1.85559
-100.868 19.1337 20.1873
-100.381 19.3347 39.4479
-99.839 19.9739 60.819
-100.044 20.9234 80.0052
-99.5029 19.7987 100.169
-100.413 39.0398 -100.458
-99.9861 38.8625 -79.997
-100.741 39.6932 -60.7234
-100.403 40.1968 -40.4768
-99.9197 38.6487 -20.2881
-100.181 39.1623 -0.438147
-100.375 41.134 17.6566
-100.273 41.266 41.4504
-99.9789 39.0197 59.6372
-100.5 40.6447 80.7861
-100.063 40.4869 99.7931
-98.4783 60.5983 -101.123
-99.9013 59.7384 -80.5739
-99.9596 59.3667 -60.8887
-98.1291 59.6421 -39.1298
-101.57 59.0615 -19.7902
-100.551 61.1196 -0.286253
-99.8043 61.5108 19.321
-100.158 59.5622 40.391
-100.241 60.0523 60.6234
-99.6414 60.8482 80.9245
-100.64 61.2956 99.9091
-99.062 80.8794 -100.46
-100.506 79.6157 -78.696
-99.3255 80.3292 -58.75
-101.67 79.6552 -39.9894
-99.6044 79.2683 -19.7019
-99.4127 79.5202 1.6624
-98.9672 80.3394 17.9748
-99.1772 80.2572 40.4784
-100.106 79.3485 60.512
-100.945 79.4744 80.0984
-100.407 79.8484 100.328
-99.6715 100.037 -100.028
-101.298 99.284 -79.3597
-100.695 100.145 -59.481
-100.786 99.0297 -40.2651
-99.2251 99.8404 -19.7936
-100.248 100.763 -0.192864
-98.878 100.6 19.5558
-99.8617 100.525 40.0764
-100.309 100.599 59.8575
-99.8734 100.06 80.5704
-101.046 100.211 101.99
-79.9855 -100.109 -99.9481
-80.663 -100.57 -78.8787
-79.6685 -98.6738 -60.9947
-79.8379 -98.8172 -39.8422
-80.4416 -101.691 -20.8844
-79.6877 -99.2406 0.487748
-79.7765 -98.8018 20.4753
-80.5869 -100.264 39.7399
-80.2808 -99.7988 60.6556
-79.9106 -101.122 80.3485
-80.2159 -100.312 100.827
-79.0839 -79.7098 -101.24
-79.5618 -79.9038 -79.7386
-79.4217 -79.5803 -59.9327
-80.6146 -79.4983 -40.5326
-80.4543 -79.7719 -18.5055
-79.8191 -79.971 0.996819
-80.4084 -80.2144 19.1226
-79.4942 -79.6838 39.5657
-80.0846 -81.4321 60.4669
-79.7834 -79.5882 79.4813
-80.5284 -80.0006 100.738
-79.6612 -60.5952 -99.3674
-79.8469 -59.2771 -79.5223
-79.0265 -60.5618 -60.3166
-79.23 -60.194 -39.955
-79.5435 -59.3825 -19.4309
-80.209 -61.7425 1.44986
-80.1024 -59.5121 20.5333
-79.6014 -59.4943 39.6818
-80.58 -59.4272 59.3437
-81.2568 -59.8822 80.2484
-78.3976 -60.2139 100.278
-80.1796 -39.8054 -100.954
-81.2886 -39.9566 -79.688
-79.3778 -41.7705 -60.2317
-79.711 -38.7125 -41.1009
-78.8162 -39.792 -20.199
-79.3267 -39.7002 -1.55415
-79.6664 -40.6962 20.4875
-80.1215 -39.6503 41.0372
-80.1914 -40.6984 60.7898
-80.7358 -40.6955 80.2105
-79.8698 -39.9147 98.8734
-82.1313 -21.3613 -99.9235
-80.8581 -19.5572 -80.4946
-78.6234 -19.0242 -60.1286
-79.4193 -19.5603 -39.6451
-79.5703 -20.2194 -19.9203
-79.5573 -19.8095 1.16167
-80.2627 -19.7608 18.7293
-81.1377 -19.4689 40.6054
-79.3686 -19.4418 59.1142
-79.8311 -19.7664 81.4075
-78.6697 -19.8829 100.074
-80.7446 0.718362 -99.8894
-79.5602 0.934703 -79.9113
-80.6321 -1.84088 -60.6038
-80.2612 0.963029 -39.904
-80.3116 -0.611058 -19.1582
-81.154 -1.04167 0.893846
-80.5441 0.563496 20.4013
-80.6216 1.20887 40.9173
-79.8709 -0.912171 60.4733
-80.6521 1.98308 80.1545
-81.2774 -0.207195 100.75
-78.5606 20.2207 -101.033
-79.9818 20.1383 -80.2444
-80.83 20.592 -61.1189
-79.4557 19.6495 -39.9301
-79.5948 21.2256 -20.1491
-79.9106 19.5918 -0.228491
-80.112 19.7115 18.922
-79.5137 18.8913 39.7597
-80.1525 20.3482 59.67
-81.3197 20.1888 79.7497
-80.4507 19.9417 98.3753
-80.4469 39.323 -100.497
-79.7338 38.9039 -80.572
-79.3597 41.0793 -60.9671
-80.1777 39.1804 -38.9698
-78.6658 40.1876 -18.8908
-81.6895 39.6645 -1.30621
-79.3535 40.2646 20.7174
-79.6583 39.851 40.0611
-81.6563 39.9941 60.3963
-80.5415 39.9342 79.9479
-80.2753 40.0127 99.8921
-80.8962 59.7871 -100.458
-81.0856 58.8218 -80.3938
-79.8035 59.9941 -60.4874
-80.2203 60.2203 -40.6728
-79.67 60.3371 -20.4001
-80.6221 59.8887 0.466162
-80.1838 58.8614 21.2382
-81.0635 59.5712 40.8399
-79.2151 60.3777 61.3796
-79.8647 59.9704 80.2435
-79.1898 60.2999 100.781
-80.5339 79.8826 -99.6179
-78.8683 80.2386 -79.8849
-79.0054 79.6461 -60.9834
-79.7456 80.8889 -41.016
-78.5793 79.1998 -20.8892
-79.5067 79.3168 -0.607645
-79.8521 79.296 19.4868
-78.9536 80.2295 39.444
-80.4333 80.1807 60.3243
-80.1798 79.7511 79.1984
-79.5956 79.3808 101.08
-78.9015 98.772 -100.809
-79.5181 98.928 -80.4686
-80.9147 100.985 -59.4454
-78.8443 100.689 -39.0398
-79.0702 100.027 -19.4469
-78.8247 99.8326 1.37853
-79.8792 98.6613 19.7651
-79.2225 100.323 40.0087
-80.1462 101.005 59.8208
-80.671 99.1249 78.3927
-80.4778 100.511 98.0792
-59.1163 -100.664 -101.094
-59.3727 -99.2782 -79.1891
-60.8737 -100.3 -59.4805
-60.3136 -98.9441 -40.5333
-59.7495 -101.274 -20.1538
-60.2389 -100.201 0.705181
-59.1535 -100.314 19.2903
-59.4382 -99.6847 38.5373
-60.3326 -99.6049 60.0431
-59.3591 -100.554 79.7257
-60.2805 -100.282 100.48
-60.2791 -80.6524 -100.597
-59.2132 -80.0675 -79.6085
-60.16 -80.3761 -60.7989
-59.011 -79.4757 -40.3825
-59.5449 -80.6549 -20.3186
-59.1536 -81.2174 0.625966
-59.9609 -79.7768 20.9336
-59.938 -80.8815 41.3702
-59.9379 -78.9647 60.5936
-59.1765 -79.7563 79.7354
-59.7785 -79.6608 99.5665
-59.3886 -60.0413 -99.7024
-61.1549 -60.4964 -80.4907
-59.0812 -59.8308 -59.079
-59.2172 -58.9559 -39.0684
-60.2774 -60.2538 -20.5195
-60.0537 -59.8232 1.29366
-59.5137 -60.2223 20.0877
-60.0803 -60.01 40.6591
-60.036 -59.446 59.6649
-60.3302 -59.0871 80.3565
-59.8598 -58.6957 99.9451
-60.6011 -40.5118 -101.74
-60.2687 -40.1471 -80.2967
-59.6384 -41.1456 -59.3907
-59.7772 -41.031 -39.3086
-60.67 -38.6537 -19.376
-60.5718 -41.3365 -0.387063
-60.4126 -41.7048 20.3256
-60.505 -38.0018 39.4453
-59.8651 -39.424 59.9734
-59.7916 -39.5097 80.4156
-59.151 -40.3829 100.667
-60.002 -20.562 -99.8601
-59.4763 -19.6056 -78.9754
-58.7101 -19.7976 -59.2921
-60.7499 -19.4441 -38.3141
-61.836 -20.8571 -19.7515
-60.16 -20.9765 0.565157
-59.8954 -20.2733 20.0528
-60.9659 -21.2416 39.9679
-60.4959 -18.671 60.4802
-59.6538 -20.209 80.3816
-59.9133 -19.7651 99.7135
-59.6363 -0.00671767 -99.8019
-61.6163 0.0674622 -79.4037
-60.8317 0.334519 -59.4572
-60.1119 -0.7793 -39.4405
-59.8593 -0.323496 -20.306
-59.7693 -0.0176308 -0.532871
-59.5711 -1.3388 19.1797
-61.113 0.593271 40.439
-59.6835 -0.13879 59.4618
-60.0318 -0.752802 79.7613
-60.3786 1.13564 98.1125
-61.0351 19.2003 -100.67
-60.1309 21.0121 -79.5786
-60.0804 20.0486 -60.8441
-59.1059 19.9875 -40.1303
-59.772 19.8858 -19.1741
-60.6337 20.3828 0.791547
-59.6219 19.7675 20.3407
-58.8691 21.068 40.1766
-60.4686 19.6608 60.249
-59.1433 21.2428 79.3631
-59.3649 21.1638 100.444
-58.5288 39.145 -100.663
-60.1814 39.5693 -80.7265
-58.9637 39.7856 -60.3336
-60.2471 39.0028 -41.2375
-60.0478 39.3958 -19.8317
-59.696 40.5489 0.853598
-59.9848 41.2474 19.5523
-60.6783 39.1218 40.6615
-61.2462 39.799 59.3586
-59.8917 41.3128 79.9152
-59.6191 39.5643 99.583
-59.2903 59.9369 -98.4713
-59.7438 60.4057 -79.752
-60.5158 59.8596 -59.1851
-59.9137 59.5618 -39.9433
-58.8357 59.8155 -20.1196
-60.1306 60.4154 0.0478181
-59.8379 60.1136 20.4642
-59.8593 58.5784 39.8077
-59.6715 59.7971 60.2437
-61.4083 59.764 80.8768
-60.1277 59.4015 100.173
-59.3816 79.9875 -99.7999
-59.7917 80.1543 -80.0262
-60.7716 80.2497 -59.5985
-61.0865 79.7445 -39.8718
-61.9583 79.9369 -19.9233
-59.3257 80.9228 -0.50745
-60.1763 80.1599 19.6501
-59.9072 80.2192 40.4227
-59.0611 78.7145 61.1108
-60.6385 79.7344 78.8935
-61.1326 79.378 100.068
-59.8132 99.6902 -99.1661
-60.5935 100.574 -79.1938
-60.2546 101.593 -59.7744
-59.6995 98.9494 -40.6405
-60.6099 99.1972 -20.1162
-61.4658 99.8014 -0.899782
-60.352 99.0043 19.9532
-59.6413 99.3471 40.2372
-59.2063 99.4156 59.7922
-59.9483 101.011 79.3945
-59.7785 100.234 100.238
-41.4871 -99.8459 -98.5666
-39.305 -99.3542 -79.928
-39.0738 -99.9484 -58.8959
-39.8841 -99.1828 -39.141
-39.4068 -99.8215 -19.1521
-39.2855 -100.76 0.794443
-39.5828 -99.8024 19.714
-40.2596 -100.918 39.592
-41.7373 -98.9867 60.4433
-39.3473 -101.184 80.7322
-40.5451 -99.1601 99.7137
-39.6368 -79.257 -100.219
-40.5333 -80.1744 -79.7873
-38.2797 -79.0099 -60.8207
-40.1987 -80.6237 -40.2714
-39.4191 -79.2069 -19.9107
-39.9686 -79.7606 -0.468777
-39.3499 -80.1857 19.8605
-40.4785 -80.7228 39.465
-39.9245 -79.8923 59.1735
-39.8908 -80.2626 79.9878
-39.0478 -79.9143 100.024
-39.5942 -60.7711 -101.11
-39.2325 -60.1113 -79.7823
-41.9377 -59.4864 -60.2151
-40.2588 -59.6508 -39.7558
-39.2343 -60.0153 -20.5937
-39.7077 -60.7108 -0.0814218
-39.4809 -60.8786 19.6655
-39.0029 -59.6026 40.0162
-39.5489 -59.8313 59.2153
-40.6263 -59.8926 79.6109
-39.6635 -59.9699 99.8414
-40.9037 -39.6364 -100.252
-38.9413 -39.9766 -81.1261
-40.6319 -39.5042 -60.1034
-40.674 -39.4883 -41.7275
-39.7219 -39.7155 -19.8374
-40.9968 -40.275 -0.0582198
-40.3194 -39.2921 20.51
-39.4885 -38.8104 40.1347
-40.089 -40.2275 60.3508
-40.2215 -41.1821 80.4165
-40.1431 -39.8801 99.8096
-39.1181 -20.7919 -100.403
-39.7303 -20.0052 -79.2069
-41.401 -19.3901 -59.7122
-40.7421 -20.7913 -40.9187
-40.5087 -19.3595 -19.596
-41.0147 -20.729 -0.186505
-39.6805 -19.179 20.2026
-40.2988 -19.1452 40.0746
-39.7281 -19.7739 59.7422
-39.3041 -19.8598 80.2548
-40.0452 -18.9116 99.315
-39.8009 -0.180446 -100.561
-40.2153 0.213199 -80.9999
-39.7414 1.01405 -59.1892
-40.1443 -0.0341972 -39.3591
-40.6665 0.26063 -20.7213
-40.0514 0.00603848 -0.143523
-38.564 0.789799 19.5047
-39.6357 -1.31879 39.537
-40.8035 -0.0335203 59.656
-41.3437 0.058091 79.4186
-39.8829 -0.956612 99.9228
-39.8182 19.7799 -98.864
-40.7126 19.8922 -80.0748
-41.1698 19.4697 -59.8472
-39.5025 20.1256 -39.0686
-38.8757 20.0311 -19.6465
-40.0312 20.7621 0.438339
-40.08 21.3334 21.2937
-39.824 19.3566 40.1059
-39.8956 19.8211 60.1046
-40.059 21.1724 80.6696
-39.9515 19.5356 99.1254
-40.4881 40.9283 -99.0004
-40.7692 38.3412 -79.5747
-40.1761 38.7219 -59.3463
-40.8819 39.8847 -40.9636
-38.3827 39.2385 -19.6343
-39.9342 38.8746 0.350498
-40.0508 39.8485 19.8246
-38.8392 39.6783 39.2428
-42.0651 39.8067 60.0857
-39.4757 40.7217 78.9844
-41.0009 39.1257 100.53
-40.3542 60.5696 -100.179
-38.8858 59.1988 -79.4216
-40.1617 58.5021 -60.0678
-38.319 60.192 -41.3976
-39.3581 59.8916 -21.1081
-40.4144 60.288 1.25052
-40.6096 60.5981 20.8271
-39.2299 59.6684 38.8319
-39.9344 59.677 58.9223
-41.227 59.8855 80.3972
-39.8722 60.9953 101.092
-39.4187 79.205 -100.435
-39.7989 80.454 -80.9246
-40.8489 80.323 -59.6005
-39.7306 80.4353 -38.9566
-40.4939 79.758 -18.3355
-40.3472 80.0654 0.647629
-40.827 79.6358 19.5903
-40.4096 80.1817 40.1714
-39.7203 79.4817 59.6244
-41.1088 80.6146 79.9512
-40.9305 80.0572 100.059
-39.5689 99.4868 -101.203
-39.294 99.191 -81.8277
-40.4986 100.717 -60.0274
-40.359 100.463 -40.2964
-39.8571 99.746 -19.3743
-40.7258 100.068 -0.832153
-40.2781 101.064 20.1763
-41.313 100.353 39.5355
-40.466 99.2305 60.1078
-38.7772 99.2792 79.7035
-40.6283 99.4158 99.4282
-19.3175 -100.172 -100.22
-20.9002 -98.8764 -79.9569
-20.834 -100.481 -59.132
-19.732 -100.236 -39.9309
-18.9314 -99.6091 -19.9948
-20.6111 -100.04 0.462027
-21.5673 -100.357 18.9361
-19.3465 -100.755 40.4869
-20.3787 -100.63 59.8011
-19.2261 -99.7574 79.6378
-20.9294 -99.7891 100.713
-20.0816 -79.136 -98.1086
-19.2088 -79.7378 -79.1655
-19.5218 -79.2712 -60.3341
-19.5255 -80.3539 -40.1587
-21.678 -79.437 -20.0005
-19.945 -79.6317 -0.972419
-19.7144 -81.0071 19.6281
-19.6321 -80.4692 39.0458
-19.4298 -80.3422 60.7155
-20.2531 -81.5717 79.7326
-19.9851 -80.2659 100.174
-19.6744 -60.8048 -100.772
-21.2946 -59.507 -79.8653
-20.3186 -59.7213 -60.3371
-20.7538 -59.968 -40.7576
-20.7288 -61.4006 -19.4845
-19.0308 -58.2655 -0.0413782
-19.3637 -60.3562 18.5331
-20.7599 -61.4325 40.0913
-19.8417 -61.1754 60.2615
-18.8369 -59.0148 79.9536
-19.2962 -59.5576 99.3555
-19.2819 -39.4174 -99.4175
-20.6097 -39.7954 -80.6528
-20.5938 -38.7588 -59.2392
-18.5729 -41.1456 -39.0946
-21.0235 -40.432 -18.5157
-19.2287 -40.9075 0.977127
-20.3366 -42.4686 19.2798
-18.9029 -39.5336 39.7366
-21.0061 -39.9221 59.4404
-20.702 -40.8244 80.0338
-20.2822 -40.3528 100.402
-20.2321 -20.0549 -100.661
-20.0655 -20.6174 -79.8611
-18.2152 -19.176 -60.9666
-19.1549 -21.2417 -39.3291
-21.1185 -19.6394 -18.9202
-19.83 -20.9355 -0.732943
-19.6618 -20.3733 19.9695
-20.2357 -19.3124 39.9564
-18.8813 -19.9434 60.856
-19.6066 -20.062 80.0723
-19.4382 -19.5279 100.539
-20.1869 0.706783 -100.05
-19.3109 -0.432645 -79.8773
-19.6682 0.15413 -60.2754
-20.1695 0.653053 -39.797
-20.5742 -0.0766845 -19.68
-20.0842 -0.492123 1.67394
-20.7259 0.632932 19.1347
-20.4395 -0.306903 39.7244
-19.6005 1.26415 59.9989
-20.1416 0.717213 80.8019
-19.9276 0.629964 100.857
-19.3752 20.4102 -99.4887
-19.5794 19.6724 -80.2038
-19.2859 19.7037 -59.7645
-19.9102 19.8346 -38.9644
-20.5111 20.4935 -18.9359
-19.5634 20.8404 0.307517
-19.8405 20.7686 19.674
-21.3016 20.9184 39.4198
-21.7224 20.9099 58.7622
-20.0468 19.8043 80.0017
-19.6089 19.5202 99.605
-19.9 39.6619 -100.197
-20.2765 39.7477 -80.1945
-19.8461 40.265 -60.4402
-19.3033 39.5355 -40.5791
-19.3961 40.1129 -20.0519
-20.5713 40.1534 0.0237765
-19.6843 39.8082 20.4003
-20.5109 40.7525 40.0916
-20.3073 40.1149 58.9114
-19.6751 38.3515 80.2194
-20.3798 39.6315 100.091
-20.1458 59.2826 -100.687
-20.2125 60.3235 -79.5705
-19.2379 59.5788 -61.0822
-20.1543 60.6105 -39.4519
-20.0585 59.645 -20.0378
-19.8176 60.5759 -0.157974
-19.2491 59.8677 20.0603
-19.5894 60.0414 40.2297
-18.7841 61.1104 61.0229
-19.6707 60.1487 80.2412
-19.7717 59.4741 100.338
-18.3531 79.9803 -101.083
-20.2853 81.6314 -79.0261
-19.2173 80.6811 -60.9607
-19.3277 79.737 -40.0766
-19.5371 79.8859 -19.6993
-20.253 79.3462 0.938956
-19.7486 79.9771 20.1821
-19.3158 79.8505 40.2597
-21.0729 79.2896 59.626
-20.5963 80.091 80.3775
-19.2164 79.2381 99.3752
-20.801 100.333 -98.8575
-18.8469 100.541 -80.8123
-20.5073 100.29 -58.3647
-20.3824 100.58 -40.0516
-19.8564 99.7818 -20.1398
-20.9588 99.7576 0.700119
-20.384 98.7615 19.6078
-19.3568 100.283 40.3738
-19.4146 99.713 58.4243
-20.4469 99.8741 80.0716
-19.3678 100.174 101.127
1.11982 -100.943 -99.4018
-0.62998 -101.609 -80.2341
1.47709 -99.8736 -60.4363
0.198429 -100.93 -40.1163
-0.0820747 -100.249 -19.8435
-0.377462 -101.407 1.02614
-0.263596 -98.8703 20.3775
-1.1367 -99.8373 41.2033
0.255274 -100.671 59.9654
-0.821062 -99.8138 81.124
-0.458096 -100.002 100.114
-1.36109 -79.3613 -101.004
0.421302 -80.768 -80.1224
-1.8717 -80.1503 -59.8918
0.457283 -80.2399 -39.7179
0.461244 -80.079 -21.5118
0.594831 -79.8201 -0.265275
0.305639 -79.173 21.0072
0.134156 -80.3213 39.6487
0.96406 -79.6567 60.5055
0.667113 -79.93 79.5676
-0.111408 -80.8935 101.23
-1.02732 -60.8135 -100.818
0.288311 -60.3099 -80.6634
0.142037 -59.6773 -59.55
0.444496 -59.3073 -41.2261
0.713041 -59.6517 -20.5425
1.4643 -60.4665 1.7169
-0.802562 -59.9977 19.5649
0.967587 -58.7111 40.1172
0.467968 -60.2699 59.6738
0.778244 -59.1582 80.7969
-0.149374 -60.2591 98.9989
1.15843 -40.0945 -99.3566
0.832761 -39.5086 -79.6947
1.25012 -41.1247 -60.4317
-0.263548 -39.2014 -39.8608
-0.583401 -40.1512 -19.1344
0.215772 -38.9297 -0.390216
-0.301013 -40.5041 20.6692
0.536911 -39.1774 41.0179
-0.853686 -39.6434 60.1538
0.336347 -39.6055 81.0024
-1.60726 -40.6273 99.9915
-0.0669767 -19.024 -101.44
-0.649782 -19.1428 -79.8294
0.488179 -20.1041 -59.7177
1.24898 -19.4424 -39.404
0.276169 -19.0413 -20.6653
-1.31966 -20.0286 -0.857218
-0.0347582 -20.0037 19.8765
0.414985 -18.7979 40.0339
-0.657322 -19.5215 60.6399
0.753471 -20.7431 79.5131
0.756466 -19.7794 99.007
0.565672 -0.841446 -100.194
0.692188 -0.0143778 -78.735
-0.714194 0.79407 -61.1112
-0.467258 0.685005 -40.6122
0.593502 0.720623 -19.2902
-0.335513 0.183716 -0.367409
0.203681 -0.47622 20.2506
0.726718 1.50123 39.7117
1.91293 0.909137 61.3591
0.381757 0.412291 81.4299
-0.116762 0.0325016 99.0141
-0.553164 20.3132 -100.786
-0.264779 19.8819 -78.8092
-0.155768 20.9654 -59.5245
0.88189 20.3572 -39.8095
-0.62281 20.6291 -19.5541
-0.0758287 21.526 0.0372123
0.0172884 20.4742 19.3125
0.709941 19.9765 39.6866
-0.109749 20.0701 60.0597
0.61072 19.9395 80.2662
-0.274944 20.9961 99.715
0.37828 39.1416 -100.296
-0.0800611 40.3799 -80.9334
0.284905 40.1769 -61.5063
0.665897 39.8191 -40.3276
-0.192752 41.7685 -19.6908
-0.155117 40.1395 -0.0721862
-1.38188 40.9764 19.4086
0.300003 40.0585 40.0295
-0.312014 40.283 59.9225
-0.20064 40.6313 79.4508
-0.798997 40.6386 99.8429
0.00880964 59.2131 -100.495
0.756423 60.4011 -80.0275
0.863533 60.5432 -60.2056
0.586492 58.9641 -39.1707
-0.260473 60.3446 -20.4253
1.11372 58.6954 -1.03879
-0.592336 59.2275 20.6135
-0.413768 60.6281 39.8846
0.154284 59.8731 59.6066
0.343803 60.0727 79.8163
1.12032 61.5003 99.4511
-0.15079 79.9596 -99.9424
0.40229 80.4336 -79.2638
-0.519346 79.1792 -60.0732
-0.959426 80.2229 -40.8052
1.10715 79.798 -21.2617
-0.094228 79.8917 0.501543
1.08454 80.2411 19.7088
0.303317 80.0025 40.9319
1.49194 79.6782 59.9534
1.01221 80.1416 80.2871
-0.895933 79.6563 99.4704
0.142799 98.6569 -100.34
0.193868 100.016 -80.3997
-0.218837 99.6326 -59.3237
-1.23756 100.793 -39.5308
-0.605136 99.9589 -20.6468
-0.593091 99.9324 0.646793
0.288406 99.7715 20.2142
1.26205 100.62 38.97
-0.908174 99.4692 59.233
0.560824 100.45 79.7146
0.111878 100.051 99.6226
19.7693 -99.3153 -101.301
21.1689 -98.5793 -79.1207
20.3764 -99.4534 -59.5282
20.0681 -100.261 -40.0136
21.4513 -99.2819 -21.0143
20.0683 -100.199 -0.416891
20.4673 -99.1622 20.1785
20.1998 -99.0865 39.5032
19.169 -99.0187 59.6373
19.1814 -99.6864 80.0793
19.6143 -98.7883 100.658
20.0948 -79.8443 -99.3041
19.9019 -78.3021 -79.7312
21.152 -80.019 -59.3818
19.6997 -80.5384 -40.7569
19.3654 -79.5542 -20.9052
20.4327 -80.792 -0.877521
20.584 -80.6622 19.9779
20.0266 -80.8422 39.9565
19.9552 -79.5767 59.8348
20.7153 -80.4162 80.4129
19.5727 -80.637 100.09
19.6891 -59.754 -99.7494
20.6035 -60.137 -79.2439
20.0009 -59.2938 -60.8468
20.7516 -59.7759 -41.5023
19.5891 -58.9944 -20.4235
20.745 -60.6537 -1.4055
20.3447 -60.0708 20.6317
21.5308 -59.6113 40.1423
18.5354 -59.6076 60.1126
20.0575 -60.7957 80.0742
20.3234 -60.5194 99.1833
20.6814 -40.467 -99.5447
21.3181 -40.9844 -79.9217
20.4211 -39.1805 -59.7771
20.4162 -40.2445 -41.5266
19.5291 -39.0212 -20.2614
20.4048 -40.3057 -1.13629
20.1477 -39.928 20.5874
20.8094 -41.3151 40.6394
19.7208 -40.0523 59.7801
19.7944 -41.0188 79.4553
18.7034 -41.1844 99.9673
19.9859 -20.7494 -98.8775
20.1622 -21.123 -80.7147
19.0714 -19.0865 -59.2624
19.1732 -19.7609 -40.0145
19.5084 -20.2046 -19.5914
19.6923 -20.9032 -0.323486
20.8233 -19.0833 19.4247
20.7097 -20.0044 40.336
20.2053 -20.26 60.4423
20.2412 -20.0423 80.0364
19.6248 -19.5293 99.3922
19.3289 -0.397032 -98.752
20.4977 -0.711085 -78.909
19.69 0.400682 -60.0733
19.6158 0.259981 -40.1665
20.2865 -0.305526 -20.4872
19.3848 1.18545 -1.26118
20.1174 0.372633 21.662
20.4776 0.719492 41.6899
20.2954 0.93718 60.6054
19.2745 -0.0318303 80.5013
18.74 -0.261795 100.096
20.4303 18.3143 -99.3071
19.6275 20.0995 -80.5979
18.3621 18.905 -59.8115
19.4992 20.2099 -39.6638
20.1335 20.4516 -20.5854
19.82 19.7689 -0.646035
20.7983 20.0831 19.9962
20.5755 18.5373 40.6208
20.6022 20.2748 60.5885
18.8484 20.0154 80.6385
20.6715 20.4234 99.6504
20.2627 39.754 -100.042
19.6796 39.9109 -80.3036
19.5625 40.3347 -57.9895
20.4673 41.093 -40.212
19.8479 39.0254 -20.4008
19.9318 39.8604 0.104414
19.2253 40.7522 21.0188
19.3781 40.7842 39.7868
20.4739 39.6915 60.2576
20.9634 39.1436 79.4248
19.1711 40.1448 99.2099
19.0407 59.1642 -99.1233
20.8104 61.1206 -80.05
20.5919 59.4697 -61.1093
20.5573 59.4074 -39.0507
18.3422 60.465 -20.3705
20.5931 59.0227 -0.720575
19.9146 60.6486 20.7051
20.7541 60.0745 39.6595
20.7212 59.7607 60.9629
19.9338 59.9053 79.7481
19.4389 60.7515 99.9489
19.709 79.4953 -100.292
19.5912 80.5446 -78.1943
20.9023 78.7456 -60.8726
19.8993 80.4871 -39.9221
20.286 78.7577 -20.8848
20.9208 78.9485 -0.501113
18.7785 79.7985 19.3846
21.6313 80.5655 41.7302
20.5497 79.0748 59.7181
20.0686 80.43 79.2924
19.1687 80.2669 98.8611
19.9584 100.196 -98.8215
20.9405 99.9469 -79.1108
20.9851 99.2684 -58.6871
20.5151 99.0162 -39.3634
19.9402 99.6419 -19.951
19.7546 100.211 0.0171178
21.0593 99.4309 20.6869
19.9091 98.7675 38.363
20.6627 100.225 60.1215
20.4651 100.212 81.4597
19.72 99.4758 98.8468
39.4363 -100.323 -100.704
40.3243 -100.832 -80.1663
39.6976 -99.9137 -59.7621
40.1263 -100.392 -41.2504
39.2764 -100.151 -20.253
39.2528 -101.135 -0.591841
39.6258 -99.3895 19.0472
39.3085 -99.5256 41.8841
41.0734 -99.7288 60.5639
39.8171 -99.8577 79.4865
40.4681 -100.138 99.6759
40.495 -80.2396 -100.242
40.1944 -80.4249 -79.3807
41.1104 -80.8726 -60.186
39.6239 -80.6532 -38.603
40.3244 -80.51 -20.7009
39.5884 -80.9325 0.804109
39.4998 -80.5811 19.9744
40.2211 -79.9022 39.4413
40.6951 -80.1947 60.0384
40.212 -79.5883 79.5514
40.4177 -80.8439 98.7113
40.4103 -60.6421 -100.33
40.5292 -59.0188 -81.1211
40.5327 -60.3094 -59.5461
40.7554 -60.2571 -40.0904
39.8834 -59.7019 -19.7817
40.1853 -60.7854 -0.254211
39.0593 -59.718 19.7157
39.43 -59.892 38.3744
40.3506 -60.2697 58.6069
40.6434 -60.2128 81.2231
40.242 -59.6567 99.8456
39.3795 -39.7804 -98.662
39.2628 -39.7105 -81.3306
41.2644 -39.6211 -58.9109
39.9459 -38.6805 -39.9546
40.9479 -40.0723 -21.1312
39.8775 -40.2213 0.217292
39.6541 -38.295 20.3227
40.0453 -40.3038 41.1123
39.9424 -40.482 60.2768
41.6553 -38.9303 81.4683
40.1686 -40.448 100.686
39.4556 -20.7983 -99.1516
38.9586 -19.6873 -78.6479
40.0374 -20.0379 -59.9723
38.2306 -20.3352 -40.987
38.9631 -19.1584 -20.4052
39.4763 -18.8991 0.491316
40.0768 -19.623 20.0987
40.0413 -20.2985 39.9356
39.1124 -20.0321 60.1213
40.8024 -21.1355 80.2469
40.2118 -18.8707 99.1052
40.0486 -0.471205 -101.288
41.1156 -0.633825 -80.4461
38.4035 0.721776 -59.0892
39.4998 -0.895453 -40.3378
39.6392 -0.251468 -19.0372
40.5087 1.10618 -0.0429491
39.6766 -0.1659 18.4782
40.4675 0.376443 39.2451
39.2844 -0.0945978 59.2933
39.9942 -0.762636 80.1925
40.2807 -0.0216776 98.8946
39.3086 19.3115 -100.204
40.4568 20.8126 -80.9338
39.8085 19.9832 -60.9759
39.4911 18.9048 -39.5607
40.313 19.4916 -19.8
39.9203 21.1486 -0.0981855
39.9025 19.6435 20.0964
40.7061 20.5211 39.4518
40.4498 21.4159 61.7205
39.6378 17.831 80.4372
40.0335 19.5034 99.597
40.8142 40.8952 -98.8948
39.6148 39.6916 -79.4836
39.8424 39.762 -59.0227
40.4289 40.6301 -39.0254
41.3384 39.4453 -18.544
40.5105 40.5084 0.905983
40.1708 39.8595 20.4236
40.1408 39.4996 41.0703
39.902 39.3134 59.4623
40.4118 39.9821 79.831
40.2461 40.8216 100.169
38.8545 60.1185 -100.054
40.2422 61.5162 -79.7447
38.3409 60.4464 -60.4531
39.362 60.578 -39.015
39.0258 60.0771 -19.5203
39.9929 61.0623 1.76685
41.2678 59.5479 20.1628
39.6072 59.6227 39.7563
41.1954 60.2959 59.6918
39.5649 59.9987 80.7568
39.0912 61.2779 99.7533
39.301 79.5668 -100.99
40.3203 80.655 -81.0109
40.3364 80.8805 -59.4308
39.5186 80.0926 -40.7794
40.2117 80.4794 -19.1778
39.1404 80.4676 -0.287337
39.2715 80.565 20.6227
40.2275 79.8391 39.5558
40.7031 79.867 61.2785
39.3495 79.4044 79.6957
40.7532 80.1538 99.9912
40.2933 98.8639 -99.8507
40.0972 99.766 -80.875
38.7525 100.378 -59.4588
40.5194 100.416 -39.5931
40.9249 99.9602 -20.3861
39.4492 98.7932 -0.149748
39.3587 100.131 20.4244
39.9221 99.4919 39.4818
40.1306 99.727 60.286
40.7056 102.066 80.083
39.8482 100.063 99.991
60.4862 -99.5247 -99.0783
59.5828 -100.46 -79.7967
60.0261 -100.537 -59.7383
60.1688 -100.351 -39.618
60.2295 -99.8222 -18.963
59.3113 -99.9081 0.778934
60.2597 -100.04 21.3958
60.5391 -98.7633 40.4296
59.5202 -99.024 59.3572
61.0499 -99.5486 79.6876
59.7147 -99.7799 99.8319
59.873 -80.6216 -99.7354
60.1781 -79.5201 -79.3174
60.7565 -79.0906 -59.9203
60.8198 -79.867 -40.6025
60.9398 -79.5892 -19.4782
60.4124 -79.9632 -0.231425
60.4765 -79.8465 19.1724
60.0903 -80.1875 40.8944
60.7185 -79.5529 59.6575
59.8336 -80.9764 81.3814
59.1005 -80.2145 100.43
60.4596 -60.9331 -99.7855
61.2573 -61.2897 -80.7035
59.3763 -60.4369 -59.8555
59.5008 -60.9233 -39.7569
58.6158 -59.6965 -19.4609
58.9731 -60.4618 0.364737
59.1521 -59.9521 19.7895
59.823 -58.8553 39.7591
59.8564 -59.131 59.0426
59.6054 -60.4973 80.2647
59.3424 -59.1107 99.3828
58.7727 -40.8114 -99.2732
59.5309 -39.7362 -79.529
60.8539 -40.0709 -61.2091
59.2179 -41.4271 -38.9675
60.1925 -39.9272 -19.4576
59.0985 -40.0732 -0.205797
59.091 -39.1384 20.4202
60.0917 -41.2014 40.7663
60.6673 -40.8853 59.0233
59.5301 -41.1239 80.0409
60.8959 -40.1614 99.095
59.6515 -19.0741 -100.25
59.4804 -20.2471 -80.2749
60.1443 -19.1124 -59.7859
60.1307 -20.3829 -39.2454
60.4299 -19.4969 -19.9909
60.8322 -19.9907 -0.874001
60.6198 -19.6283 19.7558
59.424 -21.0369 40.7595
59.6024 -19.8723 60.8476
60.7341 -20.8963 79.7673
59.5498 -21.0921 99.3218
60.1278 -0.103493 -99.9581
60.1565 -0.0759284 -79.1102
60.4368 -0.763589 -60.0988
59.6856 0.160393 -40.9131
60.0204 -0.767844 -20.7581
59.5659 0.909258 0.067507
60.0155 0.245026 20.1503
61.6775 0.502266 39.8416
59.3785 0.974353 60.3523
59.0607 0.998561 78.5396
59.6854 -0.85811 99.2524
60.172 19.4873 -100.802
59.2267 20.4223 -80.5331
60.3776 20.6493 -60.3891
60.9473 20.2528 -38.6359
59.9659 20.3159 -19.5065
59.2675 19.7131 -0.390613
59.0082 19.3079 20.0553
59.3574 19.6106 39.8226
58.8909 20.1776 59.9485
60.9031 19.5725 80.351
60.4459 20.3483 99.8428
60.302 40.5082 -101.095
60.2949 39.8275 -80.0791
61.6288 39.5863 -59.7237
60.2116 38.7951 -39.659
60.5775 40.2857 -19.8373
59.8551 40.7639 0.203815
60.2765 39.5965 20.1008
59.1988 41.7506 40.3951
60.3927 41.4293 60.6124
58.73 39.7752 78.4454
60.7608 39.1085 100.436
59.5927 60.3322 -100.703
60.5588 59.7192 -79.703
59.6953 60.0194 -60.4797
59.7757 60.0861 -39.3199
61.054 59.9216 -19.1271
59.8287 60.7128 -1.52526
59.3194 59.7836 19.2925
59.9956 59.3749 39.8222
60.0275 58.7782 60.1973
59.5771 59.6741 79.2844
59.0793 61.0013 101.003
59.7186 81.4691 -99.9812
60.3387 80.4654 -80.7878
60.9488 79.1583 -60.375
59.2606 79.4209 -39.6349
58.7255 80.3097 -20.0474
58.5691 80.0738 0.270969
60.7207 80.1811 19.8473
60.3711 80.6486 40.3902
60.3785 80.1754 59.4793
59.1106 79.7033 79.4511
60.1976 80.5774 99.3006
59.3241 100.171 -99.3157
58.512 99.7175 -79.7632
59.913 101.191 -59.4459
59.9918 98.9414 -41.4164
59.9919 98.1444 -20.7505
59.7155 99.4237 0.462778
59.5176 100.271 19.4918
60.4906 99.894 39.8063
59.8453 100.068 59.6451
60.1935 101.147 79.608
60.3037 100.861 99.0431
79.343 -100.024 -99.0904
80.2886 -99.7046 -79.8657
80.0037 -99.7849 -61.7194
79.2662 -99.5991 -39.0237
78.8865 -100.451 -19.2928
80.1105 -100.225 0.495489
80.8683 -100.446 19.9804
78.8655 -98.5206 38.8785
79.612 -100.575 60.7635
78.6936 -99.3011 80.13
80.5634 -99.6721 100.396
79.612 -80.2737 -100.052
80.0516 -80.2414 -79.0135
80.3373 -78.8435 -58.8752
80.4972 -80.8387 -39.897
80.2789 -80.2629 -19.8137
81.359 -79.377 -0.167696
80.1692 -79.4781 19.6297
79.9415 -80.7599 38.7386
79.6645 -80.1268 58.9622
79.1271 -78.8888 80.0813
78.6731 -80.056 100.144
79.2047 -58.3938 -100.107
81.5415 -59.136 -81.0665
80.988 -61.0258 -59.7237
79.5923 -58.8248 -39.8803
80.3505 -59.8221 -19.9095
80.1952 -59.6664 -1.40389
78.9311 -60.3026 20.449
79.3181 -60.4926 40.1096
79.5885 -60.4919 59.3855
80.1444 -59.465 80.7751
79.7709 -58.8792 98.8614
80.3375 -40.4372 -100.679
79.2938 -39.6823 -78.8938
80.1412 -40.2673 -60.7633
79.7304 -40.4561 -40.8332
79.7277 -39.2581 -19.9893
80.2441 -38.6325 0.83479
80.0496 -40.4486 20.2582
80.2809 -40.7669 39.6841
80.0395 -40.1808 60.1938
80.7858 -40.915 80.4679
79.5572 -39.365 101.397
81.07 -20.1998 -99.5625
80.4316 -20.3027 -79.6296
80.8001 -19.6418 -58.8595
80.7295 -20.7742 -39.617
80.4178 -18.9662 -19.0411
80.3709 -19.5054 -0.0676359
79.8071 -20.1746 20.508
79.4159 -20.45 40.2162
80.4074 -19.5078 60.3204
80.1736 -19.8653 79.8307
80.8371 -19.8096 98.9235
79.8559 -0.0949518 -99.7199
79.5301 0.577421 -80.8411
79.4512 -0.600952 -59.0204
79.1641 0.329809 -40.1297
79.8878 -0.848141 -19.2488
79.3369 -0.50408 0.767799
80.3679 -0.468646 20.5121
81.8982 -0.022973 41.5186
79.5808 0.237922 60.1715
80.3963 1.92922 79.4371
79.719 0.199009 99.1059
78.7143 20.1392 -100.114
80.3732 20.0381 -79.6495
79.5882 20.8066 -60.1145
80.0582 20.211 -40.4819
79.638 20.2696 -20.662
80.1444 20.678 -0.682127
79.0546 20.087 19.3825
80.1513 20.3924 39.328
80.5553 19.688 59.8359
80.4334 19.8454 81.0452
79.5865 19.0504 101.075
79.3516 40.8725 -98.7259
80.1447 41.4897 -80.4623
79.2537 39.6102 -58.8352
80.2131 40.3373 -41.9683
80.0311 39.2551 -20.1759
79.7527 40.5045 -1.00481
80.7046 38.4804 20.129
79.7424 39.1736 38.3123
79.3461 40.2998 59.6007
78.9637 39.9255 79.2767
80.0442 40.8326 99.7074
80.5004 60.2387 -98.994
80.3376 61.2079 -80.9476
80.2978 60.169 -59.546
80.2151 59.8727 -39.0898
81.6042 59.7888 -19.892
79.9569 58.0449 -0.662992
79.5788 60.983 19.4093
80.1506 59.8235 40.3498
79.9931 59.3369 60.4171
79.0664 60.3744 79.9105
80.0272 59.8442 100.04
78.9174 80.6198 -99.4594
80.5601 81.3255 -79.8632
80.9766 81.2145 -59.7002
79.0962 79.3176 -40.5424
79.5 78.081 -20.7157
80.4959 80.1188 -0.142103
81.0078 80.1568 22.0993
80.9592 79.3017 39.2104
79.3394 80.1634 59.8128
79.492 79.0559 80.4141
80.2855 78.674 99.6815
79.7603 99.7995 -99.3953
80.1221 98.9806 -80.0817
80.4398 100.773 -59.2356
80.1994 100.728 -39.81
78.4862 100.473 -20.3446
79.2265 99.7891 -0.42858
80.425 100.343 19.4065
80.0787 100.234 39.2576
79.429 98.6176 59.2635
80.4363 100.175 80.1113
79.272 99.7759 99.1988
100.548 -100.173 -101.003
100.6 -100.675 -79.9699
100.419 -99.5651 -60.4574
99.7472 -100.761 -38.7125
100.919 -99.4339 -20.8078
98.9516 -99.4017 -0.561082
100.077 -101.433 20.9832
99.3995 -100.148 40.5644
100.399 -98.8895 59.9255
101.071 -98.8565 79.8463
99.717 -100.556 100.079
100.131 -80.3089 -100.527
100.755 -80.5051 -80.0448
100.277 -79.2925 -60.2471
100.341 -78.562 -37.8597
101.178 -80.4943 -19.455
99.6404 -79.7293 0.280291
99.3614 -80.9479 19.574
100.651 -79.5147 39.5342
97.9308 -80.6035 60.8623
101.032 -80.4795 79.2941
100.748 -81.1932 99.6766
100.563 -58.8133 -100.192
100.342 -60.2828 -80.5249
100.398 -59.1025 -60.3316
99.8696 -59.3736 -39.7625
100.849 -59.6706 -20.0373
99.942 -58.5628 0.64499
99.764 -59.9751 19.3417
100.156 -59.2708 39.473
99.8636 -60.7616 60.7287
100.569 -58.6802 80.4936
101.618 -59.3143 99.3095
99.7083 -40.4695 -99.2434
99.8198 -38.3222 -80.1554
99.1501 -39.6648 -59.8063
99.8948 -40.2942 -40.8675
98.9786 -40.2667 -19.7225
100.587 -39.837 0.986514
99.0741 -40.0447 19.9314
100.205 -40.1043 39.2055
100.709 -40.0454 60.9817
100.222 -39.5649 79.6934
98.2906 -38.8158 101.251
100.529 -20.3633 -99.5383
98.6356 -19.9853 -79.6332
99.6294 -20.517 -60.8275
99.7452 -18.5483 -40.5395
100.444 -21.1472 -18.7125
100.178 -19.2185 0.170135
99.2715 -20.0262 19.3571
100.21 -19.2874 40.7668
100.151 -20.3553 59.8225
100.257 -19.9697 79.0838
100.045 -19.5435 101.119
99.9933 0.184248 -101.847
98.7028 -0.46938 -79.3887
99.8211 0.186675 -59.7329
101.511 -0.287587 -38.6305
99.3473 0.374644 -20.2161
99.069 0.416414 0.761875
100.489 -0.520243 20.4221
100.047 0.601986 40.1793
99.9148 0.654926 59.6277
98.9704 -0.142047 79.878
100.168 -1.25458 100.219
101.235 19.7849 -100.935
99.5177 19.0556 -80.1786
99.3833 20.5713 -60.0192
98.8033 18.6457 -39.3124
98.7679 19.591 -19.6717
99.7707 20.3765 -0.417593
99.8427 20.3493 20.0057
99.421 20.6401 40.3063
99.9561 20.4366 61.1905
100.02 18.1029 79.5867
100.999 17.6493 99.9788
101.171 39.8644 -99.299
100.611 40.8763 -79.9477
100.312 39.4867 -59.5794
100.34 39.2423 -39.6959
99.1039 40.1819 -19.2704
100.628 39.6862 1.30957
100.253 40.0242 19.6157
99.6366 39.7415 40.509
99.8026 39.1142 60.4559
100.2 40.2598 78.8534
99.9514 39.1979 98.9798
99.851 61.0156 -99.0128
100.066 60.8832 -80.8714
99.3048 59.8308 -60.2724
100.335 60.8344 -40.4396
99.6289 60.9966 -19.6925
100.422 60.1016 1.15884
99.5356 61.6516 20.331
100.295 60.4437 39.4356
98.8906 58.685 58.6272
100.828 59.7239 79.8115
99.7641 60.1699 99.8994
100.063 79.2316 -100.243
99.7112 79.9763 -81.2222
100.901 80.1396 -60.7462
100.979 79.9002 -39.0562
98.197 79.3796 -20.6037
99.8465 81.8203 -0.174983
100.86 80.9809 19.3419
100.016 80.5373 38.7914
100.265 80.8503 60.08
100.057 81.2429 79.0981
99.7443 80.4757 100.372
100 100.296 -100.881
98.8569 98.8208 -80.8269
100.69 99.4424 -60.0616
99.8712 99.6822 -39.5244
100.552 100.553 -21.2503
99.935 99.5424 0.0985697
99.7846 100.297 19.8031
100.588 99.6768 39.8516
100.465 99.2728 60.1523
99.9675 99.7034 80.7893
100.543 100.206 100.475
# データ (ここまで)
