# ガウスノイズ付加データ No.0 (ガウスノイズの分散: 1)
point
# データ数
1331
# データ (ここから)
-74.773 -116.308 -105.912
-68.3475 -121.296 -86.4665
-64.4899 -121.7 -67.5746
-60.1439 -125.659 -47.2653
-56.3656 -128.746 -28.5557
-49.4576 -129.959 -8.98401
-45.5904 -135.281 10.918
-39.2022 -140.156 29.957
-36.4299 -142.242 50.1277
-30.6014 -144.636 68.6748
-25.6286 -148.926 86.5869
-81.8727 -97.4328 -99.8748
-77.3521 -102.546 -79.907
-72.1437 -104.284 -59.52
-67.4447 -107.483 -42.2727
-62.3558 -110.643 -23.6238
-58.3229 -114.326 -4.26629
-54.2041 -118.123 15.1971
-49.9734 -120.985 33.9326
-42.9879 -125.548 54.4073
-38.7661 -126.917 73.2008
-33.8067 -129.775 92.2757
-90.4569 -82.4337 -92.0532
-84.7828 -82.9723 -76.7781
-81.261 -87.8273 -53.9885
-75.1632 -91.7858 -35.0025
-71.2518 -93.0998 -18.4689
-65.0279 -95.5687 1.61498
-60.9291 -97.918 20.4567
-55.8869 -103.129 38.9955
-49.3889 -105.178 57.814
-46.0054 -108.248 77.9311
-40.602 -111.598 97.0006
-98.4048 -61.1413 -90.8461
-91.7476 -65.7582 -70.518
-89.073 -67.8937 -51.3921
-83.7256 -72.0399 -32.5516
-79.4547 -73.8392 -13.1842
-73.231 -79.0728 6.00149
-66.6776 -80.7599 24.5579
-63.6717 -85.5753 43.6292
-58.296 -88.0603 62.782
-51.7566 -91.7426 82.6682
-47.3336 -95.8266 101.293
-106.991 -43.8565 -84.9954
-102.921 -46.746 -64.2682
-96.8609 -52.5881 -45.2837
-89.9654 -55.6129 -25.7757
-85.7858 -57.4304 -10.0143
-81.922 -61.3657 9.77207
-76.7008 -65.4751 30.9256
-71.0867 -67.7653 48.9759
-66.2848 -71.6568 67.3114
-60.3023 -73.6773 87.3838
-56.0882 -76.495 106.397
-115.031 -27.5605 -79.5625
-110.496 -30.4236 -59.8406
-105.174 -33.6314 -41.6031
-98.3099 -36.5393 -23.0611
-94.8381 -40.4075 -2.79665
-87.7351 -43.8801 16.0779
-85.0301 -47.4696 35.2012
-77.8598 -49.3762 52.7319
-74.5293 -52.7437 74.5397
-69.8144 -56.1076 93.0629
-64.1458 -60.0729 111.27
-121.034 -8.99279 -73.1819
-117.117 -10.85 -53.6588
-111.25 -14.8055 -37.0889
-105.743 -19.2274 -18.8185
-103.34 -22.3734 1.44378
-96.7624 -25.5554 20.182
-90.9211 -27.803 38.594
-86.5647 -32.8609 56.9651
-82.0501 -35.721 79.7265
-76.8596 -36.1032 98.3598
-71.3792 -38.9327 115.411
-129.127 8.26148 -71.0672
-124.91 6.24108 -49.3279
-119.138 3.79702 -29.34
-113.336 -1.66657 -13.7511
-108.817 -5.55196 6.17721
-102.754 -8.08979 26.7964
-98.2315 -11.7078 43.9874
-94.8576 -13.8675 63.9607
-89.4491 -15.0529 82.1456
-85.7556 -20.4123 104.02
-78.6604 -23.7705 120.058
-135.073 26.3683 -65.838
-131.402 23.6262 -44.504
-125.376 20.618 -27.1914
-120.727 18.3754 -5.98256
-119.268 15.9606 11.8174
-111.776 10.3853 32.9914
-107.155 6.90845 50.3673
-102.915 2.68955 68.1916
-97.6507 1.53552 88.5646
-92.3672 -4.13086 106.793
-87.6909 -5.50238 126.464
-146.058 44.1602 -60.3632
-139.102 39.5465 -38.2125
-135.326 37.7402 -22.6778
-131.76 34.8479 -1.60403
-124.073 32.1523 14.9827
-119.883 27.6892 35.1119
-113.924 24.1097 56.2292
-109.361 19.6328 74.0575
-105.63 19.3929 93.0972
-99.32 15.6352 112.19
-94.3841 12.3665 131.25
-153.081 61.2433 -56.1382
-149.651 59.4952 -35.2374
-143.378 57.3505 -16.7342
-138.09 52.0289 1.61182
-133.334 48.3794 21.1215
-128.877 45.1943 42.6772
-121.125 42.0707 59.7544
-118.101 40.6637 77.6977
-112.53 36.3474 97.7974
-106.423 32.8935 116.597
-101.191 29.542 136.241
-57.6159 -106.598 -109.068
-52.8316 -110.507 -89.1738
-46.9525 -114.241 -72.1155
-41.5675 -118.687 -49.3291
-39.3919 -120.364 -32.4164
-32.419 -121.835 -9.42901
-26.2024 -125.771 7.10414
-22.8579 -130.026 25.4181
-18.0875 -133.245 44.8302
-12.5003 -136.023 62.8604
-8.10678 -138.028 83.4624
-64.3621 -91.1851 -103.549
-59.123 -94.591 -83.8657
-53.8443 -96.2722 -64.9139
-51.1105 -99.6956 -44.8819
-45.3954 -102.426 -25.8257
-39.1765 -104.559 -6.26468
-35.221 -109.497 13.7658
-29.5235 -113.106 31.3179
-25.625 -116.022 50.8741
-21.135 -117.285 69.9404
-16.043 -121.55 88.3472
-72.561 -70.6988 -97.3626
-67.9531 -74.0031 -79.4561
-61.9281 -79.9898 -59.1477
-58.4499 -82.3107 -41.0831
-53.1365 -84.3715 -20.6479
-48.8341 -88.3736 -3.03199
-43.0388 -91.4212 17.0902
-36.8007 -92.2117 33.5429
-32.5729 -96.8485 55.3758
-29.3584 -100.802 74.2305
-24.0775 -102.507 93.3646
-80.1739 -55.2917 -92.4272
-74.9692 -55.5947 -74.1831
-72.0832 -61.4047 -54.7014
-66.4363 -63.2856 -34.9723
-60.2627 -67.117 -16.6189
-53.5616 -70.8852 1.9953
-49.987 -71.6605 20.8145
-45.2513 -75.3868 41.6137
-39.6148 -78.3743 60.8333
-34.7708 -82.3386 78.2619
-31.2954 -86.7815 98.8737
-89.1974 -36.641 -87.3984
-83.6701 -39.1702 -68.4722
-77.2861 -40.7945 -48.6951
-73.4815 -45.1392 -28.2822
-69.7097 -48.9376 -11.0795
-63.5661 -54.7947 8.19212
-58.7431 -55.8563 28.9691
-52.6926 -60.1907 45.4201
-48.1245 -62.133 65.5398
-43.8778 -63.7021 83.8853
-39.5222 -68.1364 103.866
-96.8952 -18.7297 -81.1257
-90.5088 -21.6446 -62.663
-85.2573 -23.6443 -44.4539
-81.6522 -26.9842 -23.6496
-75.7716 -31.9681 -6.08989
-71.1948 -34.1732 10.9886
-65.014 -36.7609 34.0452
-60.0274 -40.2897 52.293
-56.8879 -44.9125 68.6288
-51.2543 -48.0011 88.0658
-45.5795 -50.3706 109.633
-104.682 -1.39564 -78.842
-98.6322 -2.60457 -58.766
-91.9959 -6.01503 -39.5771
-87.485 -9.26848 -19.6568
-83.5575 -13.5963 -0.460366
-79.4651 -16.4663 17.2373
-73.5876 -18.2808 38.6572
-67.3118 -23.1386 57.0556
-64.9868 -25.0554 74.4579
-57.7093 -27.0997 94.13
-55.298 -32.3478 114.53
-111.769 14.9344 -72.1585
-105.643 16.8705 -54.151
-101.097 11.5298 -34.306
-94.9057 8.20549 -16.4932
-91.2863 4.47232 2.67372
-87.0493 0.632867 22.5549
-82.7509 -1.82829 43.286
-76.992 -7.97562 61.0817
-71.1636 -8.70846 81.0702
-67.5128 -11.0316 100.784
-63.1095 -13.0312 118.545
-119.187 34.1954 -68.4244
-114.295 31.8175 -48.2192
-108.343 28.4124 -29.8666
-102.8 27.7317 -11.1936
-101.043 21.62 8.43029
-93.1759 17.4958 29.9403
-90.5477 15.4647 46.3929
-82.3849 13.5441 65.7778
-78.69 8.98274 84.3708
-71.4032 6.3894 103.555
-69.649 2.67375 123.448
-125.369 52.4559 -64.3252
-123.843 48.5383 -43.4234
-118.04 46.3812 -24.273
-111.745 41.6135 -6.46536
-108.484 39.1489 12.5176
-102.127 35.3978 31.7839
-98.1532 33.7713 52.56
-91.4259 30.3881 69.0498
-88.3679 25.6818 88.2844
-82.699 23.5604 110.062
-76.8093 21.3035 128.13
-134.429 69.1495 -56.9521
-129.687 66.231 -36.758
-125.652 64.7347 -20.2726
-120.092 60.4427 -0.466853
-115.521 58.6393 19.517
-108.958 54.5572 35.9488
-106.291 50.2984 56.3063
-99.6509 48.0391 75.3808
-95.0788 43.1796 96.481
-89.8755 41.6351 115.07
-81.9768 39.576 133.607
-40.2827 -98.74 -110.068
-35.4737 -102.19 -92.5632
-31.0889 -106.563 -72.6748
-24.7947 -107.666 -53.6507
-20.4614 -112.048 -35.4683
-15.1485 -114.14 -15.9559
-11.841 -118.803 4.49658
-4.18102 -122.063 22.1013
0.199324 -124.373 42.8883
5.4381 -128.302 60.7383
7.93249 -131.189 80.3414
-48.3731 -81.4442 -103.981
-42.1242 -84.03 -87.6056
-37.3534 -85.7058 -68.0889
-31.6245 -90.7487 -49.1597
-27.7117 -94.1402 -29.0676
-22.4979 -97.7942 -8.57062
-17.4171 -100.872 10.5363
-11.4419 -103.528 26.6039
-8.47366 -106.323 46.1485
-2.11324 -111.535 65.0859
3.36937 -112.652 84.8288
-56.7394 -64.8623 -100.349
-48.0007 -66.169 -82.755
-44.5577 -69.5098 -63.7786
-41.0968 -73.0958 -42.2597
-34.5809 -75.9511 -23.5587
-29.7529 -78.5549 -4.14592
-25.0542 -83.6999 13.5073
-20.7377 -84.0772 33.4474
-14.9758 -89.191 51.6379
-9.051 -89.3233 71.4417
-5.34546 -94.708 90.8804
-59.4293 -44.3689 -93.0203
-57.1404 -47.0805 -75.7205
-52.7598 -52.5675 -57.8035
-48.9933 -53.8948 -38.7097
-42.9198 -56.9118 -19.144
-37.7701 -61.6803 0.314793
-33.5867 -65.7343 19.0044
-27.9546 -67.2524 38.2629
-22.1181 -70.8401 55.2628
-17.9934 -74.2691 75.6013
-12.5389 -77.5483 92.0378
-71.338 -26.6409 -90.9996
-65.114 -28.9196 -72.1831
-61.5209 -35.2679 -52.5395
-56.4166 -38.0856 -33.5129
-51.273 -40.942 -13.8532
-46.0966 -41.8426 4.27946
-37.9797 -45.9108 22.3316
-36.6556 -52.5266 41.7477
-28.4246 -54.2631 61.2345
-25.5011 -54.5379 79.4747
-20.3235 -60.7901 99.524
-79.3778 -9.50614 -86.349
-70.8833 -13.1938 -66.2467
-67.8983 -15.6334 -47.4817
-63.1621 -19.5447 -28.3792
-58.5167 -22.8973 -7.58471
-52.8702 -25.0617 9.50035
-49.1101 -29.9144 29.1172
-43.6543 -32.1632 47.4462
-38.7011 -36.8999 65.148
-34.219 -39.0058 87.0884
-28.6735 -41.5504 104.168
-87.8415 8.27338 -81.8439
-79.6754 4.99464 -60.2748
-76.4855 0.254038 -42.9218
-72.3423 -2.10703 -23.487
-66.7123 -4.13303 -5.06483
-61.9147 -7.18737 14.953
-56.1066 -10.9733 34.3343
-52.1544 -14.611 52.6402
-45.3346 -18.3651 72.6537
-41.483 -21.0174 90.425
-35.753 -23.4446 109.808
-93.7406 25.9325 -74.2828
-88.3847 21.5964 -56.3343
-83.6333 18.3779 -38.1733
-79.9019 15.9683 -17.888
-72.7138 13.8892 1.73176
-66.478 9.45817 22.5267
-63.9748 5.16132 38.2229
-59.7791 4.1898 57.5273
-54.8792 0.569861 77.6605
-47.6724 -2.65656 95.5441
-43.4306 -6.19173 114.45
-100.543 44.4733 -71.312
-94.4223 39.8866 -51.2011
-90.553 37.6544 -33.1022
-85.9597 33.277 -14.5697
-81.1053 28.9977 6.23364
-75.8521 27.0231 24.9131
-72.1777 23.2637 43.4284
-67.7954 21.7857 64.0637
-60.8545 16.8405 81.7269
-55.7541 14.0861 100.796
-50.534 11.86 120.642
-109.762 61.2742 -65.9369
-104.25 58.4814 -46.0673
-99.2617 55.1127 -28.2086
-95.5789 51.6326 -10.091
-90.1832 51.6729 9.66945
-83.7126 44.7695 29.7933
-79.2248 40.6991 48.9643
-73.4545 37.9705 67.9344
-69.3929 35.9178 88.554
-65.8686 31.7814 108.046
-60.1592 27.3827 126.53
-116.805 79.5246 -62.0069
-111.574 75.7431 -40.949
-108.2 72.1834 -22.5877
-101.921 69.1179 -2.34352
-94.7899 66.3253 14.9537
-91.5821 61.0696 34.9838
-88.6648 59.0209 54.1709
-83.2156 58.41 73.1823
-78.4745 53.4095 92.6744
-72.0444 49.0352 109.769
-67.6937 46.4308 129.73
-21.8564 -92.9071 -113.203
-15.9647 -91.3731 -94.527
-11.8711 -97.012 -75.4467
-7.49134 -98.5943 -55.9796
-2.28605 -103.127 -35.3455
2.78372 -105.133 -16.731
8.73831 -109.341 -1.29623
12.1378 -112.053 20.919
17.8985 -116.38 38.8595
22.5274 -119.064 58.2964
27.2343 -123.311 74.8211
-31.0094 -74.3619 -108.617
-25.4871 -76.2314 -88.8743
-19.5064 -78.2398 -69.8915
-13.7638 -81.1981 -52.8252
-10.2536 -86.0126 -31.451
-3.78294 -88.4422 -15.5482
1.13611 -92.7367 5.61404
5.00066 -94.9833 24.6871
11.4705 -99.4075 44.0681
16.7987 -100.053 63.6198
18.028 -105.333 82.6271
-35.7763 -53.8633 -104.697
-33.1918 -58.0072 -84.6617
-26.6222 -60.1602 -66.4691
-23.4773 -64.2562 -45.9949
-17.1457 -67.5881 -28.3707
-14.2279 -69.2968 -10.2227
-9.37579 -71.6507 9.1334
-4.05297 -76.7818 30.2911
3.0423 -80.2519 49.9788
6.72061 -83.2025 67.0432
11.9598 -85.5281 86.169
-45.6769 -37.4942 -99.7829
-40.5027 -37.5742 -79.9763
-34.9708 -42.9165 -60.9174
-29.9556 -47.0069 -41.2169
-23.6339 -50.5073 -22.4182
-20.3958 -51.1254 -2.20175
-14.4786 -56.5775 15.6618
-10.1334 -58.9315 34.9755
-5.60543 -63.366 54.275
0.461206 -65.745 73.7324
4.84602 -69.2994 92.716
-51.6209 -18.2367 -95.0746
-49.4097 -23.4618 -75.0488
-41.1614 -24.6539 -54.1853
-37.2831 -29.0882 -35.9813
-33.14 -31.1655 -17.0848
-27.8174 -34.6311 3.03593
-23.1206 -38.2666 20.6723
-16.7771 -42.2236 39.4453
-14.408 -44.1166 61.9518
-7.3271 -47.7627 78.1212
-2.84895 -51.3756 97.4676
-60.3121 -1.52314 -87.936
-54.4378 -3.27158 -70.0896
-50.4978 -7.14244 -49.7362
-45.9344 -11.8402 -30.0751
-41.0172 -14.9459 -12.8777
-35.0396 -16.9702 6.58523
-31.2622 -22.2151 25.9132
-25.9401 -23.8887 44.676
-19.7408 -25.9338 62.803
-17.6428 -30.6065 83.2802
-13.43 -34.083 100.663
-67.7522 14.91 -84.2261
-63.5542 12.8274 -66.1951
-58.8394 9.86458 -46.4976
-52.2977 7.52248 -25.7677
-48.9474 3.54662 -8.05158
-43.347 -0.00765884 10.0692
-38.7914 -3.76622 30.2153
-34.0677 -5.44372 48.969
-27.1297 -8.90659 68.9869
-24.3939 -12.1696 89.1475
-17.1269 -14.804 107.797
-75.3243 35.3034 -79.2014
-71.7285 30.8032 -61.2839
-64.5644 28.0424 -42.0409
-59.5241 24.2186 -22.3418
-54.8952 21.7499 -1.83198
-50.7569 17.0216 16.5397
-46.6336 14.0929 35.9082
-40.8763 12.4107 55.8513
-37.5025 9.99374 73.7355
-29.021 4.19801 93.1014
-26.0633 1.68255 110.143
-84.5755 52.9479 -72.3338
-79.5352 47.8399 -54.1198
-74.6567 46.2549 -36.6997
-66.7137 41.194 -19.3093
-64.054 40.1868 0.594475
-60.7075 34.5301 21.4842
-53.9176 33.8741 41.1701
-50.0289 31.3077 59.9178
-43.1471 27.4013 77.8826
-38.8923 22.7968 97.9434
-33.2428 20.3227 116.71
-92.3777 68.0455 -70.8478
-86.5439 64.4712 -50.4568
-79.6725 64.0252 -31.2781
-76.5246 60.0648 -12.1121
-72.081 56.8533 6.26254
-64.501 53.5691 26.2984
-61.6341 51.821 46.1672
-56.1727 48.3472 64.3834
-50.1869 44.5947 83.2306
-45.511 40.7084 103.401
-42.1273 37.9077 120.934
-98.306 88.505 -64.1075
-94.3714 83.9327 -45.7616
-90.8087 80.5621 -26.1432
-83.7481 79.2839 -6.40564
-78.865 74.4812 12.2144
-73.1056 71.5184 32.3532
-67.9726 67.0238 51.8026
-64.4372 66.1129 69.4775
-59.8636 61.8341 88.5284
-55.1266 58.6783 107.921
-48.4959 54.0851 125.044
-3.09451 -81.2952 -117.609
0.20981 -84.5039 -98.4707
6.60001 -88.0693 -77.6855
11.7631 -91.6091 -59.526
15.3149 -93.7931 -41.169
20.8328 -97.5484 -22.458
24.5563 -99.7731 -1.60001
32.6051 -104.562 16.1788
36.4713 -109.78 36.3507
41.6646 -112.006 54.5398
45.2027 -111.895 72.0378
-11.4878 -62.9709 -111.563
-5.8434 -67.1458 -94.5444
-1.67399 -70.1644 -72.8922
2.1536 -74.4303 -56.968
8.07588 -76.9751 -34.5629
12.4674 -81.1782 -16.7858
17.0445 -79.9676 4.1402
23.4456 -85.4645 22.1124
25.7806 -87.9167 41.2087
31.9049 -92.8657 59.8532
37.9931 -96.2224 79.6871
-19.4239 -46.0778 -109.086
-12.7495 -50.1346 -88.8807
-8.79215 -51.5475 -67.3603
-4.62993 -55.3337 -50.367
-0.25709 -58.7778 -31.4961
5.95953 -61.5363 -12.2205
12.8658 -64.9137 7.57794
16.4834 -69.2169 26.9296
20.2556 -72.1876 44.8481
26.019 -74.0094 62.5407
31.3335 -76.36 82.8898
-27.4337 -30.4023 -102.763
-22.1431 -33.2939 -83.5596
-17.3815 -33.2222 -65.0045
-13.0639 -36.4857 -43.6536
-7.58677 -40.4086 -24.8801
-3.95354 -44.8007 -7.66447
2.79092 -49.2423 12.4721
6.80404 -50.4162 33.0327
11.4015 -54.8725 51.5254
17.7377 -55.542 71.7717
22.6478 -60.5187 89.4755
-33.3856 -9.69217 -95.9006
-30.8078 -12.9473 -77.8535
-23.1805 -18.1399 -58.4004
-21.4424 -18.2611 -40.1624
-16.3998 -22.6133 -22.1617
-11.3396 -27.2163 -0.727643
-5.91898 -31.6678 17.8014
0.269127 -30.8669 37.443
6.36356 -35.1718 56.1604
11.3876 -39.0571 74.0087
16.0844 -40.9699 95.6671
-43.5241 7.10248 -92.5565
-37.0142 2.31482 -74.584
-33.8696 0.673255 -52.6665
-27.8092 -1.47115 -35.2366
-23.6144 -6.03952 -13.9235
-16.8655 -9.38789 3.25349
-12.5871 -12.3093 23.8777
-7.73439 -14.3047 41.9755
-1.79154 -18.8551 58.2645
2.15664 -20.2073 78.6679
7.44334 -26.9186 98.7455
-49.1282 24.274 -87.5919
-44.7854 21.3191 -68.685
-41.1977 18.2755 -50.3324
-34.1019 15.3766 -30.375
-30.9729 12.0944 -11.0326
-26.2915 9.73805 8.29395
-21.2598 5.65179 25.9586
-16.0754 1.63492 45.6092
-10.382 -0.48161 66.1237
-6.91493 -1.06133 84.3837
-0.688527 -8.17802 103.563
-58.5292 42.3888 -81.5111
-53.5443 40.2965 -60.7944
-48.6822 34.127 -42.8459
-43.8023 31.8487 -24.2535
-38.5577 31.0614 -5.87494
-31.0873 27.4373 12.4654
-27.0143 25.5009 33.0792
-24.6185 20.3446 53.6741
-18.6376 15.3494 69.3336
-14.5417 13.7638 89.9023
-9.08222 9.94798 109.353
-65.6374 60.3706 -77.2045
-59.5944 56.4346 -59.5258
-54.3222 55.244 -39.8954
-51.3084 51.3327 -20.5374
-45.3457 48.9131 -0.961597
-39.994 43.9144 18.9561
-37.252 39.7011 34.9031
-30.9352 39.2034 57.49
-26.8262 35.2192 75.3459
-20.4408 32.579 95.2974
-15.4924 29.6388 113.941
-73.9062 78.0596 -71.4086
-67.6892 75.3836 -53.4948
-64.5204 73.2397 -34.0535
-59.3559 67.4293 -17.9817
-53.614 64.7352 4.83236
-49.3643 63.5682 22.5935
-44.1795 59.7283 41.1021
-39.0986 55.696 61.1031
-34.5828 53.5976 80.2679
-28.8133 49.7798 96.8408
-22.6186 47.245 117.755
-80.8209 96.0459 -69.1361
-75.5203 95.3403 -47.763
-71.1043 90.0233 -29.4573
-66.0032 86.8424 -9.05948
-61.9507 83.5842 8.52337
-56.9204 80.7222 27.5734
-52.1509 76.8024 45.7465
-44.4588 72.2559 66.9502
-40.7308 70.889 86.0174
-36.526 68.4738 104.373
-31.9567 63.1379 124.602
13.8532 -71.778 -121.341
19.2013 -74.6658 -101.103
22.3716 -77.6791 -82.3864
28.238 -83.3391 -62.0889
32.6251 -84.566 -42.5485
39.7336 -89.6423 -24.7502
44.6156 -92.2089 -5.47474
48.9141 -94.0943 12.5591
53.4883 -97.9687 32.4451
59.1922 -103.298 53.1464
61.292 -106.315 69.6451
7.70124 -54.5002 -115.397
10.6772 -57.2199 -95.5545
15.4249 -61.8186 -76.7938
20.6547 -64.6635 -56.4631
26.5565 -68.2892 -38.7773
31.5996 -71.7515 -20.1265
34.9335 -74.8996 -0.366454
41.2513 -77.9748 16.9792
46.9841 -81.4165 38.3018
50.3818 -85.1658 56.086
56.5152 -84.8415 75.2631
-0.738154 -36.3415 -110.033
3.65409 -39.7758 -92.0091
6.64765 -43.9344 -74.1388
12.5911 -46.0984 -52.2012
18.6498 -50.2979 -33.4714
22.1667 -53.9487 -15.0442
28.8984 -55.8623 3.49115
33.8442 -60.2358 24.6709
38.2869 -63.7827 43.3662
42.1796 -67.1456 61.3936
48.7114 -69.9892 80.7852
-9.07183 -18.9651 -105.442
-4.84104 -23.1413 -86.8298
0.903553 -26.5504 -67.8087
6.75625 -29.2958 -49.974
9.88594 -32.9481 -29.6632
13.7213 -37.1764 -10.3283
22.1123 -39.3813 10.117
23.7409 -41.6851 27.7461
31.0317 -46.2765 45.3222
34.8697 -49.0439 68.631
41.2706 -51.4143 85.3044
-17.6238 -0.0886695 -101.692
-11.8497 -4.24836 -81.8089
-7.91174 -9.41881 -62.0999
-2.03064 -11.9702 -43.7186
3.05672 -15.0292 -25.4193
6.04334 -19.2843 -5.10044
12.4034 -21.5589 14.784
17.7624 -23.8288 33.3401
22.9704 -26.8819 50.8816
26.7928 -31.3464 70.2069
30.8049 -35.29 91.2436
-25.0922 17.0132 -95.2228
-20.8928 15.2512 -77.3262
-16.6433 11.9791 -58.0481
-10.0301 6.32353 -38.3204
-3.78706 3.92633 -19.1888
0.79798 0.373664 0.59073
4.39222 -4.61545 20.5096
11.6773 -5.54778 36.9057
14.8595 -9.11656 56.3628
18.5983 -12.9509 74.8306
25.7923 -16.1575 96.4629
-33.3541 33.8468 -89.7159
-25.5543 32.2812 -71.452
-24.0011 26.9386 -53.1247
-18.6503 23.4037 -33.587
-12.6985 19.4297 -13.3558
-6.91869 17.5312 5.09909
-2.02232 14.4698 22.4704
1.18091 13.0146 43.1353
8.25089 6.93889 62.2047
12.1256 5.49746 83.0335
17.3122 3.07582 101.315
-39.7492 52.55 -86.5499
-34.7381 48.9168 -66.6369
-30.4584 45.1535 -48.4701
-25.6723 41.5633 -29.574
-19.3601 39.5577 -9.43866
-15.7333 35.8418 8.96093
-11.2117 32.3532 29.9034
-5.49017 28.9619 47.365
1.36682 26.3436 66.7583
5.04088 23.6478 87.8094
7.22424 20.3639 105.928
-49.3021 69.5384 -83.1643
-42.1699 66.1564 -60.998
-38.232 62.834 -41.7607
-33.0556 58.8834 -25.4072
-28.6632 57.5006 -5.00617
-23.2101 51.7868 14.5253
-19.5924 50.8232 35.6222
-12.7231 44.777 53.7724
-8.62397 42.3093 70.0044
-2.98241 40.7662 90.4729
3.08504 36.8593 109.388
-56.7006 86.6048 -75.7061
-51.0919 83.913 -56.4496
-45.7865 78.3679 -38.4939
-41.2567 77.9692 -18.7594
-36.9298 73.9103 1.166
-32.2177 72.0747 19.328
-24.6339 68.3754 41.1714
-21.1065 63.3061 58.1679
-17.9032 61.027 77.8154
-9.38016 59.0192 97.0261
-6.4222 54.3462 115.082
-62.8264 105.364 -71.8749
-59.2595 101.17 -50.678
-53.3074 97.985 -32.7185
-48.4415 94.3891 -13.9077
-44.3199 92.3146 7.31627
-39.8892 88.5196 25.3055
-33.3874 85.5598 44.221
-29.6934 81.1767 63.0488
-23.2216 79.4128 82.1837
-19.155 75.2319 100.994
-12.7288 73.5304 121.013
32.9667 -63.4926 -123.812
35.3207 -67.1387 -103.669
39.639 -72.6869 -85.1412
46.5139 -72.2111 -65.0612
50.4884 -76.83 -47.461
55.0171 -79.5075 -26.8288
58.725 -83.4525 -7.75398
67.7157 -86.888 12.2426
71.0679 -88.414 28.9222
76.6249 -93.3763 47.778
81.553 -95.2407 68.2541
23.8006 -45.6211 -120.574
28.1953 -50.2446 -101.047
33.6061 -52.5506 -79.1742
38.8067 -56.7199 -60.8961
45.6618 -58.6162 -40.7285
48.4244 -62.4099 -21.2606
53.0986 -65.7205 -3.91134
59.4971 -69.0424 14.1648
64.4457 -70.3217 34.3128
69.5608 -76.9157 52.4233
73.128 -77.0768 71.4695
14.8734 -29.5187 -114.874
19.9806 -33.3367 -96.4859
26.2787 -34.3641 -74.8262
31.4444 -37.4882 -56.0788
35.0569 -40.6327 -35.1713
41.1562 -45.8476 -19.6413
46.4397 -49.606 0.687774
51.3649 -53.147 20.0316
55.5427 -53.3591 38.2925
61.7182 -56.9561 56.6017
64.2225 -61.2636 76.6816
10.2041 -11.8489 -110.15
14.3656 -12.7477 -88.9077
19.2772 -16.0198 -69.9018
24.502 -21.2539 -49.7467
29.244 -23.0614 -34.1309
30.8751 -26.6446 -13.6766
38.3844 -29.9521 7.70502
44.1058 -35.4713 24.5002
47.835 -34.7063 44.2587
51.7889 -40.3216 65.7407
57.3382 -43.8828 82.716
1.09962 5.92481 -102.897
5.38356 3.83091 -84.9691
9.6202 1.18262 -64.5652
14.9916 -2.69753 -47.081
20.1249 -5.69978 -26.9407
26.1789 -9.6228 -8.13137
29.8377 -10.4887 12.8741
34.9316 -17.1944 30.3537
40.8752 -18.6941 48.2068
44.1237 -22.8619 66.1229
50.2103 -24.2649 86.8556
-8.51828 24.0928 -99.3695
-3.94989 21.4532 -79.9208
2.64168 18.4157 -60.2365
8.14359 15.1982 -42.2772
10.2357 11.8169 -22.3208
17.7148 8.58921 -4.29999
22.6303 3.65642 13.7884
28.7208 1.28811 33.8313
33.4887 -2.58301 53.287
38.6415 -4.81641 75.4076
43.4829 -7.54822 94.3272
-12.884 42.4892 -94.5923
-11.1074 40.9613 -75.6733
-4.83503 35.3077 -56.3421
1.31138 34.2171 -36.6228
4.5298 29.8111 -16.5111
11.1939 27.3959 1.5903
15.6462 22.5014 19.7897
20.349 20.304 40.8728
23.0496 18.0803 60.2908
28.7959 14.5347 78.4412
34.1524 9.0767 95.3605
-21.0298 58.9062 -87.8808
-17.8196 57.7358 -68.8008
-13.3754 54.0294 -51.6681
-7.49629 51.7786 -30.6251
-2.09342 48.0541 -10.4305
1.72206 42.8568 8.5834
8.42666 40.2644 24.9166
13.5198 37.3939 42.704
16.7674 34.5409 62.8061
22.1448 31.0759 82.3141
26.5142 29.0621 101.371
-31.3818 77.3112 -84.6376
-26.379 74.1904 -64.4098
-19.5665 72.1655 -46.169
-13.9698 68.8748 -26.9627
-11.2742 65.1654 -6.97269
-6.16061 60.9475 11.014
-1.90176 58.4122 31.6415
4.49346 52.6378 50.8653
9.75612 49.8867 69.0864
13.5346 49.1531 87.4254
20.9945 47.2125 106.952
-36.7987 95.1868 -77.7308
-34.6516 92.0511 -59.9968
-29.3757 89.7932 -40.9055
-23.2817 84.7134 -22.1209
-18.0398 82.6076 -2.36334
-12.4736 80.434 16.5775
-6.96354 75.7116 35.3391
-3.9894 74.5599 55.8504
2.61745 70.7959 74.693
8.57142 68.1109 94.8556
11.5656 63.8381 113.564
-44.8978 112.16 -74.6326
-40.9908 109.849 -55.8982
-34.1908 106.979 -37.4306
-29.2838 102.173 -16.9047
-26.2248 99.3584 1.45028
-21.7422 97.9036 20.7293
-15.844 93.5621 40.4438
-11.6891 90.5904 60.426
-7.76178 89.3339 77.4982
-1.18229 85.9774 100.063
2.91052 82.5301 117.184
48.074 -53.2867 -125.894
53.3026 -58.1638 -109.472
58.4683 -61.3391 -89.0436
62.2792 -66.5803 -68.8923
68.3296 -66.7304 -49.9777
74.0543 -71.6816 -30.4254
79.6595 -75.3566 -11.9551
83.4781 -80.16 5.82806
90.0822 -82.1782 25.2215
93.1688 -84.2923 45.3185
99.4648 -86.8259 65.808
40.3277 -39.1701 -123.373
47.2644 -41.9119 -101.877
50.9187 -43.9849 -85.1219
57.9565 -47.001 -64.6215
61.7963 -52.7053 -45.0697
66.9225 -53.2103 -25.5934
69.9389 -56.501 -6.49631
76.1288 -60.7608 12.9009
81.0213 -62.7569 30.5171
85.3364 -66.1539 50.9532
91.3546 -69.368 68.0616
35.1544 -20.435 -112.745
37.8025 -24.7588 -97.4743
44.1459 -26.5377 -79.2756
48.1479 -29.1266 -60.087
53.456 -32.2986 -40.2171
57.7685 -37.8805 -21.9333
63.4935 -39.4769 -1.99231
68.1845 -40.1913 15.6729
73.5848 -45.2048 36.9637
76.9043 -48.2484 56.0877
81.7357 -51.1328 73.1433
27.7289 -0.761644 -112.393
28.7946 -3.96654 -91.731
36.5929 -10.0124 -74.5268
39.1333 -12.6974 -54.7552
47.0134 -14.1948 -35.6005
50.6456 -16.731 -17.3501
56.2807 -22.2089 1.53316
62.5433 -26.0617 23.758
64.5254 -28.1473 41.3448
71.2559 -33.0839 61.8291
73.9481 -34.9496 79.0517
20.2675 15.5876 -109.04
20.5389 11.8074 -89.6366
28.4966 10.4991 -67.6497
33.9295 6.09721 -48.5967
38.3414 0.955461 -31.9254
39.9764 -1.56671 -11.2099
47.5964 -4.84109 8.26247
53.3677 -5.54252 27.7342
60.0194 -9.26172 46.5104
64.1611 -12.6988 65.3354
65.8393 -16.8611 84.1656
12.4336 32.3448 -101.096
17.8953 29.9668 -83.092
22.8114 25.7558 -64.3327
27.6738 22.5723 -44.1114
30.5884 19.8672 -26.1011
35.7514 16.508 -6.02348
40.5594 12.579 12.3658
46.5294 11.2324 32.4583
50.1682 9.04456 51.9195
54.1994 4.1533 69.2481
60.7189 0.562395 89.9827
2.74726 52.0711 -97.8166
8.09368 47.3367 -77.979
13.1637 44.86 -58.9869
18.5138 41.3949 -39.9152
21.7785 36.8227 -20.1495
27.4887 33.1779 -1.50523
32.8059 30.1606 19.5179
37.4852 30.1438 37.0951
44.5845 25.6032 56.1389
47.2702 22.7811 75.3447
53.2867 17.7561 92.1954
-4.15217 66.6483 -90.6778
0.896791 65.2561 -73.7897
4.02058 63.5221 -54.2964
10.0132 59.1307 -32.7909
16.6043 56.3497 -16.4265
18.7886 52.0298 4.51443
26.6603 48.3092 22.9365
31.0718 46.4874 41.6946
34.1756 45.9479 59.521
40.6249 39.7949 79.2267
43.9495 38.2642 98.2986
-11.5533 84.806 -86.4926
-7.04378 82.3594 -67.6057
-4.75374 79.9126 -48.6797
1.52645 77.6269 -28.4343
7.94454 72.7277 -12.1078
12.651 69.9274 8.57783
16.4261 66.3601 27.7947
21.8331 64.5627 48.3905
28.5786 60.0383 65.8098
32.365 57.2434 85.8815
37.8158 54.9524 105.791
-18.7529 104.708 -81.9688
-15.0641 101.342 -64.7542
-10.9742 98.8501 -43.7177
-4.91215 93.3144 -24.004
-2.43765 91.106 -5.44573
5.41062 87.2758 15.8853
11.2939 84.9615 32.4656
13.6839 81.8206 52.1211
19.4944 79.1155 70.8763
24.0679 75.1082 90.8489
29.4443 71.9045 109.068
-29.1523 122.064 -77.3752
-23.8478 118.996 -56.3004
-18.5693 112.381 -38.3176
-12.7192 111.38 -20.8563
-6.93366 109.36 -0.223528
-2.71332 105.761 19.0418
0.896329 103.068 36.5379
6.59855 99.1021 56.5868
11.4 95.7808 76.1925
15.1562 93.7037 95.1806
23.4887 90.0279 114.518
67.7336 -47.2036 -130.267
71.0532 -49.2918 -111.667
77.6124 -53.0381 -91.2682
82.6056 -54.3956 -72.7497
86.173 -62.2553 -53.1981
92.8469 -61.1428 -34.1669
97.451 -63.6485 -15.8919
101.452 -69.1513 4.2086
111.091 -72.4624 24.1339
110.752 -76.0975 42.9483
115.355 -79.5433 61.788
60.45 -29.6972 -124.857
64.4113 -32.9235 -103.288
68.5655 -34.0201 -84.5436
73.9089 -37.7996 -69.029
79.5204 -41.7981 -49.2588
83.3125 -45.3639 -30.3692
90.0668 -48.3977 -9.60896
93.5211 -49.8092 9.69519
99.3608 -56.7957 27.4316
103.428 -58.5383 47.5892
108.355 -60.4282 66.234
53.1588 -10.7528 -120.959
55.7083 -16.2958 -99.1243
61.173 -18.1042 -80.8843
65.7996 -20.6309 -63.4041
70.4526 -23.8308 -43.9624
74.5274 -27.6025 -26.0342
81.8959 -30.6519 -6.69072
86.6702 -35.6693 12.7409
90.4044 -36.7279 32.3815
97.6185 -42.2493 53.1345
100.949 -43.4224 71.2828
43.5317 5.55871 -114.877
49.0682 4.74718 -95.7379
52.5779 -0.40227 -75.2521
58.9348 -3.79718 -57.4809
64.1801 -8.6196 -39.777
68.485 -9.96204 -19.9497
74.483 -11.9407 0.811142
79.3169 -15.2069 18.9859
82.9967 -17.8388 38.9118
87.3637 -23.0793 56.9163
93.6373 -26.3534 76.8852
36.5033 23.274 -110.327
41.7917 21.1171 -90.8587
45.601 17.8016 -71.0016
52.5344 13.1041 -51.8583
55.8191 10.8588 -33.4756
62.2651 7.44874 -15.534
65.9727 3.7654 5.25884
71.459 1.44462 22.9862
76.7229 -2.6288 43.8059
81.1697 -5.0633 62.5897
85.2384 -7.51857 79.1792
29.4105 42.3835 -105.575
35.5637 38.0385 -86.6046
40.8249 35.9379 -67.9983
43.659 31.9308 -45.1425
47.6993 30.009 -26.5603
52.7951 24.7103 -9.50122
57.0081 23.1688 8.89888
64.3358 19.9653 31.0073
67.6507 15.3184 45.3702
72.6118 13.8498 66.8127
79.1955 9.37274 83.9202
20.3928 60.073 -101.695
23.9476 56.1253 -79.5369
31.1942 52.1267 -63.2691
34.9029 51.3205 -43.4812
40.7003 45.2678 -23.6975
44.4477 43.0262 -3.73658
49.8132 41.2975 12.6169
54.5865 37.5873 35.1477
62.2785 35.973 51.6861
63.6682 29.8813 71.6748
69.2505 26.9741 89.8919
13.0156 77.197 -94.6038
17.4033 73.323 -75.103
22.8172 71.5466 -57.347
26.9031 67.3232 -38.8324
32.9561 63.8478 -18.4823
38.4597 59.9943 -0.460885
44.1159 59.2372 19.3361
48.0099 54.6646 39.317
51.9296 52.4516 58.5723
56.9974 49.5276 77.9028
63.6314 46.8874 96.0019
4.33229 94.8891 -89.9643
10.0036 90.8679 -70.3448
14.1562 87.779 -55.114
18.847 87.0511 -32.0196
26.1996 82.3094 -16.2678
28.9948 77.94 4.46931
33.9496 74.7863 26.0261
38.4248 75.2786 41.9044
45.9961 68.7886 62.1712
51.5943 65.0211 80.993
55.2415 62.6414 101.435
-1.5463 113.778 -86.7592
1.55215 108.774 -63.7177
8.50488 107.117 -48.0276
10.1261 102.951 -25.963
19.2817 99.4367 -7.72592
23.9873 96.8602 9.52277
26.0232 93.1862 29.2299
32.2828 89.0067 48.5091
35.9546 86.3443 68.5558
41.7707 82.3313 86.1584
48.1613 81.8163 105.3
-11.4507 130.102 -82.0227
-4.32244 128.28 -60.2271
-0.0928504 121.166 -42.8786
5.43385 121.643 -20.5933
9.31963 119.309 -3.0888
15.0114 113.858 14.9245
20.1177 112.165 37.3356
25.9169 106.708 51.1446
28.939 106.066 71.7292
33.9344 102.974 89.5586
38.6547 97.5846 111.392
84.7329 -39.1096 -133.233
91.3661 -40.9266 -115.025
95.0175 -43.8478 -94.5959
101.414 -45.7729 -76.467
104.923 -51.4631 -57.4446
108.311 -54.8867 -39.0621
112.736 -57.6782 -19.9053
118.41 -60.963 0.776548
126.004 -63.7784 20.3619
130.379 -66.5354 37.7975
136.962 -70.4516 57.5051
76.3172 -20.5078 -126.03
80.2 -25.3695 -109.381
86.0559 -27.183 -91.8833
90.8696 -30.3144 -71.6927
96.5033 -34.0629 -51.4375
102.374 -35.3877 -32.2561
107.6 -38.593 -12.2265
111.363 -42.7463 4.80037
116.459 -46.0917 26.3575
121.215 -48.8114 44.8801
128.767 -51.487 62.4391
69.0016 -3.20497 -122.263
75.3922 -7.50132 -103.749
78.1782 -8.78421 -84.8095
83.7823 -13.5158 -64.1868
89.6151 -14.6919 -46.0378
94.9151 -18.7666 -28.0618
98.7128 -22.016 -7.49145
104.404 -26.6777 10.7856
109.486 -28.9068 30.2904
115.316 -32.1464 47.7074
119.612 -35.1564 67.2375
61.9415 15.6098 -118.255
66.7419 12.2726 -100.268
71.7288 8.93904 -81.9706
76.4017 5.50471 -61.0883
80.9171 3.40349 -40.7147
87.893 -1.16306 -22.7589
91.1454 -3.65299 -2.4497
97.0535 -8.69752 16.0202
101.727 -10.7707 33.6758
106.483 -14.7171 55.4178
111.562 -16.4981 72.0787
53.6947 31.1599 -112.876
60.0556 29.6786 -92.502
63.9572 27.114 -76.0072
68.734 23.0124 -56.7094
74.02 20.7474 -37.3892
78.7593 16.8878 -16.8548
85.9116 12.5921 2.1532
89.5355 10.1435 20.6747
91.978 6.59291 40.0126
100.35 2.97761 59.5191
106.958 0.541865 77.4974
44.1479 49.9981 -107.801
52.1005 47.2342 -88.8877
56.4664 44.5376 -69.4368
60.8521 39.9697 -52.3308
66.0927 37.1268 -31.9204
71.1276 34.3728 -12.2347
74.9029 29.8301 6.57784
78.3844 28.9218 23.9402
87.4271 23.9195 45.0094
91.7558 22.7944 64.2866
94.9975 19.0648 83.1384
39.9011 68.9062 -103.747
43.7767 64.2616 -84.7144
48.6751 63.505 -65.819
53.4307 56.1162 -44.8193
59.8278 55.4802 -25.9959
63.7288 52.7293 -7.96789
69.6342 49.7541 12.0339
74.196 47.7358 31.3319
78.8226 41.0881 48.4965
82.2603 40.1786 69.067
86.9227 36.4937 87.6684
30.5095 85.5918 -99.2174
35.6117 83.5571 -79.8794
39.4264 79.477 -59.6901
45.3149 76.5351 -43.3977
51.0616 71.756 -22.8955
55.6678 71.2166 -4.97929
60.7578 66.9167 15.5666
66.0401 65.2258 35.8393
72.7816 60.5555 55.0607
72.894 57.6592 74.4003
80.1655 53.0116 92.5176
22.2174 102.601 -92.8272
27.8381 101.213 -74.3261
31.6634 98.2199 -56.0453
37.169 96.8557 -36.083
43.0466 90.036 -17.4333
47.6854 88.7049 3.74151
51.6129 84.8986 19.9117
57.5305 79.636 42.6039
62.2114 80.2512 59.1237
65.8224 75.2549 78.9042
72.4363 71.2376 97.1751
16.8164 122.467 -88.6185
18.8409 119.105 -69.5593
25.0228 115.226 -50.0685
29.8736 111.545 -32.56
34.2526 110.495 -13.3977
40.5971 105.651 6.18606
45.2519 102.123 24.357
50.0531 98.873 45.2176
53.9852 95.0727 64.312
60.3088 92.1052 83.3912
65.435 90.3037 101.774
7.09954 139.299 -83.7643
10.2471 136.677 -64.6983
18.7653 133.133 -46.5525
23.1188 129.095 -24.6124
28.2343 126.044 -4.73926
31.6742 122.026 13.1503
36.261 121.312 31.0988
42.271 118.224 49.8551
46.8757 111.532 70.1541
53.2833 109.818 88.5468
59.6125 106.787 107.698
103.063 -31.2283 -135.674
107.765 -33.5974 -117.431
112.339 -35.9609 -97.6157
117.998 -39.7479 -78.7715
122.487 -42.3101 -60.7862
128.788 -45.2807 -39.603
132.065 -47.8579 -21.0905
135.414 -52.7211 -2.89645
142.692 -55.7139 15.9871
146.608 -59.8863 36.2064
153.113 -61.9466 55.2766
94.7552 -12.534 -132.011
98.75 -16.2663 -114.59
102.54 -18.1311 -93.0794
110.048 -21.4273 -74.4247
113.714 -24.4437 -55.1567
119.962 -28.7666 -36.1254
124.234 -31.0616 -17.7774
129.8 -34.5642 2.66164
134.389 -37.5523 20.7405
139.456 -40.9305 40.7857
143.931 -43.7757 58.8057
86.4334 7.43469 -125.497
93.0642 1.78895 -106.633
96.1887 -0.115157 -85.3623
104.02 -2.45004 -68.7567
105.57 -5.29312 -48.8837
112.215 -9.45582 -29.0061
117.91 -13.2878 -10.4734
121.987 -17.3133 7.02015
128.687 -19.8203 26.7098
132.925 -23.5456 47.7056
137.146 -25.3718 66.761
79.6146 24.8499 -123.125
82.795 19.365 -102.749
89.7061 16.3648 -85.3957
94.8982 13.7151 -64.9483
99.3611 10.0461 -44.0927
104.622 8.06186 -26.5952
108.455 1.79433 -6.22282
114.087 1.69356 11.5685
119.76 -3.96148 33.2047
124.189 -5.74896 51.9358
129.109 -6.39732 69.1758
71.2574 40.2166 -117.626
77.455 37.6846 -97.905
81.1352 34.0501 -76.396
87.2691 30.5405 -58.5758
91.9577 27.3457 -40.2259
96.0611 24.3604 -21.8011
103.569 22.8633 -1.16187
105.858 19.0784 16.718
111.763 14.8634 36.0491
116.109 13.1342 54.5921
122.041 9.46189 73.5597
65.6314 58.1095 -113.645
67.1717 56.721 -90.8291
73.4193 53.2482 -72.1354
77.784 49.7699 -54.6225
85.0715 45.5881 -35.9013
88.7186 42.3235 -16.1074
91.1055 39.3503 3.62292
99.0675 36.8129 21.8418
102.481 32.601 42.0788
108.199 29.564 59.1512
114.502 27.1435 77.5826
56.5433 74.5837 -106.563
62.5486 72.9833 -87.4515
64.7419 70.5116 -69.5626
72.4425 68.2035 -47.2572
75.3991 64.2829 -30.0622
81.4571 60.7553 -11.6392
85.1198 59.1833 7.11573
92.1516 54.8005 27.4516
94.2066 51.8755 46.1205
99.5612 47.6551 64.8439
105.116 45.4977 84.6812
48.7502 95.466 -101.629
54.2152 91.2864 -83.6164
59.7383 87.2355 -63.7095
64.1402 86.2251 -43.43
68.2041 81.825 -24.987
73.7406 79.5115 -5.14824
78.2343 76.3465 10.9518
82.0126 71.492 33.6023
88.0486 69.3109 51.584
93.6416 67.2746 69.9808
97.9532 62.2844 91.3875
40.1279 112.438 -97.1078
45.7391 111.135 -76.1072
52.7533 104.327 -58.3488
56.5332 103.931 -38.5985
61.5295 100.971 -21.5047
65.5081 95.3528 -1.94696
70.813 93.8878 16.8722
75.6391 88.154 37.1704
78.65 89.4467 56.5277
86.2686 81.6295 76.3143
89.5762 80.2246 96.0265
33.2203 129.945 -92.7575
37.7768 125.79 -72.6032
43.3954 123.03 -53.2394
47.3955 121.078 -33.3658
52.9222 117.495 -13.9066
55.6818 113.011 3.88431
64.1249 109.385 24.4828
68.8631 108.028 42.3963
73.1388 103.838 61.8413
77.7461 101.754 79.5824
84.7724 99.4806 99.9475
26.98 147.076 -85.5639
29.795 145.462 -66.5336
34.3971 140.107 -49.0556
40.9552 138.637 -32.4591
45.4913 135.97 -11.8705
49.6367 132.225 9.22471
55.2465 128.854 27.1511
60.1557 125.931 46.7312
64.415 121.604 64.9597
70.294 120.068 85.061
74.7756 116.652 102.46
# データ (ここまで)
