
img_point :img.dat
ply_point :ply.dat
plyfile :s10.ply

imgpath :kyoiku.JPG
outdir :../../ply_data/check_1124_2/
Matrix_M:
 128533.124827  246798.692801 -109695.461814   75685.953899  167843.832773  -73201.886779    5867.949192    5156.921938   94650.598085
 246798.692801  559468.875173 -240001.886779  167843.832773  431514.046101 -179210.612889    5156.921938    4532.050808  198060.355150
-109695.461814 -240001.886779  288501.000000  -73201.886779 -179210.612889  200700.000000   94650.598085  198060.355150 -173500.000000
  75685.953899  167843.832773  -73201.886779   50756.790374  127116.484496  -53450.612889    1173.589838    1031.384388   59940.355150
 167843.832773  431514.046101 -179210.612889  127116.484496  359389.209626 -144620.822781    1031.384388     906.410162  144580.259456
 -73201.886779 -179210.612889  200700.000000  -53450.612889 -144620.822781  154541.000000   59940.355150  144580.259456 -122700.000000
   5867.949192    5156.921938   94650.598085    1173.589838    1031.384388   59940.355150   54934.619446  101813.630283  -41580.108514
   5156.921938    4532.050808  198060.355150    1031.384388     906.410162  144580.259456  101813.630283  226507.380554  -93981.139469
  94650.598085  198060.355150 -173500.000000   59940.355150  144580.259456 -122700.000000  -41580.108514  -93981.139469  171813.000000
Eigenvalue :
      1.000000
      1.000000
      1.000000
    475.947014
  14278.101845
  38333.060572
  65096.585318
 503833.196810
1372425.108441
min_eigen
1.000000
min_eigenvector
-0.391873
 0.145506
-0.533239
-0.364898
-0.210674
-0.198799
 0.362399
 0.438785
-0.000000
Essential Matrix:
-0.391873  0.145506 -0.533239
-0.364898 -0.210674 -0.198799
 0.362399  0.438785 -0.000000

E * E.t Eigenvalue :
-0.000000
 0.311203
 0.688797
E * E.t min_eigen
-0.000000
E * E.t Eigen vec
 0.304046 -0.663126  0.683974
-0.815541  0.189908  0.546651
-0.492391 -0.724015 -0.483066
E * E.t min_eigenvector
 0.304046
-0.815541
-0.492391
check_sign: 
5127.029964
vector_t_cross
 0.000000 -0.492391  0.815541
 0.492391  0.000000  0.304046
-0.815541 -0.304046  0.000000

Matrix_R calc from matrix_E
 0.789876117192047  0.583113664918408 -0.189932022774039
-0.582023285675213  0.810369715147517  0.067452351356791
 0.193247546999812  0.057265858564710  0.979477415268674

frac_up
-0.292621765682518
frac_up
-2.279474272061125
frac_up
-4.924444437314071
frac_up
-8.144620985688480
frac_up
-11.819271352338760
frac_up
-15.813314871683753
frac_up
-20.004829897882153
frac_up
-24.303991108672175
frac_up
-28.658234460402262
frac_up
-33.046938781488713
frac_up
-37.471889926995765
frac_up
-38.584325832619641
frac_up
-40.321065386814539
frac_up
-42.659917250075935
frac_up
-45.535497848661230
frac_up
-48.842081090256158
frac_up
-52.453325387003623
frac_up
-56.251083768890645
frac_up
-60.148313504295210
frac_up
-64.096873813455048
frac_up
-68.082243378427620
frac_up
-72.112678783428507
frac_up
-73.148689652163227
frac_up
-74.738864640925541
frac_up
-76.867081436558053
frac_up
-79.479228684965747
frac_up
-82.481382465788158
frac_up
-85.755392317111756
frac_up
-89.188056666375601
frac_up
-92.697730801766198
frac_up
-96.244533669631892
frac_up
-99.824294734247133
frac_up
-103.455460125363985
frac_up
-104.513018076258760
frac_up
-106.063020035798502
frac_up
-108.088358626130315
frac_up
-110.538152316995905
frac_up
-113.323130679337211
frac_up
-116.328156288794261
frac_up
-119.442411217129205
frac_up
-122.590589142498658
frac_up
-125.745456077131749
frac_up
-128.919279123272560
frac_up
-132.146353768657576
frac_up
-133.309195870300357
scale_s
45
-2.962426574895563
--------------ok理論値
 0.866025403784439 -0.500000000000000  0.000000000000000
 0.500000000000000  0.866025403784439  0.000000000000000
 0.000000000000000  0.000000000000000  1.000000000000000
Rotation matrix Eigenvalue :
 (0.789861623804119,0.613285101108384)
(0.789861623804119,-0.613285101108384)
 (1.000000000000000,0.000000000000000)
Eigen vec
(-0.558497249425407,-0.433643098689849)  (-0.558497249425407,0.433643098689849)   (0.008304859170450,0.000000000000000)
 (0.413401408748318,-0.529436153003377)   (0.413401408748318,0.529436153003377)   (0.312399216189448,0.000000000000000)
 (-0.131072871446234,0.177907343444980) (-0.131072871446234,-0.177907343444980)   (0.949914606182249,0.000000000000000)
Rotation_axis
0.008304859170450
0.312399216189448
0.949914606182249
Rotation_degree: 37.827418095153128
