
default_dir_path: ../../ply_data/check_1130/

corresp_img_file_name: 

corresp_ply_file_name: 
t0_0_5.0.dat
img.dat

img_file_path: 

ply_file_path: 
transform_rotate_simulation::
Point: corresp_plypoint
-3.66025403784439 -13.6602540378444                -5
-3.66025403784439 -13.6602540378444                -3
-3.66025403784439 -13.6602540378444                -1
-3.66025403784439 -13.6602540378444                 1
-3.66025403784439 -13.6602540378444                 3
-3.66025403784439 -13.6602540378444                 5
-3.66025403784439 -13.6602540378444                 7
-3.66025403784439 -13.6602540378444                 9
-3.66025403784439 -13.6602540378444                11
-3.66025403784439 -13.6602540378444                13
-3.66025403784439 -13.6602540378444                15
-4.66025403784439 -11.9282032302755                -5
-4.66025403784439 -11.9282032302755                -3
-4.66025403784439 -11.9282032302755                -1
-4.66025403784439 -11.9282032302755                 1
-4.66025403784439 -11.9282032302755                 3
-4.66025403784439 -11.9282032302755                 5
-4.66025403784439 -11.9282032302755                 7
-4.66025403784439 -11.9282032302755                 9
-4.66025403784439 -11.9282032302755                11
-4.66025403784439 -11.9282032302755                13
-4.66025403784439 -11.9282032302755                15
-5.66025403784439 -10.1961524227066                -5
-5.66025403784439 -10.1961524227066                -3
-5.66025403784439 -10.1961524227066                -1
-5.66025403784439 -10.1961524227066                 1
-5.66025403784439 -10.1961524227066                 3
-5.66025403784439 -10.1961524227066                 5
-5.66025403784439 -10.1961524227066                 7
-5.66025403784439 -10.1961524227066                 9
-5.66025403784439 -10.1961524227066                11
-5.66025403784439 -10.1961524227066                13
-5.66025403784439 -10.1961524227066                15
-6.66025403784439 -8.46410161513775                -5
-6.66025403784439 -8.46410161513775                -3
-6.66025403784439 -8.46410161513775                -1
-6.66025403784439 -8.46410161513775                 1
-6.66025403784439 -8.46410161513775                 3
-6.66025403784439 -8.46410161513775                 5
-6.66025403784439 -8.46410161513775                 7
-6.66025403784439 -8.46410161513775                 9
-6.66025403784439 -8.46410161513775                11
-6.66025403784439 -8.46410161513775                13
-6.66025403784439 -8.46410161513775                15
-7.66025403784439 -6.73205080756888                -5
-7.66025403784439 -6.73205080756888                -3
-7.66025403784439 -6.73205080756888                -1
-7.66025403784439 -6.73205080756888                 1
-7.66025403784439 -6.73205080756888                 3
-7.66025403784439 -6.73205080756888                 5
-7.66025403784439 -6.73205080756888                 7
-7.66025403784439 -6.73205080756888                 9
-7.66025403784439 -6.73205080756888                11
-7.66025403784439 -6.73205080756888                13
-7.66025403784439 -6.73205080756888                15
-8.66025403784439                -5                -5
-8.66025403784439                -5                -3
-8.66025403784439                -5                -1
-8.66025403784439                -5                 1
-8.66025403784439                -5                 3
-8.66025403784439                -5                 5
-8.66025403784439                -5                 7
-8.66025403784439                -5                 9
-8.66025403784439                -5                11
-8.66025403784439                -5                13
-8.66025403784439                -5                15
-9.66025403784439 -3.26794919243112                -5
-9.66025403784439 -3.26794919243112                -3
-9.66025403784439 -3.26794919243112                -1
-9.66025403784439 -3.26794919243112                 1
-9.66025403784439 -3.26794919243112                 3
-9.66025403784439 -3.26794919243112                 5
-9.66025403784439 -3.26794919243112                 7
-9.66025403784439 -3.26794919243112                 9
-9.66025403784439 -3.26794919243112                11
-9.66025403784439 -3.26794919243112                13
-9.66025403784439 -3.26794919243112                15
-10.6602540378444 -1.53589838486224                -5
-10.6602540378444 -1.53589838486224                -3
-10.6602540378444 -1.53589838486224                -1
-10.6602540378444 -1.53589838486224                 1
-10.6602540378444 -1.53589838486224                 3
-10.6602540378444 -1.53589838486224                 5
-10.6602540378444 -1.53589838486224                 7
-10.6602540378444 -1.53589838486224                 9
-10.6602540378444 -1.53589838486224                11
-10.6602540378444 -1.53589838486224                13
-10.6602540378444 -1.53589838486224                15
-11.6602540378444 0.196152422706633                -5
-11.6602540378444 0.196152422706633                -3
-11.6602540378444 0.196152422706633                -1
-11.6602540378444 0.196152422706633                 1
-11.6602540378444 0.196152422706633                 3
-11.6602540378444 0.196152422706633                 5
-11.6602540378444 0.196152422706633                 7
-11.6602540378444 0.196152422706633                 9
-11.6602540378444 0.196152422706633                11
-11.6602540378444 0.196152422706633                13
-11.6602540378444 0.196152422706633                15
-12.6602540378444  1.92820323027551                -5
-12.6602540378444  1.92820323027551                -3
-12.6602540378444  1.92820323027551                -1
-12.6602540378444  1.92820323027551                 1
-12.6602540378444  1.92820323027551                 3
-12.6602540378444  1.92820323027551                 5
-12.6602540378444  1.92820323027551                 7
-12.6602540378444  1.92820323027551                 9
-12.6602540378444  1.92820323027551                11
-12.6602540378444  1.92820323027551                13
-12.6602540378444  1.92820323027551                15
-13.6602540378444  3.66025403784439                -5
-13.6602540378444  3.66025403784439                -3
-13.6602540378444  3.66025403784439                -1
-13.6602540378444  3.66025403784439                 1
-13.6602540378444  3.66025403784439                 3
-13.6602540378444  3.66025403784439                 5
-13.6602540378444  3.66025403784439                 7
-13.6602540378444  3.66025403784439                 9
-13.6602540378444  3.66025403784439                11
-13.6602540378444  3.66025403784439                13
-13.6602540378444  3.66025403784439                15
-1.92820323027551 -12.6602540378444                -5
-1.92820323027551 -12.6602540378444                -3
-1.92820323027551 -12.6602540378444                -1
-1.92820323027551 -12.6602540378444                 1
-1.92820323027551 -12.6602540378444                 3
-1.92820323027551 -12.6602540378444                 5
-1.92820323027551 -12.6602540378444                 7
-1.92820323027551 -12.6602540378444                 9
-1.92820323027551 -12.6602540378444                11
-1.92820323027551 -12.6602540378444                13
-1.92820323027551 -12.6602540378444                15
-2.92820323027551 -10.9282032302755                -5
-2.92820323027551 -10.9282032302755                -3
-2.92820323027551 -10.9282032302755                -1
-2.92820323027551 -10.9282032302755                 1
-2.92820323027551 -10.9282032302755                 3
-2.92820323027551 -10.9282032302755                 5
-2.92820323027551 -10.9282032302755                 7
-2.92820323027551 -10.9282032302755                 9
-2.92820323027551 -10.9282032302755                11
-2.92820323027551 -10.9282032302755                13
-2.92820323027551 -10.9282032302755                15
-3.92820323027551 -9.19615242270663                -5
-3.92820323027551 -9.19615242270663                -3
-3.92820323027551 -9.19615242270663                -1
-3.92820323027551 -9.19615242270663                 1
-3.92820323027551 -9.19615242270663                 3
-3.92820323027551 -9.19615242270663                 5
-3.92820323027551 -9.19615242270663                 7
-3.92820323027551 -9.19615242270663                 9
-3.92820323027551 -9.19615242270663                11
-3.92820323027551 -9.19615242270663                13
-3.92820323027551 -9.19615242270663                15
-4.92820323027551 -7.46410161513775                -5
-4.92820323027551 -7.46410161513775                -3
-4.92820323027551 -7.46410161513775                -1
-4.92820323027551 -7.46410161513775                 1
-4.92820323027551 -7.46410161513775                 3
-4.92820323027551 -7.46410161513775                 5
-4.92820323027551 -7.46410161513775                 7
-4.92820323027551 -7.46410161513775                 9
-4.92820323027551 -7.46410161513775                11
-4.92820323027551 -7.46410161513775                13
-4.92820323027551 -7.46410161513775                15
-5.92820323027551 -5.73205080756888                -5
-5.92820323027551 -5.73205080756888                -3
-5.92820323027551 -5.73205080756888                -1
-5.92820323027551 -5.73205080756888                 1
-5.92820323027551 -5.73205080756888                 3
-5.92820323027551 -5.73205080756888                 5
-5.92820323027551 -5.73205080756888                 7
-5.92820323027551 -5.73205080756888                 9
-5.92820323027551 -5.73205080756888                11
-5.92820323027551 -5.73205080756888                13
-5.92820323027551 -5.73205080756888                15
-6.92820323027551                -4                -5
-6.92820323027551                -4                -3
-6.92820323027551                -4                -1
-6.92820323027551                -4                 1
-6.92820323027551                -4                 3
-6.92820323027551                -4                 5
-6.92820323027551                -4                 7
-6.92820323027551                -4                 9
-6.92820323027551                -4                11
-6.92820323027551                -4                13
-6.92820323027551                -4                15
-7.92820323027551 -2.26794919243112                -5
-7.92820323027551 -2.26794919243112                -3
-7.92820323027551 -2.26794919243112                -1
-7.92820323027551 -2.26794919243112                 1
-7.92820323027551 -2.26794919243112                 3
-7.92820323027551 -2.26794919243112                 5
-7.92820323027551 -2.26794919243112                 7
-7.92820323027551 -2.26794919243112                 9
-7.92820323027551 -2.26794919243112                11
-7.92820323027551 -2.26794919243112                13
-7.92820323027551 -2.26794919243112                15
 -8.92820323027551 -0.535898384862245                 -5
 -8.92820323027551 -0.535898384862245                 -3
 -8.92820323027551 -0.535898384862245                 -1
 -8.92820323027551 -0.535898384862245                  1
 -8.92820323027551 -0.535898384862245                  3
 -8.92820323027551 -0.535898384862245                  5
 -8.92820323027551 -0.535898384862245                  7
 -8.92820323027551 -0.535898384862245                  9
 -8.92820323027551 -0.535898384862245                 11
 -8.92820323027551 -0.535898384862245                 13
 -8.92820323027551 -0.535898384862245                 15
-9.92820323027551  1.19615242270663                -5
-9.92820323027551  1.19615242270663                -3
-9.92820323027551  1.19615242270663                -1
-9.92820323027551  1.19615242270663                 1
-9.92820323027551  1.19615242270663                 3
-9.92820323027551  1.19615242270663                 5
-9.92820323027551  1.19615242270663                 7
-9.92820323027551  1.19615242270663                 9
-9.92820323027551  1.19615242270663                11
-9.92820323027551  1.19615242270663                13
-9.92820323027551  1.19615242270663                15
-10.9282032302755  2.92820323027551                -5
-10.9282032302755  2.92820323027551                -3
-10.9282032302755  2.92820323027551                -1
-10.9282032302755  2.92820323027551                 1
-10.9282032302755  2.92820323027551                 3
-10.9282032302755  2.92820323027551                 5
-10.9282032302755  2.92820323027551                 7
-10.9282032302755  2.92820323027551                 9
-10.9282032302755  2.92820323027551                11
-10.9282032302755  2.92820323027551                13
-10.9282032302755  2.92820323027551                15
-11.9282032302755  4.66025403784439                -5
-11.9282032302755  4.66025403784439                -3
-11.9282032302755  4.66025403784439                -1
-11.9282032302755  4.66025403784439                 1
-11.9282032302755  4.66025403784439                 3
-11.9282032302755  4.66025403784439                 5
-11.9282032302755  4.66025403784439                 7
-11.9282032302755  4.66025403784439                 9
-11.9282032302755  4.66025403784439                11
-11.9282032302755  4.66025403784439                13
-11.9282032302755  4.66025403784439                15
-0.196152422706633  -11.6602540378444                 -5
-0.196152422706633  -11.6602540378444                 -3
-0.196152422706633  -11.6602540378444                 -1
-0.196152422706633  -11.6602540378444                  1
-0.196152422706633  -11.6602540378444                  3
-0.196152422706633  -11.6602540378444                  5
-0.196152422706633  -11.6602540378444                  7
-0.196152422706633  -11.6602540378444                  9
-0.196152422706633  -11.6602540378444                 11
-0.196152422706633  -11.6602540378444                 13
-0.196152422706633  -11.6602540378444                 15
-1.19615242270663 -9.92820323027551                -5
-1.19615242270663 -9.92820323027551                -3
-1.19615242270663 -9.92820323027551                -1
-1.19615242270663 -9.92820323027551                 1
-1.19615242270663 -9.92820323027551                 3
-1.19615242270663 -9.92820323027551                 5
-1.19615242270663 -9.92820323027551                 7
-1.19615242270663 -9.92820323027551                 9
-1.19615242270663 -9.92820323027551                11
-1.19615242270663 -9.92820323027551                13
-1.19615242270663 -9.92820323027551                15
-2.19615242270663 -8.19615242270663                -5
-2.19615242270663 -8.19615242270663                -3
-2.19615242270663 -8.19615242270663                -1
-2.19615242270663 -8.19615242270663                 1
-2.19615242270663 -8.19615242270663                 3
-2.19615242270663 -8.19615242270663                 5
-2.19615242270663 -8.19615242270663                 7
-2.19615242270663 -8.19615242270663                 9
-2.19615242270663 -8.19615242270663                11
-2.19615242270663 -8.19615242270663                13
-2.19615242270663 -8.19615242270663                15
-3.19615242270663 -6.46410161513775                -5
-3.19615242270663 -6.46410161513775                -3
-3.19615242270663 -6.46410161513775                -1
-3.19615242270663 -6.46410161513775                 1
-3.19615242270663 -6.46410161513775                 3
-3.19615242270663 -6.46410161513775                 5
-3.19615242270663 -6.46410161513775                 7
-3.19615242270663 -6.46410161513775                 9
-3.19615242270663 -6.46410161513775                11
-3.19615242270663 -6.46410161513775                13
-3.19615242270663 -6.46410161513775                15
-4.19615242270663 -4.73205080756888                -5
-4.19615242270663 -4.73205080756888                -3
-4.19615242270663 -4.73205080756888                -1
-4.19615242270663 -4.73205080756888                 1
-4.19615242270663 -4.73205080756888                 3
-4.19615242270663 -4.73205080756888                 5
-4.19615242270663 -4.73205080756888                 7
-4.19615242270663 -4.73205080756888                 9
-4.19615242270663 -4.73205080756888                11
-4.19615242270663 -4.73205080756888                13
-4.19615242270663 -4.73205080756888                15
-5.19615242270663                -3                -5
-5.19615242270663                -3                -3
-5.19615242270663                -3                -1
-5.19615242270663                -3                 1
-5.19615242270663                -3                 3
-5.19615242270663                -3                 5
-5.19615242270663                -3                 7
-5.19615242270663                -3                 9
-5.19615242270663                -3                11
-5.19615242270663                -3                13
-5.19615242270663                -3                15
-6.19615242270663 -1.26794919243112                -5
-6.19615242270663 -1.26794919243112                -3
-6.19615242270663 -1.26794919243112                -1
-6.19615242270663 -1.26794919243112                 1
-6.19615242270663 -1.26794919243112                 3
-6.19615242270663 -1.26794919243112                 5
-6.19615242270663 -1.26794919243112                 7
-6.19615242270663 -1.26794919243112                 9
-6.19615242270663 -1.26794919243112                11
-6.19615242270663 -1.26794919243112                13
-6.19615242270663 -1.26794919243112                15
-7.19615242270663 0.464101615137755                -5
-7.19615242270663 0.464101615137755                -3
-7.19615242270663 0.464101615137755                -1
-7.19615242270663 0.464101615137755                 1
-7.19615242270663 0.464101615137755                 3
-7.19615242270663 0.464101615137755                 5
-7.19615242270663 0.464101615137755                 7
-7.19615242270663 0.464101615137755                 9
-7.19615242270663 0.464101615137755                11
-7.19615242270663 0.464101615137755                13
-7.19615242270663 0.464101615137755                15
-8.19615242270663  2.19615242270663                -5
-8.19615242270663  2.19615242270663                -3
-8.19615242270663  2.19615242270663                -1
-8.19615242270663  2.19615242270663                 1
-8.19615242270663  2.19615242270663                 3
-8.19615242270663  2.19615242270663                 5
-8.19615242270663  2.19615242270663                 7
-8.19615242270663  2.19615242270663                 9
-8.19615242270663  2.19615242270663                11
-8.19615242270663  2.19615242270663                13
-8.19615242270663  2.19615242270663                15
-9.19615242270663  3.92820323027551                -5
-9.19615242270663  3.92820323027551                -3
-9.19615242270663  3.92820323027551                -1
-9.19615242270663  3.92820323027551                 1
-9.19615242270663  3.92820323027551                 3
-9.19615242270663  3.92820323027551                 5
-9.19615242270663  3.92820323027551                 7
-9.19615242270663  3.92820323027551                 9
-9.19615242270663  3.92820323027551                11
-9.19615242270663  3.92820323027551                13
-9.19615242270663  3.92820323027551                15
-10.1961524227066  5.66025403784439                -5
-10.1961524227066  5.66025403784439                -3
-10.1961524227066  5.66025403784439                -1
-10.1961524227066  5.66025403784439                 1
-10.1961524227066  5.66025403784439                 3
-10.1961524227066  5.66025403784439                 5
-10.1961524227066  5.66025403784439                 7
-10.1961524227066  5.66025403784439                 9
-10.1961524227066  5.66025403784439                11
-10.1961524227066  5.66025403784439                13
-10.1961524227066  5.66025403784439                15
 1.53589838486224 -10.6602540378444                -5
 1.53589838486224 -10.6602540378444                -3
 1.53589838486224 -10.6602540378444                -1
 1.53589838486224 -10.6602540378444                 1
 1.53589838486224 -10.6602540378444                 3
 1.53589838486224 -10.6602540378444                 5
 1.53589838486224 -10.6602540378444                 7
 1.53589838486224 -10.6602540378444                 9
 1.53589838486224 -10.6602540378444                11
 1.53589838486224 -10.6602540378444                13
 1.53589838486224 -10.6602540378444                15
0.535898384862245 -8.92820323027551                -5
0.535898384862245 -8.92820323027551                -3
0.535898384862245 -8.92820323027551                -1
0.535898384862245 -8.92820323027551                 1
0.535898384862245 -8.92820323027551                 3
0.535898384862245 -8.92820323027551                 5
0.535898384862245 -8.92820323027551                 7
0.535898384862245 -8.92820323027551                 9
0.535898384862245 -8.92820323027551                11
0.535898384862245 -8.92820323027551                13
0.535898384862245 -8.92820323027551                15
-0.464101615137755  -7.19615242270663                 -5
-0.464101615137755  -7.19615242270663                 -3
-0.464101615137755  -7.19615242270663                 -1
-0.464101615137755  -7.19615242270663                  1
-0.464101615137755  -7.19615242270663                  3
-0.464101615137755  -7.19615242270663                  5
-0.464101615137755  -7.19615242270663                  7
-0.464101615137755  -7.19615242270663                  9
-0.464101615137755  -7.19615242270663                 11
-0.464101615137755  -7.19615242270663                 13
-0.464101615137755  -7.19615242270663                 15
-1.46410161513776 -5.46410161513775                -5
-1.46410161513776 -5.46410161513775                -3
-1.46410161513776 -5.46410161513775                -1
-1.46410161513776 -5.46410161513775                 1
-1.46410161513776 -5.46410161513775                 3
-1.46410161513776 -5.46410161513775                 5
-1.46410161513776 -5.46410161513775                 7
-1.46410161513776 -5.46410161513775                 9
-1.46410161513776 -5.46410161513775                11
-1.46410161513776 -5.46410161513775                13
-1.46410161513776 -5.46410161513775                15
-2.46410161513775 -3.73205080756888                -5
-2.46410161513775 -3.73205080756888                -3
-2.46410161513775 -3.73205080756888                -1
-2.46410161513775 -3.73205080756888                 1
-2.46410161513775 -3.73205080756888                 3
-2.46410161513775 -3.73205080756888                 5
-2.46410161513775 -3.73205080756888                 7
-2.46410161513775 -3.73205080756888                 9
-2.46410161513775 -3.73205080756888                11
-2.46410161513775 -3.73205080756888                13
-2.46410161513775 -3.73205080756888                15
-3.46410161513775                -2                -5
-3.46410161513775                -2                -3
-3.46410161513775                -2                -1
-3.46410161513775                -2                 1
-3.46410161513775                -2                 3
-3.46410161513775                -2                 5
-3.46410161513775                -2                 7
-3.46410161513775                -2                 9
-3.46410161513775                -2                11
-3.46410161513775                -2                13
-3.46410161513775                -2                15
 -4.46410161513775 -0.267949192431122                 -5
 -4.46410161513775 -0.267949192431122                 -3
 -4.46410161513775 -0.267949192431122                 -1
 -4.46410161513775 -0.267949192431122                  1
 -4.46410161513775 -0.267949192431122                  3
 -4.46410161513775 -0.267949192431122                  5
 -4.46410161513775 -0.267949192431122                  7
 -4.46410161513775 -0.267949192431122                  9
 -4.46410161513775 -0.267949192431122                 11
 -4.46410161513775 -0.267949192431122                 13
 -4.46410161513775 -0.267949192431122                 15
-5.46410161513775  1.46410161513776                -5
-5.46410161513775  1.46410161513776                -3
-5.46410161513775  1.46410161513776                -1
-5.46410161513775  1.46410161513776                 1
-5.46410161513775  1.46410161513776                 3
-5.46410161513775  1.46410161513776                 5
-5.46410161513775  1.46410161513776                 7
-5.46410161513775  1.46410161513776                 9
-5.46410161513775  1.46410161513776                11
-5.46410161513775  1.46410161513776                13
-5.46410161513775  1.46410161513776                15
-6.46410161513775  3.19615242270663                -5
-6.46410161513775  3.19615242270663                -3
-6.46410161513775  3.19615242270663                -1
-6.46410161513775  3.19615242270663                 1
-6.46410161513775  3.19615242270663                 3
-6.46410161513775  3.19615242270663                 5
-6.46410161513775  3.19615242270663                 7
-6.46410161513775  3.19615242270663                 9
-6.46410161513775  3.19615242270663                11
-6.46410161513775  3.19615242270663                13
-6.46410161513775  3.19615242270663                15
-7.46410161513775  4.92820323027551                -5
-7.46410161513775  4.92820323027551                -3
-7.46410161513775  4.92820323027551                -1
-7.46410161513775  4.92820323027551                 1
-7.46410161513775  4.92820323027551                 3
-7.46410161513775  4.92820323027551                 5
-7.46410161513775  4.92820323027551                 7
-7.46410161513775  4.92820323027551                 9
-7.46410161513775  4.92820323027551                11
-7.46410161513775  4.92820323027551                13
-7.46410161513775  4.92820323027551                15
-8.46410161513775  6.66025403784439                -5
-8.46410161513775  6.66025403784439                -3
-8.46410161513775  6.66025403784439                -1
-8.46410161513775  6.66025403784439                 1
-8.46410161513775  6.66025403784439                 3
-8.46410161513775  6.66025403784439                 5
-8.46410161513775  6.66025403784439                 7
-8.46410161513775  6.66025403784439                 9
-8.46410161513775  6.66025403784439                11
-8.46410161513775  6.66025403784439                13
-8.46410161513775  6.66025403784439                15
 3.26794919243112 -9.66025403784439                -5
 3.26794919243112 -9.66025403784439                -3
 3.26794919243112 -9.66025403784439                -1
 3.26794919243112 -9.66025403784439                 1
 3.26794919243112 -9.66025403784439                 3
 3.26794919243112 -9.66025403784439                 5
 3.26794919243112 -9.66025403784439                 7
 3.26794919243112 -9.66025403784439                 9
 3.26794919243112 -9.66025403784439                11
 3.26794919243112 -9.66025403784439                13
 3.26794919243112 -9.66025403784439                15
 2.26794919243112 -7.92820323027551                -5
 2.26794919243112 -7.92820323027551                -3
 2.26794919243112 -7.92820323027551                -1
 2.26794919243112 -7.92820323027551                 1
 2.26794919243112 -7.92820323027551                 3
 2.26794919243112 -7.92820323027551                 5
 2.26794919243112 -7.92820323027551                 7
 2.26794919243112 -7.92820323027551                 9
 2.26794919243112 -7.92820323027551                11
 2.26794919243112 -7.92820323027551                13
 2.26794919243112 -7.92820323027551                15
 1.26794919243112 -6.19615242270663                -5
 1.26794919243112 -6.19615242270663                -3
 1.26794919243112 -6.19615242270663                -1
 1.26794919243112 -6.19615242270663                 1
 1.26794919243112 -6.19615242270663                 3
 1.26794919243112 -6.19615242270663                 5
 1.26794919243112 -6.19615242270663                 7
 1.26794919243112 -6.19615242270663                 9
 1.26794919243112 -6.19615242270663                11
 1.26794919243112 -6.19615242270663                13
 1.26794919243112 -6.19615242270663                15
0.267949192431122 -4.46410161513775                -5
0.267949192431122 -4.46410161513775                -3
0.267949192431122 -4.46410161513775                -1
0.267949192431122 -4.46410161513775                 1
0.267949192431122 -4.46410161513775                 3
0.267949192431122 -4.46410161513775                 5
0.267949192431122 -4.46410161513775                 7
0.267949192431122 -4.46410161513775                 9
0.267949192431122 -4.46410161513775                11
0.267949192431122 -4.46410161513775                13
0.267949192431122 -4.46410161513775                15
-0.732050807568878  -2.73205080756888                 -5
-0.732050807568878  -2.73205080756888                 -3
-0.732050807568878  -2.73205080756888                 -1
-0.732050807568878  -2.73205080756888                  1
-0.732050807568878  -2.73205080756888                  3
-0.732050807568878  -2.73205080756888                  5
-0.732050807568878  -2.73205080756888                  7
-0.732050807568878  -2.73205080756888                  9
-0.732050807568878  -2.73205080756888                 11
-0.732050807568878  -2.73205080756888                 13
-0.732050807568878  -2.73205080756888                 15
-1.73205080756888                -1                -5
-1.73205080756888                -1                -3
-1.73205080756888                -1                -1
-1.73205080756888                -1                 1
-1.73205080756888                -1                 3
-1.73205080756888                -1                 5
-1.73205080756888                -1                 7
-1.73205080756888                -1                 9
-1.73205080756888                -1                11
-1.73205080756888                -1                13
-1.73205080756888                -1                15
-2.73205080756888 0.732050807568878                -5
-2.73205080756888 0.732050807568878                -3
-2.73205080756888 0.732050807568878                -1
-2.73205080756888 0.732050807568878                 1
-2.73205080756888 0.732050807568878                 3
-2.73205080756888 0.732050807568878                 5
-2.73205080756888 0.732050807568878                 7
-2.73205080756888 0.732050807568878                 9
-2.73205080756888 0.732050807568878                11
-2.73205080756888 0.732050807568878                13
-2.73205080756888 0.732050807568878                15
-3.73205080756888  2.46410161513775                -5
-3.73205080756888  2.46410161513775                -3
-3.73205080756888  2.46410161513775                -1
-3.73205080756888  2.46410161513775                 1
-3.73205080756888  2.46410161513775                 3
-3.73205080756888  2.46410161513775                 5
-3.73205080756888  2.46410161513775                 7
-3.73205080756888  2.46410161513775                 9
-3.73205080756888  2.46410161513775                11
-3.73205080756888  2.46410161513775                13
-3.73205080756888  2.46410161513775                15
-4.73205080756888  4.19615242270663                -5
-4.73205080756888  4.19615242270663                -3
-4.73205080756888  4.19615242270663                -1
-4.73205080756888  4.19615242270663                 1
-4.73205080756888  4.19615242270663                 3
-4.73205080756888  4.19615242270663                 5
-4.73205080756888  4.19615242270663                 7
-4.73205080756888  4.19615242270663                 9
-4.73205080756888  4.19615242270663                11
-4.73205080756888  4.19615242270663                13
-4.73205080756888  4.19615242270663                15
-5.73205080756888  5.92820323027551                -5
-5.73205080756888  5.92820323027551                -3
-5.73205080756888  5.92820323027551                -1
-5.73205080756888  5.92820323027551                 1
-5.73205080756888  5.92820323027551                 3
-5.73205080756888  5.92820323027551                 5
-5.73205080756888  5.92820323027551                 7
-5.73205080756888  5.92820323027551                 9
-5.73205080756888  5.92820323027551                11
-5.73205080756888  5.92820323027551                13
-5.73205080756888  5.92820323027551                15
-6.73205080756888  7.66025403784439                -5
-6.73205080756888  7.66025403784439                -3
-6.73205080756888  7.66025403784439                -1
-6.73205080756888  7.66025403784439                 1
-6.73205080756888  7.66025403784439                 3
-6.73205080756888  7.66025403784439                 5
-6.73205080756888  7.66025403784439                 7
-6.73205080756888  7.66025403784439                 9
-6.73205080756888  7.66025403784439                11
-6.73205080756888  7.66025403784439                13
-6.73205080756888  7.66025403784439                15
                5 -8.66025403784439                -5
                5 -8.66025403784439                -3
                5 -8.66025403784439                -1
                5 -8.66025403784439                 1
                5 -8.66025403784439                 3
                5 -8.66025403784439                 5
                5 -8.66025403784439                 7
                5 -8.66025403784439                 9
                5 -8.66025403784439                11
                5 -8.66025403784439                13
                5 -8.66025403784439                15
                4 -6.92820323027551                -5
                4 -6.92820323027551                -3
                4 -6.92820323027551                -1
                4 -6.92820323027551                 1
                4 -6.92820323027551                 3
                4 -6.92820323027551                 5
                4 -6.92820323027551                 7
                4 -6.92820323027551                 9
                4 -6.92820323027551                11
                4 -6.92820323027551                13
                4 -6.92820323027551                15
                3 -5.19615242270663                -5
                3 -5.19615242270663                -3
                3 -5.19615242270663                -1
                3 -5.19615242270663                 1
                3 -5.19615242270663                 3
                3 -5.19615242270663                 5
                3 -5.19615242270663                 7
                3 -5.19615242270663                 9
                3 -5.19615242270663                11
                3 -5.19615242270663                13
                3 -5.19615242270663                15
                2 -3.46410161513775                -5
                2 -3.46410161513775                -3
                2 -3.46410161513775                -1
                2 -3.46410161513775                 1
                2 -3.46410161513775                 3
                2 -3.46410161513775                 5
                2 -3.46410161513775                 7
                2 -3.46410161513775                 9
                2 -3.46410161513775                11
                2 -3.46410161513775                13
                2 -3.46410161513775                15
                1 -1.73205080756888                -5
                1 -1.73205080756888                -3
                1 -1.73205080756888                -1
                1 -1.73205080756888                 1
                1 -1.73205080756888                 3
                1 -1.73205080756888                 5
                1 -1.73205080756888                 7
                1 -1.73205080756888                 9
                1 -1.73205080756888                11
                1 -1.73205080756888                13
                1 -1.73205080756888                15
 0  0 -5
 0  0 -3
 0  0 -1
0 0 1
0 0 3
0 0 5
0 0 7
0 0 9
 0  0 11
 0  0 13
 0  0 15
              -1 1.73205080756888               -5
              -1 1.73205080756888               -3
              -1 1.73205080756888               -1
              -1 1.73205080756888                1
              -1 1.73205080756888                3
              -1 1.73205080756888                5
              -1 1.73205080756888                7
              -1 1.73205080756888                9
              -1 1.73205080756888               11
              -1 1.73205080756888               13
              -1 1.73205080756888               15
              -2 3.46410161513775               -5
              -2 3.46410161513775               -3
              -2 3.46410161513775               -1
              -2 3.46410161513775                1
              -2 3.46410161513775                3
              -2 3.46410161513775                5
              -2 3.46410161513775                7
              -2 3.46410161513775                9
              -2 3.46410161513775               11
              -2 3.46410161513775               13
              -2 3.46410161513775               15
              -3 5.19615242270663               -5
              -3 5.19615242270663               -3
              -3 5.19615242270663               -1
              -3 5.19615242270663                1
              -3 5.19615242270663                3
              -3 5.19615242270663                5
              -3 5.19615242270663                7
              -3 5.19615242270663                9
              -3 5.19615242270663               11
              -3 5.19615242270663               13
              -3 5.19615242270663               15
              -4 6.92820323027551               -5
              -4 6.92820323027551               -3
              -4 6.92820323027551               -1
              -4 6.92820323027551                1
              -4 6.92820323027551                3
              -4 6.92820323027551                5
              -4 6.92820323027551                7
              -4 6.92820323027551                9
              -4 6.92820323027551               11
              -4 6.92820323027551               13
              -4 6.92820323027551               15
              -5 8.66025403784439               -5
              -5 8.66025403784439               -3
              -5 8.66025403784439               -1
              -5 8.66025403784439                1
              -5 8.66025403784439                3
              -5 8.66025403784439                5
              -5 8.66025403784439                7
              -5 8.66025403784439                9
              -5 8.66025403784439               11
              -5 8.66025403784439               13
              -5 8.66025403784439               15
 6.73205080756888 -7.66025403784439                -5
 6.73205080756888 -7.66025403784439                -3
 6.73205080756888 -7.66025403784439                -1
 6.73205080756888 -7.66025403784439                 1
 6.73205080756888 -7.66025403784439                 3
 6.73205080756888 -7.66025403784439                 5
 6.73205080756888 -7.66025403784439                 7
 6.73205080756888 -7.66025403784439                 9
 6.73205080756888 -7.66025403784439                11
 6.73205080756888 -7.66025403784439                13
 6.73205080756888 -7.66025403784439                15
 5.73205080756888 -5.92820323027551                -5
 5.73205080756888 -5.92820323027551                -3
 5.73205080756888 -5.92820323027551                -1
 5.73205080756888 -5.92820323027551                 1
 5.73205080756888 -5.92820323027551                 3
 5.73205080756888 -5.92820323027551                 5
 5.73205080756888 -5.92820323027551                 7
 5.73205080756888 -5.92820323027551                 9
 5.73205080756888 -5.92820323027551                11
 5.73205080756888 -5.92820323027551                13
 5.73205080756888 -5.92820323027551                15
 4.73205080756888 -4.19615242270663                -5
 4.73205080756888 -4.19615242270663                -3
 4.73205080756888 -4.19615242270663                -1
 4.73205080756888 -4.19615242270663                 1
 4.73205080756888 -4.19615242270663                 3
 4.73205080756888 -4.19615242270663                 5
 4.73205080756888 -4.19615242270663                 7
 4.73205080756888 -4.19615242270663                 9
 4.73205080756888 -4.19615242270663                11
 4.73205080756888 -4.19615242270663                13
 4.73205080756888 -4.19615242270663                15
 3.73205080756888 -2.46410161513775                -5
 3.73205080756888 -2.46410161513775                -3
 3.73205080756888 -2.46410161513775                -1
 3.73205080756888 -2.46410161513775                 1
 3.73205080756888 -2.46410161513775                 3
 3.73205080756888 -2.46410161513775                 5
 3.73205080756888 -2.46410161513775                 7
 3.73205080756888 -2.46410161513775                 9
 3.73205080756888 -2.46410161513775                11
 3.73205080756888 -2.46410161513775                13
 3.73205080756888 -2.46410161513775                15
  2.73205080756888 -0.732050807568878                 -5
  2.73205080756888 -0.732050807568878                 -3
  2.73205080756888 -0.732050807568878                 -1
  2.73205080756888 -0.732050807568878                  1
  2.73205080756888 -0.732050807568878                  3
  2.73205080756888 -0.732050807568878                  5
  2.73205080756888 -0.732050807568878                  7
  2.73205080756888 -0.732050807568878                  9
  2.73205080756888 -0.732050807568878                 11
  2.73205080756888 -0.732050807568878                 13
  2.73205080756888 -0.732050807568878                 15
1.73205080756888                1               -5
1.73205080756888                1               -3
1.73205080756888                1               -1
1.73205080756888                1                1
1.73205080756888                1                3
1.73205080756888                1                5
1.73205080756888                1                7
1.73205080756888                1                9
1.73205080756888                1               11
1.73205080756888                1               13
1.73205080756888                1               15
0.732050807568878  2.73205080756888                -5
0.732050807568878  2.73205080756888                -3
0.732050807568878  2.73205080756888                -1
0.732050807568878  2.73205080756888                 1
0.732050807568878  2.73205080756888                 3
0.732050807568878  2.73205080756888                 5
0.732050807568878  2.73205080756888                 7
0.732050807568878  2.73205080756888                 9
0.732050807568878  2.73205080756888                11
0.732050807568878  2.73205080756888                13
0.732050807568878  2.73205080756888                15
-0.267949192431122   4.46410161513775                 -5
-0.267949192431122   4.46410161513775                 -3
-0.267949192431122   4.46410161513775                 -1
-0.267949192431122   4.46410161513775                  1
-0.267949192431122   4.46410161513775                  3
-0.267949192431122   4.46410161513775                  5
-0.267949192431122   4.46410161513775                  7
-0.267949192431122   4.46410161513775                  9
-0.267949192431122   4.46410161513775                 11
-0.267949192431122   4.46410161513775                 13
-0.267949192431122   4.46410161513775                 15
-1.26794919243112  6.19615242270663                -5
-1.26794919243112  6.19615242270663                -3
-1.26794919243112  6.19615242270663                -1
-1.26794919243112  6.19615242270663                 1
-1.26794919243112  6.19615242270663                 3
-1.26794919243112  6.19615242270663                 5
-1.26794919243112  6.19615242270663                 7
-1.26794919243112  6.19615242270663                 9
-1.26794919243112  6.19615242270663                11
-1.26794919243112  6.19615242270663                13
-1.26794919243112  6.19615242270663                15
-2.26794919243112  7.92820323027551                -5
-2.26794919243112  7.92820323027551                -3
-2.26794919243112  7.92820323027551                -1
-2.26794919243112  7.92820323027551                 1
-2.26794919243112  7.92820323027551                 3
-2.26794919243112  7.92820323027551                 5
-2.26794919243112  7.92820323027551                 7
-2.26794919243112  7.92820323027551                 9
-2.26794919243112  7.92820323027551                11
-2.26794919243112  7.92820323027551                13
-2.26794919243112  7.92820323027551                15
-3.26794919243112  9.66025403784439                -5
-3.26794919243112  9.66025403784439                -3
-3.26794919243112  9.66025403784439                -1
-3.26794919243112  9.66025403784439                 1
-3.26794919243112  9.66025403784439                 3
-3.26794919243112  9.66025403784439                 5
-3.26794919243112  9.66025403784439                 7
-3.26794919243112  9.66025403784439                 9
-3.26794919243112  9.66025403784439                11
-3.26794919243112  9.66025403784439                13
-3.26794919243112  9.66025403784439                15
 8.46410161513775 -6.66025403784439                -5
 8.46410161513775 -6.66025403784439                -3
 8.46410161513775 -6.66025403784439                -1
 8.46410161513775 -6.66025403784439                 1
 8.46410161513775 -6.66025403784439                 3
 8.46410161513775 -6.66025403784439                 5
 8.46410161513775 -6.66025403784439                 7
 8.46410161513775 -6.66025403784439                 9
 8.46410161513775 -6.66025403784439                11
 8.46410161513775 -6.66025403784439                13
 8.46410161513775 -6.66025403784439                15
 7.46410161513775 -4.92820323027551                -5
 7.46410161513775 -4.92820323027551                -3
 7.46410161513775 -4.92820323027551                -1
 7.46410161513775 -4.92820323027551                 1
 7.46410161513775 -4.92820323027551                 3
 7.46410161513775 -4.92820323027551                 5
 7.46410161513775 -4.92820323027551                 7
 7.46410161513775 -4.92820323027551                 9
 7.46410161513775 -4.92820323027551                11
 7.46410161513775 -4.92820323027551                13
 7.46410161513775 -4.92820323027551                15
 6.46410161513775 -3.19615242270663                -5
 6.46410161513775 -3.19615242270663                -3
 6.46410161513775 -3.19615242270663                -1
 6.46410161513775 -3.19615242270663                 1
 6.46410161513775 -3.19615242270663                 3
 6.46410161513775 -3.19615242270663                 5
 6.46410161513775 -3.19615242270663                 7
 6.46410161513775 -3.19615242270663                 9
 6.46410161513775 -3.19615242270663                11
 6.46410161513775 -3.19615242270663                13
 6.46410161513775 -3.19615242270663                15
 5.46410161513775 -1.46410161513776                -5
 5.46410161513775 -1.46410161513776                -3
 5.46410161513775 -1.46410161513776                -1
 5.46410161513775 -1.46410161513776                 1
 5.46410161513775 -1.46410161513776                 3
 5.46410161513775 -1.46410161513776                 5
 5.46410161513775 -1.46410161513776                 7
 5.46410161513775 -1.46410161513776                 9
 5.46410161513775 -1.46410161513776                11
 5.46410161513775 -1.46410161513776                13
 5.46410161513775 -1.46410161513776                15
 4.46410161513775 0.267949192431122                -5
 4.46410161513775 0.267949192431122                -3
 4.46410161513775 0.267949192431122                -1
 4.46410161513775 0.267949192431122                 1
 4.46410161513775 0.267949192431122                 3
 4.46410161513775 0.267949192431122                 5
 4.46410161513775 0.267949192431122                 7
 4.46410161513775 0.267949192431122                 9
 4.46410161513775 0.267949192431122                11
 4.46410161513775 0.267949192431122                13
 4.46410161513775 0.267949192431122                15
3.46410161513775                2               -5
3.46410161513775                2               -3
3.46410161513775                2               -1
3.46410161513775                2                1
3.46410161513775                2                3
3.46410161513775                2                5
3.46410161513775                2                7
3.46410161513775                2                9
3.46410161513775                2               11
3.46410161513775                2               13
3.46410161513775                2               15
2.46410161513775 3.73205080756888               -5
2.46410161513775 3.73205080756888               -3
2.46410161513775 3.73205080756888               -1
2.46410161513775 3.73205080756888                1
2.46410161513775 3.73205080756888                3
2.46410161513775 3.73205080756888                5
2.46410161513775 3.73205080756888                7
2.46410161513775 3.73205080756888                9
2.46410161513775 3.73205080756888               11
2.46410161513775 3.73205080756888               13
2.46410161513775 3.73205080756888               15
1.46410161513776 5.46410161513775               -5
1.46410161513776 5.46410161513775               -3
1.46410161513776 5.46410161513775               -1
1.46410161513776 5.46410161513775                1
1.46410161513776 5.46410161513775                3
1.46410161513776 5.46410161513775                5
1.46410161513776 5.46410161513775                7
1.46410161513776 5.46410161513775                9
1.46410161513776 5.46410161513775               11
1.46410161513776 5.46410161513775               13
1.46410161513776 5.46410161513775               15
0.464101615137755  7.19615242270663                -5
0.464101615137755  7.19615242270663                -3
0.464101615137755  7.19615242270663                -1
0.464101615137755  7.19615242270663                 1
0.464101615137755  7.19615242270663                 3
0.464101615137755  7.19615242270663                 5
0.464101615137755  7.19615242270663                 7
0.464101615137755  7.19615242270663                 9
0.464101615137755  7.19615242270663                11
0.464101615137755  7.19615242270663                13
0.464101615137755  7.19615242270663                15
-0.535898384862245   8.92820323027551                 -5
-0.535898384862245   8.92820323027551                 -3
-0.535898384862245   8.92820323027551                 -1
-0.535898384862245   8.92820323027551                  1
-0.535898384862245   8.92820323027551                  3
-0.535898384862245   8.92820323027551                  5
-0.535898384862245   8.92820323027551                  7
-0.535898384862245   8.92820323027551                  9
-0.535898384862245   8.92820323027551                 11
-0.535898384862245   8.92820323027551                 13
-0.535898384862245   8.92820323027551                 15
-1.53589838486224  10.6602540378444                -5
-1.53589838486224  10.6602540378444                -3
-1.53589838486224  10.6602540378444                -1
-1.53589838486224  10.6602540378444                 1
-1.53589838486224  10.6602540378444                 3
-1.53589838486224  10.6602540378444                 5
-1.53589838486224  10.6602540378444                 7
-1.53589838486224  10.6602540378444                 9
-1.53589838486224  10.6602540378444                11
-1.53589838486224  10.6602540378444                13
-1.53589838486224  10.6602540378444                15
 10.1961524227066 -5.66025403784439                -5
 10.1961524227066 -5.66025403784439                -3
 10.1961524227066 -5.66025403784439                -1
 10.1961524227066 -5.66025403784439                 1
 10.1961524227066 -5.66025403784439                 3
 10.1961524227066 -5.66025403784439                 5
 10.1961524227066 -5.66025403784439                 7
 10.1961524227066 -5.66025403784439                 9
 10.1961524227066 -5.66025403784439                11
 10.1961524227066 -5.66025403784439                13
 10.1961524227066 -5.66025403784439                15
 9.19615242270663 -3.92820323027551                -5
 9.19615242270663 -3.92820323027551                -3
 9.19615242270663 -3.92820323027551                -1
 9.19615242270663 -3.92820323027551                 1
 9.19615242270663 -3.92820323027551                 3
 9.19615242270663 -3.92820323027551                 5
 9.19615242270663 -3.92820323027551                 7
 9.19615242270663 -3.92820323027551                 9
 9.19615242270663 -3.92820323027551                11
 9.19615242270663 -3.92820323027551                13
 9.19615242270663 -3.92820323027551                15
 8.19615242270663 -2.19615242270663                -5
 8.19615242270663 -2.19615242270663                -3
 8.19615242270663 -2.19615242270663                -1
 8.19615242270663 -2.19615242270663                 1
 8.19615242270663 -2.19615242270663                 3
 8.19615242270663 -2.19615242270663                 5
 8.19615242270663 -2.19615242270663                 7
 8.19615242270663 -2.19615242270663                 9
 8.19615242270663 -2.19615242270663                11
 8.19615242270663 -2.19615242270663                13
 8.19615242270663 -2.19615242270663                15
  7.19615242270663 -0.464101615137755                 -5
  7.19615242270663 -0.464101615137755                 -3
  7.19615242270663 -0.464101615137755                 -1
  7.19615242270663 -0.464101615137755                  1
  7.19615242270663 -0.464101615137755                  3
  7.19615242270663 -0.464101615137755                  5
  7.19615242270663 -0.464101615137755                  7
  7.19615242270663 -0.464101615137755                  9
  7.19615242270663 -0.464101615137755                 11
  7.19615242270663 -0.464101615137755                 13
  7.19615242270663 -0.464101615137755                 15
6.19615242270663 1.26794919243112               -5
6.19615242270663 1.26794919243112               -3
6.19615242270663 1.26794919243112               -1
6.19615242270663 1.26794919243112                1
6.19615242270663 1.26794919243112                3
6.19615242270663 1.26794919243112                5
6.19615242270663 1.26794919243112                7
6.19615242270663 1.26794919243112                9
6.19615242270663 1.26794919243112               11
6.19615242270663 1.26794919243112               13
6.19615242270663 1.26794919243112               15
5.19615242270663                3               -5
5.19615242270663                3               -3
5.19615242270663                3               -1
5.19615242270663                3                1
5.19615242270663                3                3
5.19615242270663                3                5
5.19615242270663                3                7
5.19615242270663                3                9
5.19615242270663                3               11
5.19615242270663                3               13
5.19615242270663                3               15
4.19615242270663 4.73205080756888               -5
4.19615242270663 4.73205080756888               -3
4.19615242270663 4.73205080756888               -1
4.19615242270663 4.73205080756888                1
4.19615242270663 4.73205080756888                3
4.19615242270663 4.73205080756888                5
4.19615242270663 4.73205080756888                7
4.19615242270663 4.73205080756888                9
4.19615242270663 4.73205080756888               11
4.19615242270663 4.73205080756888               13
4.19615242270663 4.73205080756888               15
3.19615242270663 6.46410161513775               -5
3.19615242270663 6.46410161513775               -3
3.19615242270663 6.46410161513775               -1
3.19615242270663 6.46410161513775                1
3.19615242270663 6.46410161513775                3
3.19615242270663 6.46410161513775                5
3.19615242270663 6.46410161513775                7
3.19615242270663 6.46410161513775                9
3.19615242270663 6.46410161513775               11
3.19615242270663 6.46410161513775               13
3.19615242270663 6.46410161513775               15
2.19615242270663 8.19615242270663               -5
2.19615242270663 8.19615242270663               -3
2.19615242270663 8.19615242270663               -1
2.19615242270663 8.19615242270663                1
2.19615242270663 8.19615242270663                3
2.19615242270663 8.19615242270663                5
2.19615242270663 8.19615242270663                7
2.19615242270663 8.19615242270663                9
2.19615242270663 8.19615242270663               11
2.19615242270663 8.19615242270663               13
2.19615242270663 8.19615242270663               15
1.19615242270663 9.92820323027551               -5
1.19615242270663 9.92820323027551               -3
1.19615242270663 9.92820323027551               -1
1.19615242270663 9.92820323027551                1
1.19615242270663 9.92820323027551                3
1.19615242270663 9.92820323027551                5
1.19615242270663 9.92820323027551                7
1.19615242270663 9.92820323027551                9
1.19615242270663 9.92820323027551               11
1.19615242270663 9.92820323027551               13
1.19615242270663 9.92820323027551               15
0.196152422706633  11.6602540378444                -5
0.196152422706633  11.6602540378444                -3
0.196152422706633  11.6602540378444                -1
0.196152422706633  11.6602540378444                 1
0.196152422706633  11.6602540378444                 3
0.196152422706633  11.6602540378444                 5
0.196152422706633  11.6602540378444                 7
0.196152422706633  11.6602540378444                 9
0.196152422706633  11.6602540378444                11
0.196152422706633  11.6602540378444                13
0.196152422706633  11.6602540378444                15
 11.9282032302755 -4.66025403784439                -5
 11.9282032302755 -4.66025403784439                -3
 11.9282032302755 -4.66025403784439                -1
 11.9282032302755 -4.66025403784439                 1
 11.9282032302755 -4.66025403784439                 3
 11.9282032302755 -4.66025403784439                 5
 11.9282032302755 -4.66025403784439                 7
 11.9282032302755 -4.66025403784439                 9
 11.9282032302755 -4.66025403784439                11
 11.9282032302755 -4.66025403784439                13
 11.9282032302755 -4.66025403784439                15
 10.9282032302755 -2.92820323027551                -5
 10.9282032302755 -2.92820323027551                -3
 10.9282032302755 -2.92820323027551                -1
 10.9282032302755 -2.92820323027551                 1
 10.9282032302755 -2.92820323027551                 3
 10.9282032302755 -2.92820323027551                 5
 10.9282032302755 -2.92820323027551                 7
 10.9282032302755 -2.92820323027551                 9
 10.9282032302755 -2.92820323027551                11
 10.9282032302755 -2.92820323027551                13
 10.9282032302755 -2.92820323027551                15
 9.92820323027551 -1.19615242270663                -5
 9.92820323027551 -1.19615242270663                -3
 9.92820323027551 -1.19615242270663                -1
 9.92820323027551 -1.19615242270663                 1
 9.92820323027551 -1.19615242270663                 3
 9.92820323027551 -1.19615242270663                 5
 9.92820323027551 -1.19615242270663                 7
 9.92820323027551 -1.19615242270663                 9
 9.92820323027551 -1.19615242270663                11
 9.92820323027551 -1.19615242270663                13
 9.92820323027551 -1.19615242270663                15
 8.92820323027551 0.535898384862245                -5
 8.92820323027551 0.535898384862245                -3
 8.92820323027551 0.535898384862245                -1
 8.92820323027551 0.535898384862245                 1
 8.92820323027551 0.535898384862245                 3
 8.92820323027551 0.535898384862245                 5
 8.92820323027551 0.535898384862245                 7
 8.92820323027551 0.535898384862245                 9
 8.92820323027551 0.535898384862245                11
 8.92820323027551 0.535898384862245                13
 8.92820323027551 0.535898384862245                15
7.92820323027551 2.26794919243112               -5
7.92820323027551 2.26794919243112               -3
7.92820323027551 2.26794919243112               -1
7.92820323027551 2.26794919243112                1
7.92820323027551 2.26794919243112                3
7.92820323027551 2.26794919243112                5
7.92820323027551 2.26794919243112                7
7.92820323027551 2.26794919243112                9
7.92820323027551 2.26794919243112               11
7.92820323027551 2.26794919243112               13
7.92820323027551 2.26794919243112               15
6.92820323027551                4               -5
6.92820323027551                4               -3
6.92820323027551                4               -1
6.92820323027551                4                1
6.92820323027551                4                3
6.92820323027551                4                5
6.92820323027551                4                7
6.92820323027551                4                9
6.92820323027551                4               11
6.92820323027551                4               13
6.92820323027551                4               15
5.92820323027551 5.73205080756888               -5
5.92820323027551 5.73205080756888               -3
5.92820323027551 5.73205080756888               -1
5.92820323027551 5.73205080756888                1
5.92820323027551 5.73205080756888                3
5.92820323027551 5.73205080756888                5
5.92820323027551 5.73205080756888                7
5.92820323027551 5.73205080756888                9
5.92820323027551 5.73205080756888               11
5.92820323027551 5.73205080756888               13
5.92820323027551 5.73205080756888               15
4.92820323027551 7.46410161513775               -5
4.92820323027551 7.46410161513775               -3
4.92820323027551 7.46410161513775               -1
4.92820323027551 7.46410161513775                1
4.92820323027551 7.46410161513775                3
4.92820323027551 7.46410161513775                5
4.92820323027551 7.46410161513775                7
4.92820323027551 7.46410161513775                9
4.92820323027551 7.46410161513775               11
4.92820323027551 7.46410161513775               13
4.92820323027551 7.46410161513775               15
3.92820323027551 9.19615242270663               -5
3.92820323027551 9.19615242270663               -3
3.92820323027551 9.19615242270663               -1
3.92820323027551 9.19615242270663                1
3.92820323027551 9.19615242270663                3
3.92820323027551 9.19615242270663                5
3.92820323027551 9.19615242270663                7
3.92820323027551 9.19615242270663                9
3.92820323027551 9.19615242270663               11
3.92820323027551 9.19615242270663               13
3.92820323027551 9.19615242270663               15
2.92820323027551 10.9282032302755               -5
2.92820323027551 10.9282032302755               -3
2.92820323027551 10.9282032302755               -1
2.92820323027551 10.9282032302755                1
2.92820323027551 10.9282032302755                3
2.92820323027551 10.9282032302755                5
2.92820323027551 10.9282032302755                7
2.92820323027551 10.9282032302755                9
2.92820323027551 10.9282032302755               11
2.92820323027551 10.9282032302755               13
2.92820323027551 10.9282032302755               15
1.92820323027551 12.6602540378444               -5
1.92820323027551 12.6602540378444               -3
1.92820323027551 12.6602540378444               -1
1.92820323027551 12.6602540378444                1
1.92820323027551 12.6602540378444                3
1.92820323027551 12.6602540378444                5
1.92820323027551 12.6602540378444                7
1.92820323027551 12.6602540378444                9
1.92820323027551 12.6602540378444               11
1.92820323027551 12.6602540378444               13
1.92820323027551 12.6602540378444               15
 13.6602540378444 -3.66025403784439                -5
 13.6602540378444 -3.66025403784439                -3
 13.6602540378444 -3.66025403784439                -1
 13.6602540378444 -3.66025403784439                 1
 13.6602540378444 -3.66025403784439                 3
 13.6602540378444 -3.66025403784439                 5
 13.6602540378444 -3.66025403784439                 7
 13.6602540378444 -3.66025403784439                 9
 13.6602540378444 -3.66025403784439                11
 13.6602540378444 -3.66025403784439                13
 13.6602540378444 -3.66025403784439                15
 12.6602540378444 -1.92820323027551                -5
 12.6602540378444 -1.92820323027551                -3
 12.6602540378444 -1.92820323027551                -1
 12.6602540378444 -1.92820323027551                 1
 12.6602540378444 -1.92820323027551                 3
 12.6602540378444 -1.92820323027551                 5
 12.6602540378444 -1.92820323027551                 7
 12.6602540378444 -1.92820323027551                 9
 12.6602540378444 -1.92820323027551                11
 12.6602540378444 -1.92820323027551                13
 12.6602540378444 -1.92820323027551                15
  11.6602540378444 -0.196152422706633                 -5
  11.6602540378444 -0.196152422706633                 -3
  11.6602540378444 -0.196152422706633                 -1
  11.6602540378444 -0.196152422706633                  1
  11.6602540378444 -0.196152422706633                  3
  11.6602540378444 -0.196152422706633                  5
  11.6602540378444 -0.196152422706633                  7
  11.6602540378444 -0.196152422706633                  9
  11.6602540378444 -0.196152422706633                 11
  11.6602540378444 -0.196152422706633                 13
  11.6602540378444 -0.196152422706633                 15
10.6602540378444 1.53589838486224               -5
10.6602540378444 1.53589838486224               -3
10.6602540378444 1.53589838486224               -1
10.6602540378444 1.53589838486224                1
10.6602540378444 1.53589838486224                3
10.6602540378444 1.53589838486224                5
10.6602540378444 1.53589838486224                7
10.6602540378444 1.53589838486224                9
10.6602540378444 1.53589838486224               11
10.6602540378444 1.53589838486224               13
10.6602540378444 1.53589838486224               15
9.66025403784439 3.26794919243112               -5
9.66025403784439 3.26794919243112               -3
9.66025403784439 3.26794919243112               -1
9.66025403784439 3.26794919243112                1
9.66025403784439 3.26794919243112                3
9.66025403784439 3.26794919243112                5
9.66025403784439 3.26794919243112                7
9.66025403784439 3.26794919243112                9
9.66025403784439 3.26794919243112               11
9.66025403784439 3.26794919243112               13
9.66025403784439 3.26794919243112               15
8.66025403784439                5               -5
8.66025403784439                5               -3
8.66025403784439                5               -1
8.66025403784439                5                1
8.66025403784439                5                3
8.66025403784439                5                5
8.66025403784439                5                7
8.66025403784439                5                9
8.66025403784439                5               11
8.66025403784439                5               13
8.66025403784439                5               15
7.66025403784439 6.73205080756888               -5
7.66025403784439 6.73205080756888               -3
7.66025403784439 6.73205080756888               -1
7.66025403784439 6.73205080756888                1
7.66025403784439 6.73205080756888                3
7.66025403784439 6.73205080756888                5
7.66025403784439 6.73205080756888                7
7.66025403784439 6.73205080756888                9
7.66025403784439 6.73205080756888               11
7.66025403784439 6.73205080756888               13
7.66025403784439 6.73205080756888               15
6.66025403784439 8.46410161513775               -5
6.66025403784439 8.46410161513775               -3
6.66025403784439 8.46410161513775               -1
6.66025403784439 8.46410161513775                1
6.66025403784439 8.46410161513775                3
6.66025403784439 8.46410161513775                5
6.66025403784439 8.46410161513775                7
6.66025403784439 8.46410161513775                9
6.66025403784439 8.46410161513775               11
6.66025403784439 8.46410161513775               13
6.66025403784439 8.46410161513775               15
5.66025403784439 10.1961524227066               -5
5.66025403784439 10.1961524227066               -3
5.66025403784439 10.1961524227066               -1
5.66025403784439 10.1961524227066                1
5.66025403784439 10.1961524227066                3
5.66025403784439 10.1961524227066                5
5.66025403784439 10.1961524227066                7
5.66025403784439 10.1961524227066                9
5.66025403784439 10.1961524227066               11
5.66025403784439 10.1961524227066               13
5.66025403784439 10.1961524227066               15
4.66025403784439 11.9282032302755               -5
4.66025403784439 11.9282032302755               -3
4.66025403784439 11.9282032302755               -1
4.66025403784439 11.9282032302755                1
4.66025403784439 11.9282032302755                3
4.66025403784439 11.9282032302755                5
4.66025403784439 11.9282032302755                7
4.66025403784439 11.9282032302755                9
4.66025403784439 11.9282032302755               11
4.66025403784439 11.9282032302755               13
4.66025403784439 11.9282032302755               15
3.66025403784439 13.6602540378444               -5
3.66025403784439 13.6602540378444               -3
3.66025403784439 13.6602540378444               -1
3.66025403784439 13.6602540378444                1
3.66025403784439 13.6602540378444                3
3.66025403784439 13.6602540378444                5
3.66025403784439 13.6602540378444                7
3.66025403784439 13.6602540378444                9
3.66025403784439 13.6602540378444               11
3.66025403784439 13.6602540378444               13
3.66025403784439 13.6602540378444               15

Point: corresp_imgpoint
-10 -10 -10
-10 -10  -8
-10 -10  -6
-10 -10  -4
-10 -10  -2
-10 -10   0
-10 -10   2
-10 -10   4
-10 -10   6
-10 -10   8
-10 -10  10
-10  -8 -10
-10  -8  -8
-10  -8  -6
-10  -8  -4
-10  -8  -2
-10  -8   0
-10  -8   2
-10  -8   4
-10  -8   6
-10  -8   8
-10  -8  10
-10  -6 -10
-10  -6  -8
-10  -6  -6
-10  -6  -4
-10  -6  -2
-10  -6   0
-10  -6   2
-10  -6   4
-10  -6   6
-10  -6   8
-10  -6  10
-10  -4 -10
-10  -4  -8
-10  -4  -6
-10  -4  -4
-10  -4  -2
-10  -4   0
-10  -4   2
-10  -4   4
-10  -4   6
-10  -4   8
-10  -4  10
-10  -2 -10
-10  -2  -8
-10  -2  -6
-10  -2  -4
-10  -2  -2
-10  -2   0
-10  -2   2
-10  -2   4
-10  -2   6
-10  -2   8
-10  -2  10
-10   0 -10
-10   0  -8
-10   0  -6
-10   0  -4
-10   0  -2
-10   0   0
-10   0   2
-10   0   4
-10   0   6
-10   0   8
-10   0  10
-10   2 -10
-10   2  -8
-10   2  -6
-10   2  -4
-10   2  -2
-10   2   0
-10   2   2
-10   2   4
-10   2   6
-10   2   8
-10   2  10
-10   4 -10
-10   4  -8
-10   4  -6
-10   4  -4
-10   4  -2
-10   4   0
-10   4   2
-10   4   4
-10   4   6
-10   4   8
-10   4  10
-10   6 -10
-10   6  -8
-10   6  -6
-10   6  -4
-10   6  -2
-10   6   0
-10   6   2
-10   6   4
-10   6   6
-10   6   8
-10   6  10
-10   8 -10
-10   8  -8
-10   8  -6
-10   8  -4
-10   8  -2
-10   8   0
-10   8   2
-10   8   4
-10   8   6
-10   8   8
-10   8  10
-10  10 -10
-10  10  -8
-10  10  -6
-10  10  -4
-10  10  -2
-10  10   0
-10  10   2
-10  10   4
-10  10   6
-10  10   8
-10  10  10
 -8 -10 -10
 -8 -10  -8
 -8 -10  -6
 -8 -10  -4
 -8 -10  -2
 -8 -10   0
 -8 -10   2
 -8 -10   4
 -8 -10   6
 -8 -10   8
 -8 -10  10
 -8  -8 -10
-8 -8 -8
-8 -8 -6
-8 -8 -4
-8 -8 -2
-8 -8  0
-8 -8  2
-8 -8  4
-8 -8  6
-8 -8  8
-8 -8 10
 -8  -6 -10
-8 -6 -8
-8 -6 -6
-8 -6 -4
-8 -6 -2
-8 -6  0
-8 -6  2
-8 -6  4
-8 -6  6
-8 -6  8
-8 -6 10
 -8  -4 -10
-8 -4 -8
-8 -4 -6
-8 -4 -4
-8 -4 -2
-8 -4  0
-8 -4  2
-8 -4  4
-8 -4  6
-8 -4  8
-8 -4 10
 -8  -2 -10
-8 -2 -8
-8 -2 -6
-8 -2 -4
-8 -2 -2
-8 -2  0
-8 -2  2
-8 -2  4
-8 -2  6
-8 -2  8
-8 -2 10
 -8   0 -10
-8  0 -8
-8  0 -6
-8  0 -4
-8  0 -2
-8  0  0
-8  0  2
-8  0  4
-8  0  6
-8  0  8
-8  0 10
 -8   2 -10
-8  2 -8
-8  2 -6
-8  2 -4
-8  2 -2
-8  2  0
-8  2  2
-8  2  4
-8  2  6
-8  2  8
-8  2 10
 -8   4 -10
-8  4 -8
-8  4 -6
-8  4 -4
-8  4 -2
-8  4  0
-8  4  2
-8  4  4
-8  4  6
-8  4  8
-8  4 10
 -8   6 -10
-8  6 -8
-8  6 -6
-8  6 -4
-8  6 -2
-8  6  0
-8  6  2
-8  6  4
-8  6  6
-8  6  8
-8  6 10
 -8   8 -10
-8  8 -8
-8  8 -6
-8  8 -4
-8  8 -2
-8  8  0
-8  8  2
-8  8  4
-8  8  6
-8  8  8
-8  8 10
 -8  10 -10
-8 10 -8
-8 10 -6
-8 10 -4
-8 10 -2
-8 10  0
-8 10  2
-8 10  4
-8 10  6
-8 10  8
-8 10 10
 -6 -10 -10
 -6 -10  -8
 -6 -10  -6
 -6 -10  -4
 -6 -10  -2
 -6 -10   0
 -6 -10   2
 -6 -10   4
 -6 -10   6
 -6 -10   8
 -6 -10  10
 -6  -8 -10
-6 -8 -8
-6 -8 -6
-6 -8 -4
-6 -8 -2
-6 -8  0
-6 -8  2
-6 -8  4
-6 -8  6
-6 -8  8
-6 -8 10
 -6  -6 -10
-6 -6 -8
-6 -6 -6
-6 -6 -4
-6 -6 -2
-6 -6  0
-6 -6  2
-6 -6  4
-6 -6  6
-6 -6  8
-6 -6 10
 -6  -4 -10
-6 -4 -8
-6 -4 -6
-6 -4 -4
-6 -4 -2
-6 -4  0
-6 -4  2
-6 -4  4
-6 -4  6
-6 -4  8
-6 -4 10
 -6  -2 -10
-6 -2 -8
-6 -2 -6
-6 -2 -4
-6 -2 -2
-6 -2  0
-6 -2  2
-6 -2  4
-6 -2  6
-6 -2  8
-6 -2 10
 -6   0 -10
-6  0 -8
-6  0 -6
-6  0 -4
-6  0 -2
-6  0  0
-6  0  2
-6  0  4
-6  0  6
-6  0  8
-6  0 10
 -6   2 -10
-6  2 -8
-6  2 -6
-6  2 -4
-6  2 -2
-6  2  0
-6  2  2
-6  2  4
-6  2  6
-6  2  8
-6  2 10
 -6   4 -10
-6  4 -8
-6  4 -6
-6  4 -4
-6  4 -2
-6  4  0
-6  4  2
-6  4  4
-6  4  6
-6  4  8
-6  4 10
 -6   6 -10
-6  6 -8
-6  6 -6
-6  6 -4
-6  6 -2
-6  6  0
-6  6  2
-6  6  4
-6  6  6
-6  6  8
-6  6 10
 -6   8 -10
-6  8 -8
-6  8 -6
-6  8 -4
-6  8 -2
-6  8  0
-6  8  2
-6  8  4
-6  8  6
-6  8  8
-6  8 10
 -6  10 -10
-6 10 -8
-6 10 -6
-6 10 -4
-6 10 -2
-6 10  0
-6 10  2
-6 10  4
-6 10  6
-6 10  8
-6 10 10
 -4 -10 -10
 -4 -10  -8
 -4 -10  -6
 -4 -10  -4
 -4 -10  -2
 -4 -10   0
 -4 -10   2
 -4 -10   4
 -4 -10   6
 -4 -10   8
 -4 -10  10
 -4  -8 -10
-4 -8 -8
-4 -8 -6
-4 -8 -4
-4 -8 -2
-4 -8  0
-4 -8  2
-4 -8  4
-4 -8  6
-4 -8  8
-4 -8 10
 -4  -6 -10
-4 -6 -8
-4 -6 -6
-4 -6 -4
-4 -6 -2
-4 -6  0
-4 -6  2
-4 -6  4
-4 -6  6
-4 -6  8
-4 -6 10
 -4  -4 -10
-4 -4 -8
-4 -4 -6
-4 -4 -4
-4 -4 -2
-4 -4  0
-4 -4  2
-4 -4  4
-4 -4  6
-4 -4  8
-4 -4 10
 -4  -2 -10
-4 -2 -8
-4 -2 -6
-4 -2 -4
-4 -2 -2
-4 -2  0
-4 -2  2
-4 -2  4
-4 -2  6
-4 -2  8
-4 -2 10
 -4   0 -10
-4  0 -8
-4  0 -6
-4  0 -4
-4  0 -2
-4  0  0
-4  0  2
-4  0  4
-4  0  6
-4  0  8
-4  0 10
 -4   2 -10
-4  2 -8
-4  2 -6
-4  2 -4
-4  2 -2
-4  2  0
-4  2  2
-4  2  4
-4  2  6
-4  2  8
-4  2 10
 -4   4 -10
-4  4 -8
-4  4 -6
-4  4 -4
-4  4 -2
-4  4  0
-4  4  2
-4  4  4
-4  4  6
-4  4  8
-4  4 10
 -4   6 -10
-4  6 -8
-4  6 -6
-4  6 -4
-4  6 -2
-4  6  0
-4  6  2
-4  6  4
-4  6  6
-4  6  8
-4  6 10
 -4   8 -10
-4  8 -8
-4  8 -6
-4  8 -4
-4  8 -2
-4  8  0
-4  8  2
-4  8  4
-4  8  6
-4  8  8
-4  8 10
 -4  10 -10
-4 10 -8
-4 10 -6
-4 10 -4
-4 10 -2
-4 10  0
-4 10  2
-4 10  4
-4 10  6
-4 10  8
-4 10 10
 -2 -10 -10
 -2 -10  -8
 -2 -10  -6
 -2 -10  -4
 -2 -10  -2
 -2 -10   0
 -2 -10   2
 -2 -10   4
 -2 -10   6
 -2 -10   8
 -2 -10  10
 -2  -8 -10
-2 -8 -8
-2 -8 -6
-2 -8 -4
-2 -8 -2
-2 -8  0
-2 -8  2
-2 -8  4
-2 -8  6
-2 -8  8
-2 -8 10
 -2  -6 -10
-2 -6 -8
-2 -6 -6
-2 -6 -4
-2 -6 -2
-2 -6  0
-2 -6  2
-2 -6  4
-2 -6  6
-2 -6  8
-2 -6 10
 -2  -4 -10
-2 -4 -8
-2 -4 -6
-2 -4 -4
-2 -4 -2
-2 -4  0
-2 -4  2
-2 -4  4
-2 -4  6
-2 -4  8
-2 -4 10
 -2  -2 -10
-2 -2 -8
-2 -2 -6
-2 -2 -4
-2 -2 -2
-2 -2  0
-2 -2  2
-2 -2  4
-2 -2  6
-2 -2  8
-2 -2 10
 -2   0 -10
-2  0 -8
-2  0 -6
-2  0 -4
-2  0 -2
-2  0  0
-2  0  2
-2  0  4
-2  0  6
-2  0  8
-2  0 10
 -2   2 -10
-2  2 -8
-2  2 -6
-2  2 -4
-2  2 -2
-2  2  0
-2  2  2
-2  2  4
-2  2  6
-2  2  8
-2  2 10
 -2   4 -10
-2  4 -8
-2  4 -6
-2  4 -4
-2  4 -2
-2  4  0
-2  4  2
-2  4  4
-2  4  6
-2  4  8
-2  4 10
 -2   6 -10
-2  6 -8
-2  6 -6
-2  6 -4
-2  6 -2
-2  6  0
-2  6  2
-2  6  4
-2  6  6
-2  6  8
-2  6 10
 -2   8 -10
-2  8 -8
-2  8 -6
-2  8 -4
-2  8 -2
-2  8  0
-2  8  2
-2  8  4
-2  8  6
-2  8  8
-2  8 10
 -2  10 -10
-2 10 -8
-2 10 -6
-2 10 -4
-2 10 -2
-2 10  0
-2 10  2
-2 10  4
-2 10  6
-2 10  8
-2 10 10
  0 -10 -10
  0 -10  -8
  0 -10  -6
  0 -10  -4
  0 -10  -2
  0 -10   0
  0 -10   2
  0 -10   4
  0 -10   6
  0 -10   8
  0 -10  10
  0  -8 -10
 0 -8 -8
 0 -8 -6
 0 -8 -4
 0 -8 -2
 0 -8  0
 0 -8  2
 0 -8  4
 0 -8  6
 0 -8  8
 0 -8 10
  0  -6 -10
 0 -6 -8
 0 -6 -6
 0 -6 -4
 0 -6 -2
 0 -6  0
 0 -6  2
 0 -6  4
 0 -6  6
 0 -6  8
 0 -6 10
  0  -4 -10
 0 -4 -8
 0 -4 -6
 0 -4 -4
 0 -4 -2
 0 -4  0
 0 -4  2
 0 -4  4
 0 -4  6
 0 -4  8
 0 -4 10
  0  -2 -10
 0 -2 -8
 0 -2 -6
 0 -2 -4
 0 -2 -2
 0 -2  0
 0 -2  2
 0 -2  4
 0 -2  6
 0 -2  8
 0 -2 10
  0   0 -10
 0  0 -8
 0  0 -6
 0  0 -4
 0  0 -2
0 0 0
0 0 2
0 0 4
0 0 6
0 0 8
 0  0 10
  0   2 -10
 0  2 -8
 0  2 -6
 0  2 -4
 0  2 -2
0 2 0
0 2 2
0 2 4
0 2 6
0 2 8
 0  2 10
  0   4 -10
 0  4 -8
 0  4 -6
 0  4 -4
 0  4 -2
0 4 0
0 4 2
0 4 4
0 4 6
0 4 8
 0  4 10
  0   6 -10
 0  6 -8
 0  6 -6
 0  6 -4
 0  6 -2
0 6 0
0 6 2
0 6 4
0 6 6
0 6 8
 0  6 10
  0   8 -10
 0  8 -8
 0  8 -6
 0  8 -4
 0  8 -2
0 8 0
0 8 2
0 8 4
0 8 6
0 8 8
 0  8 10
  0  10 -10
 0 10 -8
 0 10 -6
 0 10 -4
 0 10 -2
 0 10  0
 0 10  2
 0 10  4
 0 10  6
 0 10  8
 0 10 10
  2 -10 -10
  2 -10  -8
  2 -10  -6
  2 -10  -4
  2 -10  -2
  2 -10   0
  2 -10   2
  2 -10   4
  2 -10   6
  2 -10   8
  2 -10  10
  2  -8 -10
 2 -8 -8
 2 -8 -6
 2 -8 -4
 2 -8 -2
 2 -8  0
 2 -8  2
 2 -8  4
 2 -8  6
 2 -8  8
 2 -8 10
  2  -6 -10
 2 -6 -8
 2 -6 -6
 2 -6 -4
 2 -6 -2
 2 -6  0
 2 -6  2
 2 -6  4
 2 -6  6
 2 -6  8
 2 -6 10
  2  -4 -10
 2 -4 -8
 2 -4 -6
 2 -4 -4
 2 -4 -2
 2 -4  0
 2 -4  2
 2 -4  4
 2 -4  6
 2 -4  8
 2 -4 10
  2  -2 -10
 2 -2 -8
 2 -2 -6
 2 -2 -4
 2 -2 -2
 2 -2  0
 2 -2  2
 2 -2  4
 2 -2  6
 2 -2  8
 2 -2 10
  2   0 -10
 2  0 -8
 2  0 -6
 2  0 -4
 2  0 -2
2 0 0
2 0 2
2 0 4
2 0 6
2 0 8
 2  0 10
  2   2 -10
 2  2 -8
 2  2 -6
 2  2 -4
 2  2 -2
2 2 0
2 2 2
2 2 4
2 2 6
2 2 8
 2  2 10
  2   4 -10
 2  4 -8
 2  4 -6
 2  4 -4
 2  4 -2
2 4 0
2 4 2
2 4 4
2 4 6
2 4 8
 2  4 10
  2   6 -10
 2  6 -8
 2  6 -6
 2  6 -4
 2  6 -2
2 6 0
2 6 2
2 6 4
2 6 6
2 6 8
 2  6 10
  2   8 -10
 2  8 -8
 2  8 -6
 2  8 -4
 2  8 -2
2 8 0
2 8 2
2 8 4
2 8 6
2 8 8
 2  8 10
  2  10 -10
 2 10 -8
 2 10 -6
 2 10 -4
 2 10 -2
 2 10  0
 2 10  2
 2 10  4
 2 10  6
 2 10  8
 2 10 10
  4 -10 -10
  4 -10  -8
  4 -10  -6
  4 -10  -4
  4 -10  -2
  4 -10   0
  4 -10   2
  4 -10   4
  4 -10   6
  4 -10   8
  4 -10  10
  4  -8 -10
 4 -8 -8
 4 -8 -6
 4 -8 -4
 4 -8 -2
 4 -8  0
 4 -8  2
 4 -8  4
 4 -8  6
 4 -8  8
 4 -8 10
  4  -6 -10
 4 -6 -8
 4 -6 -6
 4 -6 -4
 4 -6 -2
 4 -6  0
 4 -6  2
 4 -6  4
 4 -6  6
 4 -6  8
 4 -6 10
  4  -4 -10
 4 -4 -8
 4 -4 -6
 4 -4 -4
 4 -4 -2
 4 -4  0
 4 -4  2
 4 -4  4
 4 -4  6
 4 -4  8
 4 -4 10
  4  -2 -10
 4 -2 -8
 4 -2 -6
 4 -2 -4
 4 -2 -2
 4 -2  0
 4 -2  2
 4 -2  4
 4 -2  6
 4 -2  8
 4 -2 10
  4   0 -10
 4  0 -8
 4  0 -6
 4  0 -4
 4  0 -2
4 0 0
4 0 2
4 0 4
4 0 6
4 0 8
 4  0 10
  4   2 -10
 4  2 -8
 4  2 -6
 4  2 -4
 4  2 -2
4 2 0
4 2 2
4 2 4
4 2 6
4 2 8
 4  2 10
  4   4 -10
 4  4 -8
 4  4 -6
 4  4 -4
 4  4 -2
4 4 0
4 4 2
4 4 4
4 4 6
4 4 8
 4  4 10
  4   6 -10
 4  6 -8
 4  6 -6
 4  6 -4
 4  6 -2
4 6 0
4 6 2
4 6 4
4 6 6
4 6 8
 4  6 10
  4   8 -10
 4  8 -8
 4  8 -6
 4  8 -4
 4  8 -2
4 8 0
4 8 2
4 8 4
4 8 6
4 8 8
 4  8 10
  4  10 -10
 4 10 -8
 4 10 -6
 4 10 -4
 4 10 -2
 4 10  0
 4 10  2
 4 10  4
 4 10  6
 4 10  8
 4 10 10
  6 -10 -10
  6 -10  -8
  6 -10  -6
  6 -10  -4
  6 -10  -2
  6 -10   0
  6 -10   2
  6 -10   4
  6 -10   6
  6 -10   8
  6 -10  10
  6  -8 -10
 6 -8 -8
 6 -8 -6
 6 -8 -4
 6 -8 -2
 6 -8  0
 6 -8  2
 6 -8  4
 6 -8  6
 6 -8  8
 6 -8 10
  6  -6 -10
 6 -6 -8
 6 -6 -6
 6 -6 -4
 6 -6 -2
 6 -6  0
 6 -6  2
 6 -6  4
 6 -6  6
 6 -6  8
 6 -6 10
  6  -4 -10
 6 -4 -8
 6 -4 -6
 6 -4 -4
 6 -4 -2
 6 -4  0
 6 -4  2
 6 -4  4
 6 -4  6
 6 -4  8
 6 -4 10
  6  -2 -10
 6 -2 -8
 6 -2 -6
 6 -2 -4
 6 -2 -2
 6 -2  0
 6 -2  2
 6 -2  4
 6 -2  6
 6 -2  8
 6 -2 10
  6   0 -10
 6  0 -8
 6  0 -6
 6  0 -4
 6  0 -2
6 0 0
6 0 2
6 0 4
6 0 6
6 0 8
 6  0 10
  6   2 -10
 6  2 -8
 6  2 -6
 6  2 -4
 6  2 -2
6 2 0
6 2 2
6 2 4
6 2 6
6 2 8
 6  2 10
  6   4 -10
 6  4 -8
 6  4 -6
 6  4 -4
 6  4 -2
6 4 0
6 4 2
6 4 4
6 4 6
6 4 8
 6  4 10
  6   6 -10
 6  6 -8
 6  6 -6
 6  6 -4
 6  6 -2
6 6 0
6 6 2
6 6 4
6 6 6
6 6 8
 6  6 10
  6   8 -10
 6  8 -8
 6  8 -6
 6  8 -4
 6  8 -2
6 8 0
6 8 2
6 8 4
6 8 6
6 8 8
 6  8 10
  6  10 -10
 6 10 -8
 6 10 -6
 6 10 -4
 6 10 -2
 6 10  0
 6 10  2
 6 10  4
 6 10  6
 6 10  8
 6 10 10
  8 -10 -10
  8 -10  -8
  8 -10  -6
  8 -10  -4
  8 -10  -2
  8 -10   0
  8 -10   2
  8 -10   4
  8 -10   6
  8 -10   8
  8 -10  10
  8  -8 -10
 8 -8 -8
 8 -8 -6
 8 -8 -4
 8 -8 -2
 8 -8  0
 8 -8  2
 8 -8  4
 8 -8  6
 8 -8  8
 8 -8 10
  8  -6 -10
 8 -6 -8
 8 -6 -6
 8 -6 -4
 8 -6 -2
 8 -6  0
 8 -6  2
 8 -6  4
 8 -6  6
 8 -6  8
 8 -6 10
  8  -4 -10
 8 -4 -8
 8 -4 -6
 8 -4 -4
 8 -4 -2
 8 -4  0
 8 -4  2
 8 -4  4
 8 -4  6
 8 -4  8
 8 -4 10
  8  -2 -10
 8 -2 -8
 8 -2 -6
 8 -2 -4
 8 -2 -2
 8 -2  0
 8 -2  2
 8 -2  4
 8 -2  6
 8 -2  8
 8 -2 10
  8   0 -10
 8  0 -8
 8  0 -6
 8  0 -4
 8  0 -2
8 0 0
8 0 2
8 0 4
8 0 6
8 0 8
 8  0 10
  8   2 -10
 8  2 -8
 8  2 -6
 8  2 -4
 8  2 -2
8 2 0
8 2 2
8 2 4
8 2 6
8 2 8
 8  2 10
  8   4 -10
 8  4 -8
 8  4 -6
 8  4 -4
 8  4 -2
8 4 0
8 4 2
8 4 4
8 4 6
8 4 8
 8  4 10
  8   6 -10
 8  6 -8
 8  6 -6
 8  6 -4
 8  6 -2
8 6 0
8 6 2
8 6 4
8 6 6
8 6 8
 8  6 10
  8   8 -10
 8  8 -8
 8  8 -6
 8  8 -4
 8  8 -2
8 8 0
8 8 2
8 8 4
8 8 6
8 8 8
 8  8 10
  8  10 -10
 8 10 -8
 8 10 -6
 8 10 -4
 8 10 -2
 8 10  0
 8 10  2
 8 10  4
 8 10  6
 8 10  8
 8 10 10
 10 -10 -10
 10 -10  -8
 10 -10  -6
 10 -10  -4
 10 -10  -2
 10 -10   0
 10 -10   2
 10 -10   4
 10 -10   6
 10 -10   8
 10 -10  10
 10  -8 -10
10 -8 -8
10 -8 -6
10 -8 -4
10 -8 -2
10 -8  0
10 -8  2
10 -8  4
10 -8  6
10 -8  8
10 -8 10
 10  -6 -10
10 -6 -8
10 -6 -6
10 -6 -4
10 -6 -2
10 -6  0
10 -6  2
10 -6  4
10 -6  6
10 -6  8
10 -6 10
 10  -4 -10
10 -4 -8
10 -4 -6
10 -4 -4
10 -4 -2
10 -4  0
10 -4  2
10 -4  4
10 -4  6
10 -4  8
10 -4 10
 10  -2 -10
10 -2 -8
10 -2 -6
10 -2 -4
10 -2 -2
10 -2  0
10 -2  2
10 -2  4
10 -2  6
10 -2  8
10 -2 10
 10   0 -10
10  0 -8
10  0 -6
10  0 -4
10  0 -2
10  0  0
10  0  2
10  0  4
10  0  6
10  0  8
10  0 10
 10   2 -10
10  2 -8
10  2 -6
10  2 -4
10  2 -2
10  2  0
10  2  2
10  2  4
10  2  6
10  2  8
10  2 10
 10   4 -10
10  4 -8
10  4 -6
10  4 -4
10  4 -2
10  4  0
10  4  2
10  4  4
10  4  6
10  4  8
10  4 10
 10   6 -10
10  6 -8
10  6 -6
10  6 -4
10  6 -2
10  6  0
10  6  2
10  6  4
10  6  6
10  6  8
10  6 10
 10   8 -10
10  8 -8
10  8 -6
10  8 -4
10  8 -2
10  8  0
10  8  2
10  8  4
10  8  6
10  8  8
10  8 10
 10  10 -10
10 10 -8
10 10 -6
10 10 -4
10 10 -2
10 10  0
10 10  2
10 10  4
10 10  6
10 10  8
10 10 10

pickup point :
212 1321 52 795 722 76 841 564 1121 1207 563 873 1239 458 339 592 1052 926 742 382 194 771 751 195 200 26 738 915 517 1237 Point: pickup_img
-8  6 -4
10 10 -8
-10  -2   6
 2  2 -4
 0 10  4
-10   2  10
 2 10  0
-2  4 -4
 8 -6 10
 8 10  6
-2  4 -6
 4 -6 -2
10 -6  4
-4  6  4
-6  6  8
-2  8  8
6 4 4
 4  4 -6
 2 -8  0
-4 -8  6
-8  2  4
 2 -2 -8
 2 -6 -4
-8  2  6
-8  4 -6
-10  -6  -2
 2 -8 -8
 4  2 -6
 -2  -4 -10
10 -6  0

Point: pickup_ply
-9.92820323027551  1.19615242270663                 1
3.66025403784439 13.6602540378444               -3
-7.66025403784439 -6.73205080756888                11
0.732050807568878  2.73205080756888                 1
              -5 8.66025403784439                9
-9.66025403784439 -3.26794919243112                15
-3.26794919243112  9.66025403784439                 5
-3.73205080756888  2.46410161513775                 1
 9.92820323027551 -1.19615242270663                15
1.92820323027551 12.6602540378444               11
-3.73205080756888  2.46410161513775                -1
 6.46410161513775 -3.19615242270663                 3
  11.6602540378444 -0.196152422706633                  9
-6.46410161513775  3.19615242270663                 9
-8.19615242270663  2.19615242270663                13
-5.73205080756888  5.92820323027551                13
3.19615242270663 6.46410161513775                9
1.46410161513776 5.46410161513775               -1
 5.73205080756888 -5.92820323027551                 5
0.535898384862245 -8.92820323027551                11
-7.92820323027551 -2.26794919243112                 9
  2.73205080756888 -0.732050807568878                 -3
 4.73205080756888 -4.19615242270663                 1
-7.92820323027551 -2.26794919243112                11
 -8.92820323027551 -0.535898384862245                 -1
-5.66025403784439 -10.1961524227066                 3
 5.73205080756888 -5.92820323027551                -3
2.46410161513775 3.73205080756888               -1
0.267949192431122 -4.46410161513775                -5
  11.6602540378444 -0.196152422706633                  5

Point: ply_to_img
-0.742781352708207  0.557086014531156 -0.371390676354104
 0.615457454896664  0.615457454896664 -0.492365963917331
-0.845154254728517 -0.169030850945703   0.50709255283711
 0.408248290463863  0.408248290463863 -0.816496580927726
5.6852800378778e-17   0.928476690885259   0.371390676354104
-0.700140042014005  0.140028008402801  0.700140042014005
   0.196116135138184     0.98058067569092 6.12323399573677e-17
-0.333333333333333  0.666666666666667 -0.666666666666667
 0.565685424949238 -0.424264068711929  0.707106781186547
0.565685424949238 0.707106781186548 0.424264068711928
-0.267261241912424  0.534522483824849 -0.801783725737273
 0.534522483824849 -0.801783725737273 -0.267261241912424
 0.811107105653813 -0.486664263392288  0.324442842261525
-0.485071250072666  0.727606875108999  0.485071250072666
-0.514495755427527  0.514495755427527  0.685994340570035
-0.174077655955698  0.696310623822791  0.696310623822791
0.727606875108999 0.485071250072666 0.485071250072666
 0.485071250072666  0.485071250072666 -0.727606875108999
   0.242535625036333   -0.970142500145332 6.12323399573677e-17
-0.371390676354104 -0.742781352708207  0.557086014531156
-0.87287156094397 0.218217890235993 0.436435780471985
 0.235702260395516 -0.235702260395516 -0.942809041582063
 0.267261241912424 -0.801783725737273 -0.534522483824849
-0.784464540552736  0.196116135138184  0.588348405414552
-0.742781352708207  0.371390676354104 -0.557086014531156
-0.845154254728517  -0.50709255283711 -0.169030850945703
 0.174077655955698 -0.696310623822791 -0.696310623822792
 0.534522483824849  0.267261241912424 -0.801783725737273
-0.182574185835055 -0.365148371670111 -0.912870929175277
   0.857492925712544   -0.514495755427527 6.12323399573677e-17


0.866025403784439              -0.5                 0
              0.5 0.866025403784439                 0
                0                 0                 1

Point: ply_to_img
-0.742781352708207  0.557086014531156 -0.371390676354104
 0.615457454896664  0.615457454896664 -0.492365963917331
-0.845154254728517 -0.169030850945703   0.50709255283711
 0.408248290463863  0.408248290463863 -0.816496580927726
5.6852800378778e-17   0.928476690885259   0.371390676354104
-0.700140042014005  0.140028008402801  0.700140042014005
   0.196116135138184     0.98058067569092 6.12323399573677e-17
-0.333333333333333  0.666666666666667 -0.666666666666667
 0.565685424949238 -0.424264068711929  0.707106781186547
0.565685424949238 0.707106781186548 0.424264068711928
-0.267261241912424  0.534522483824849 -0.801783725737273
 0.534522483824849 -0.801783725737273 -0.267261241912424
 0.811107105653813 -0.486664263392288  0.324442842261525
-0.485071250072666  0.727606875108999  0.485071250072666
-0.514495755427527  0.514495755427527  0.685994340570035
-0.174077655955698  0.696310623822791  0.696310623822791
0.727606875108999 0.485071250072666 0.485071250072666
 0.485071250072666  0.485071250072666 -0.727606875108999
   0.242535625036333   -0.970142500145332 6.12323399573677e-17
-0.371390676354104 -0.742781352708207  0.557086014531156
-0.87287156094397 0.218217890235993 0.436435780471985
 0.235702260395516 -0.235702260395516 -0.942809041582063
 0.267261241912424 -0.801783725737273 -0.534522483824849
-0.784464540552736  0.196116135138184  0.588348405414552
-0.742781352708207  0.371390676354104 -0.557086014531156
-0.845154254728517  -0.50709255283711 -0.169030850945703
 0.174077655955698 -0.696310623822791 -0.696310623822792
 0.534522483824849  0.267261241912424 -0.801783725737273
-0.182574185835055 -0.365148371670111 -0.912870929175277
   0.857492925712544   -0.514495755427527 6.12323399573677e-17

vector_xi.transpose() :
 2.25273063440694  8.40730518337358 -1.84637236468999  2.25273063440694  8.40730518337358 -1.84637236468999 -1.80218450752555 -6.72584414669886  1.47709789175199
 6.47409629238548  5.68962138306538 -9.29669680201368   1.2948192584771  1.13792427661308 -1.85933936040273 -3.88445777543129 -3.41377282983923  5.57801808120821
 0.298858490722685   1.11535507165041  0.408248290463863  0.298858490722685   1.11535507165041  0.408248290463863  -0.59771698144537  -2.23071014330082 -0.816496580927726
-2.8426400189389e-16 4.92359694043073e-16 5.11675203409002e-16     -4.6423834544263     8.04084401128346     8.35629021796733    -1.85695338177052     3.21633760451339     3.34251608718693
  6.76353066792233   2.28802208488836  -10.5021006302101  -1.35270613358447 -0.457604416977671   2.10042012604201  -6.76353066792233  -2.28802208488836   10.5021006302101
   -0.640897565447541      1.89453168635508      0.98058067569092     -3.20448782723771      9.47265843177539       4.9029033784546 -2.00104175914347e-16  5.91519959319821e-16  3.06161699786838e-16
  1.24401693585629 -0.821367205045918 -0.333333333333333  -2.48803387171258   1.64273441009184  0.666666666666667   2.48803387171258  -1.64273441009184 -0.666666666666667
   5.6162398633008 -0.676645991542862   8.48528137423857   -4.2121798974756  0.507484493657146  -6.36396103067893     7.020299829126 -0.845807489428577   10.6066017177982
  1.0907564637069  7.16172118536331  6.22253967444162  1.36344557963362  8.95215148170414  7.77817459305202 0.818067347780172  5.37129088902248  4.66690475583121
 0.997432533711124 -0.658558857860127  0.267261241912424  -1.99486506742225   1.31711771572025 -0.534522483824849   2.99229760113337  -1.97567657358038  0.801783725737273
  3.45520765101965  -1.70841533166796   1.60356745147455  -5.18281147652947   2.56262299750194  -2.40535117721182  -1.72760382550982  0.854207665833978 -0.801783725737273
   9.45771490382415   -0.15910062384856    7.29996395088431   -5.67462894229449  0.0954603743091362   -4.37997837053059    3.78308596152966 -0.0636402495394241    2.91998558035373
 3.13554985105161 -1.55036165110509 -4.36564125065399 -4.70332477657742  2.32554247665763  6.54846187598099 -3.13554985105161  1.55036165110509  4.36564125065399
  4.2168856323196 -1.12991109975444 -6.68844482055785  -4.2168856323196  1.12991109975444  6.68844482055785 -5.62251417642613  1.50654813300592  8.91792642741046
0.997821968400555 -1.03196772235536 -2.26300952742407 -3.99128787360222  4.12787088942143  9.05203810969629 -3.99128787360222  4.12787088942143  9.05203810969629
2.32554247665763 4.70332477657741 6.54846187598099 1.55036165110509 3.13554985105161 4.36564125065399 1.55036165110509 3.13554985105161 4.36564125065399
  0.71019360068828   2.65047860097894 -0.485071250072666   0.71019360068828   2.65047860097894 -0.485071250072666  -1.06529040103242  -3.97571790146842  0.727606875108999
     1.39022652535373     -1.43780047579728      1.21267812518166     -5.56090610141494      5.75120190318912     -4.85071250072666  3.50986883701961e-16 -3.62997755532595e-16  3.06161699786838e-16
-0.199027663611061   3.31585143631891  -4.08529743989514 -0.398055327222122   6.63170287263783  -8.17059487979028  0.298541495416591  -4.97377715447837   6.12794615984271
  6.92030312909161   1.97962835173897  -7.85584404849573   -1.7300757822729 -0.494907087934743   1.96396101212393   -3.4601515645458 -0.989814175869484   3.92792202424786
 0.643950550859378 -0.172546030068347 -0.707106781186547 -0.643950550859378  0.172546030068347  0.707106781186547  -2.57580220343752  0.690184120273389   2.82842712474619
  1.26469377562355   -1.1214689077464  0.267261241912424  -3.79408132687065   3.36440672323921 -0.801783725737273   -2.5293875512471   2.24293781549281 -0.534522483824849
   6.2193943044468   1.77912572123743   -8.6291099460801   -1.5548485761117 -0.444781430309358   2.15727748652003   -4.6645457283351  -1.33434429092807   6.47183245956007
  6.63170287263783  0.398055327222122  0.742781352708207  -3.31585143631892 -0.199027663611061 -0.371390676354104   4.97377715447837  0.298541495416591  0.557086014531156
 4.78378778292845  8.61732160191098 -2.53546276418555  2.87027266975707  5.17039296114659 -1.52127765851133  0.95675755658569   1.7234643203822 -0.50709255283711
 0.997821968400554  -1.03196772235536 -0.522232967867093  -3.99128787360222   4.12787088942143   2.08893187146837  -3.99128787360222   4.12787088942143   2.08893187146837
  1.31711771572025   1.99486506742225 -0.534522483824849  0.658558857860127  0.997432533711124 -0.267261241912424  -1.97567657358038  -2.99229760113337  0.801783725737273
-0.0489206056532727   0.815029717868731   0.912870929175277 -0.0978412113065453    1.63005943573746    1.82574185835055  -0.244603028266363    4.07514858934366    4.56435464587638
     9.99858534946269    -0.168199314832314      4.28746462856272     -5.99915120967762     0.100919588899389     -2.57247877713763  7.13984639234557e-16 -1.20108718306338e-17  3.06161699786838e-16

Matrix_M:
 525.543864708636  131.774249575759 -107.530989755964 -230.641868108251  103.179264601931 -26.6164243322324 -60.4814220836626 -34.8239030681847  342.244379517931
 131.774249575759  305.402413115174 -77.3686067519028  103.179264601931  216.754467308156  19.6256312100908 -34.8239030681847 -63.0043891635578   129.45643713467
-107.530989755964 -77.3686067519028  662.718323432614 -26.6164243322324  19.6256312100908 -117.161214890349  342.244379517931   129.45643713467 -206.194663228898
-230.641868108251  103.179264601931 -26.6164243322324  311.966272503569 -129.255786730102 -48.6929581954742  36.6899861794966  -63.384267540175 -187.719287322124
 103.179264601931  216.754467308156  19.6256312100908 -129.255786730102  497.128075332148  144.947692284108  -63.384267540175  35.4818717171825  207.120090168703
-26.6164243322324  19.6256312100908 -117.161214890349 -48.6929581954742  144.947692284108  538.642095755804 -187.719287322124  207.120090168703  169.587121751006
-60.4814220836626 -34.8239030681847  342.244379517931  36.6899861794966  -63.384267540175 -187.719287322124  304.594980554311 -5.46590396239901 -160.229844111414
-34.8239030681847 -63.0043891635578   129.45643713467  -63.384267540175  35.4818717171825  207.120090168703 -5.46590396239901  241.364393786163  24.5349605684915
 342.244379517931   129.45643713467 -206.194663228898 -187.719287322124  207.120090168703  169.587121751006 -160.229844111414  24.5349605684915  630.639580811583

Essential_Matrix:: Matrix M Eigenvalue :
1.00000000000002
59.1464784853571
84.0110539202344
193.075258990543
258.116066585344
512.918941252973
 698.37460173431
796.563438245151
1414.79416078609

Essential_Matrix:: Matrix M EigenVector: 
    0.353553390593274    0.0319099201943481    0.0294022970140943    -0.614295575836299     0.131085594513221    -0.215603656439681     0.433724433564535    -0.291128311399655     0.399020375047564
   -0.612372435695794  -0.00155843781546963    -0.112601128283811    -0.278277635482776     0.302049144975112     0.623820609746688     0.114230225551964   -0.0553159547152047     0.195923138935325
 1.06757285576471e-15       0.5317863072361   -0.0476998426344238    0.0233858575023061     0.189320023933552    0.0042471466399306    -0.161888564033472    -0.702104471068938    -0.399202260691406
    0.612372435695795    0.0514487197059244    -0.121841921207407   0.00810582208560004     0.527943857601416     0.426232538094256   -0.0215605661926481     0.318348638246509    -0.212678782035574
    0.353553390593273    -0.123721010186215   -0.0133967741682033     0.118264876880627    -0.522346713943152     0.557836235511253    -0.198527883062864    -0.356077748599576     0.308698912144276
 9.56329525643594e-17    0.0856670428287032     0.510651702049795     -0.25908360524706     0.214502111163328   -0.0782278284430693    -0.722860329184916    0.0813014374113898     0.288970507816785
 -1.0546649212509e-15    -0.696056212889367     0.472464722107861    0.0737660263473367     0.229392793296687    0.0477139732827838     0.125820770940349    -0.349289508802032    -0.306773049658054
-7.95787137786726e-16    -0.453054392781684    -0.695649573004529     -0.15959662912885     0.152910530070687    -0.214148656943163    -0.431268937715916    -0.172499186869762    0.0187659570537091
 3.69384019087038e-16    0.0337255990665487   -0.0352120102569939     0.657697874507356     0.426797567478969    -0.131276677635378    0.0916387866501758    -0.180907408594386     0.569685278701996

Essential_Matrix:: min_eigen
1.00000000000002

Essential_Matrix:: min_eigenvector
    0.353553390593274
   -0.612372435695794
 1.06757285576471e-15
    0.612372435695795
    0.353553390593273
 9.56329525643594e-17
 -1.0546649212509e-15
-7.95787137786726e-16
 3.69384019087038e-16

Essential Matrix:
    0.353553390593274    -0.612372435695794  1.06757285576471e-15
    0.612372435695795     0.353553390593273  9.56329525643594e-17
 -1.0546649212509e-15 -7.95787137786726e-16  3.69384019087038e-16


Translation:: E * E.t Eigenvalue :
-1.71331461197004e-18
    0.499999999999999
    0.500000000000001

Translation:: E * E.t Eigenvec :
   2.288754980276e-16    -0.707106781186548    -0.707106781186546
-1.85962356624714e-15     0.707106781186546    -0.707106781186548
                   -1 -1.47679185085042e-15   1.1531130174449e-15

Translation:: E * E.t min_eigen
-1.71331461197004e-18

Translation:: E * E.t min_eigenvector
   2.288754980276e-16
-1.85962356624714e-15
                   -1

Translation:: diff scale
   2.288754980276e-16
-1.85962356624714e-15
                   -1

translation:: check_sign: 
-139.854874114254


translation_t_cross: 
                    0                    -1  1.85962356624714e-15
                    1                     0    2.288754980276e-16
-1.85962356624714e-15   -2.288754980276e-16                     0

Matrix_R calc from matrix_E: 
    0.866025403784439                  -0.5  2.56009804808136e-16
                  0.5     0.866025403784439 -2.56161830160877e-16
-9.36300795013033e-17  3.49847554803304e-16                     1

scale_s
-nan

Rotation Matrix:
    0.866025403784439                  -0.5  2.56009804808136e-16
                  0.5     0.866025403784439 -2.56161830160877e-16
-9.36300795013033e-17  3.49847554803304e-16                     1

translation Vector: 
-nan
-nan
-nan

