
filepath_1 :img_point.dat
filepath_2 :ply_point.dat

outpath :rorate_output.ply
imgpath :f401_image.jpg

2752 5504
 -0.91958 -0.321943 -0.225223
-0.956162 -0.169848 -0.238548
 -0.991678  -0.106825 -0.0718567
 -0.969318   0.235758 -0.0695793
 -0.77707  0.628867 -0.026253
-0.823497  0.566712 -0.026253
-0.256701  0.942228 -0.215201
-0.379378  0.904198  -0.19621
  0.60386  0.793197 0.0786867

x
-0.449931000000000
-3.181282000000000
 0.752997000000000x_p
-0.956162325096136
-0.169848007633034
-0.238548239083504

Matrix_R
-0.024470569855203  0.999395260480429 -0.024704342537624
 0.983368551739928  0.028512032485440  0.179369326955489
 0.179965226251845 -0.019904203897765 -0.983471575597037
