
img_point :image_point.dat
ply_point :ply_point.dat
plyfile :1108_kyoiku.ply

imgpath :kyoiku.JPG
outdir :../../ply_data/test_idou/

img_size:height width
2752 5504

img_point_data
3141.000000 1588.000000
3025.000000 1601.000000
3000.000000 1607.000000
2886.000000 1613.000000
1218.000000 1138.000000
1420.000000 1138.000000
1215.000000 1694.000000
1423.000000 1697.000000
13.000000 1076.000000
151.000000 1080.000000
11.000000 1338.000000
141.000000 1341.000000
3611.000000 1158.000000
3662.000000 1174.000000

方向ベクトル変換後
-0.417098 -0.876695 -0.239657
-0.296568 -0.920604 -0.254038
-0.269685 -0.926999 -0.260656
-0.146831 -0.952371 -0.267263
0.947691 0.172811 0.268363
0.962103 -0.048366 0.268363
0.919085 0.170849 -0.355097
0.932264 -0.050067 -0.358297
0.013978 0.941824 0.335815
0.161825 0.929470 0.331510
0.012545 0.998980 0.043366
0.160139 0.986286 0.039944
-0.805240 -0.539375 0.246301
-0.838997 -0.493806 0.228558

load ply_point
vector_xi:
-0.630732
-1.051792
 0.338041
-1.325731
-2.210755
 0.710525
-0.362407
-0.604340
 0.194232
vector_xi:
-0.333896
-0.742606
 0.237631
-1.036477
-2.305188
 0.737652
-0.286012
-0.636109
 0.203553
vector_xi:
-0.275008
-0.686873
 0.217899
-0.945295
-2.361014
 0.748992
-0.265801
-0.663877
 0.210604
vector_xi:
-0.095045
-0.365668
 0.115150
-0.616477
-2.371782
 0.746883
-0.173001
-0.665590
 0.209597
vector_xi:
-1.796224
-0.156201
 0.446532
-0.327540
-0.028483
 0.081425
-0.508646
-0.044232
 0.126447
vector_xi:
-1.775253
 0.265947
 0.435930
 0.089244
-0.013370
-0.021915
-0.495177
 0.074182
 0.121595
vector_xi:
-1.820814
-0.152578
-0.752369
-0.338471
-0.028363
-0.139858
 0.703490
 0.058950
 0.290685
vector_xi:
-1.728188
 0.256738
-0.702705
 0.092813
-0.013788
 0.037739
 0.664194
-0.098672
 0.270071
vector_xi:
-0.008412
-0.068705
 0.022637
-0.566761
-4.629259
 1.525274
-0.202083
-1.650598
 0.543848
vector_xi:
-0.217298
-0.787284
 0.267104
-1.248088
-4.521906
 1.534157
-0.445151
-1.612810
 0.547182
vector_xi:
-0.007273
-0.061269
 0.001680
-0.579184
-4.878905
 0.133804
-0.025142
-0.211794
 0.005808
vector_xi:
-0.224660
-0.768278
 0.019702
-1.383669
-4.731779
 0.121346
-0.056038
-0.191635
 0.004914
vector_xi:
-5.210472
-2.689325
-1.377448
-3.490137
-1.801394
-0.922657
 1.593741
 0.822591
 0.421324
vector_xi:
-6.205106
-2.857968
-1.513287
-3.652119
-1.682105
-0.890670
 1.690385
 0.778563
 0.412247
Matrix_M:
 80.024091  32.868922  17.149539  43.824703  25.132997   9.070418 -18.904407  -7.857866  -6.585274
 32.868922  20.066550   7.059028  25.132997  23.992042   1.542594  -7.857866  -1.094259  -3.322730
 17.149539   7.059028   6.940408   9.070418   1.542594   3.835870  -6.585274  -3.322730  -1.160586
 43.824703  25.132997   9.070418  34.991861  39.101375   0.595643  -9.892886   0.112274  -4.878039
 25.132997  23.992042   1.542594  39.101375 116.548655 -18.874561   0.112274  20.031100  -8.406103
  9.070418   1.542594   3.835870   0.595643 -18.874561   9.553214  -4.878039  -8.406103   1.494052
-18.904407  -7.857866  -6.585274  -9.892886   0.112274  -4.878039   8.393875   4.348891   1.052932
 -7.857866  -1.094259  -3.322730   0.112274  20.031100  -8.406103   4.348891   9.364303  -1.647080
 -6.585274  -3.322730  -1.160586  -4.878039  -8.406103   1.494052   1.052932  -1.647080   2.298353
Eigenvalue :
  1.002507
  1.003685
  1.010725
  1.022131
  3.931514
  5.846429
  7.515493
 92.679158
174.169667
min_eigen
1.002507
min_eigenvector
 0.003413
-0.321607
-0.619416
 0.280137
-0.033160
 0.055780
-0.608042
 0.192995
 0.152419
vector_d
 0.003413
-0.321607
-0.619416
 0.280137
-0.033160
 0.055780
-0.608042
 0.192995
 0.152419
Essential Matrix:
 0.003413 -0.321607 -0.619416
 0.280137 -0.033160  0.055780
-0.608042  0.192995  0.152419

E * E.t Eigenvalue :
0.000056
0.363629
0.636316
E * E.t min_eigen
0.000056
E * E.t Eigen vec
-0.176924 -0.688550  0.703276
-0.892742  0.413109  0.179871
-0.414380 -0.596020 -0.687786
E * E.t min_eigenvector
-0.176924
-0.892742
-0.414380
vector_t_hat
-0.176924
-0.892742
-0.414380
check_sign: 
14.456562

Matrix_R calc from matrix_E
 0.931384621070932 -0.361787379868532  0.040405190265832
-0.253634706463656 -0.565294181693234  0.784927973651641
-0.261136216005460 -0.741318001880191 -0.618268143105166

scale_s
-0.177191311755794

correlation_C
-4.528066198001417 -1.895430185601131 -0.236698758165507
-3.231661276689257 -6.400232120689356  1.417175878900262
 0.039331867533980 -1.404070337726579  1.998508174147258

Matrix_R
-0.992676053196066  0.120634149553541 -0.006454097347936
-0.120667251551269 -0.992680365246428  0.005010674333899
-0.005802397275725  0.005752774609845  0.999966618327904

Rotation matrix Eigenvalue :
 (-0.992694900057295,0.120651711136796)
(-0.992694900057295,-0.120651711136796)
  (1.000000000000000,0.000000000000000)
Eigen vec
(0.701937975999883,-0.085313239658425)  (0.701937975999883,0.085313239658425) (-0.003075382308938,0.000000000000000)
 (0.085319162199700,0.701938026849868) (0.085319162199700,-0.701938026849868)  (0.002700749397046,0.000000000000000)
(0.001928318109177,-0.002158147607488)  (0.001928318109177,0.002158147607488)  (0.999991623953095,0.000000000000000)
Rotation_axis
-0.003075382308938
 0.002700749397046
 0.999991623953095
Rotation_degree: 173.070283839000354
