
img_point :img.dat
ply_point :ply.dat
plyfile :s10_load.ply

imgpath :kyoiku.JPG
outdir :../../ply_data/check_1124/
Matrix_M:
 3375417.000000   719272.202961       -0.000000 -1844287.699899  1064800.000000        0.000000       -0.000000        0.000000  1844287.699899
  719272.202961  2544873.000000        0.000000  1064800.000000  1844287.699899       -0.000000        0.000000       -0.000000  1064800.000000
      -0.000000        0.000000  2182841.000000       -0.000000       -0.000000        0.000000  1844287.699899  1064800.000000        0.000000
-1844287.699899  1064800.000000       -0.000000  2544873.000000  -719272.202961       -0.000000        0.000000        0.000000 -1064800.000000
 1064800.000000  1844287.699899       -0.000000  -719272.202961  3375417.000000       -0.000000        0.000000        0.000000  1844287.699899
       0.000000       -0.000000        0.000000       -0.000000       -0.000000  2182841.000000 -1064800.000000  1844287.699899        0.000000
      -0.000000        0.000000  1844287.699899        0.000000        0.000000 -1064800.000000  2129601.000000        0.000000       -0.000000
       0.000000       -0.000000  1064800.000000        0.000000        0.000000  1844287.699899        0.000000  2129601.000000       -0.000000
 1844287.699899  1064800.000000        0.000000 -1064800.000000  1844287.699899        0.000000       -0.000000       -0.000000  3843929.000000
Eigenvalue :
      1.000000
  26454.631499
  26454.631499
1661089.000000
1696483.467644
4259201.000000
4285987.368501
4285987.368501
8067734.532356
min_eigen
1.000000
min_eigenvector
-0.353553
 0.612372
-0.000000
-0.612372
-0.353553
-0.000000
-0.000000
 0.000000
-0.000000
Essential Matrix:
-0.353553  0.612372 -0.000000
-0.612372 -0.353553 -0.000000
-0.000000  0.000000 -0.000000

E * E.t Eigenvalue :
0.000000
0.500000
0.500000
E * E.t min_eigen
0.000000
E * E.t Eigen vec
-0.000000  0.475945 -0.879475
 0.000000  0.879475  0.475945
 1.000000  0.000000 -0.000000
E * E.t min_eigenvector
-0.000000
 0.000000
 1.000000
check_sign: 
-75292.730061
vector_t_cross
 0.000000 -1.000000  0.000000
 1.000000  0.000000  0.000000
-0.000000 -0.000000  0.000000

Matrix_R calc from matrix_E
 0.866025403784438  0.500000000000001 -0.000000000000000
-0.500000000000001  0.866025403784438  0.000000000000000
 0.000000000000000  0.000000000000000  1.000000000000000

scale_s
-nan
理論値
 0.866025403784439 -0.500000000000000  0.000000000000000
 0.500000000000000  0.866025403784439  0.000000000000000
 0.000000000000000  0.000000000000000  1.000000000000000
Rotation matrix Eigenvalue :
 (0.866025403784438,0.500000000000001)
(0.866025403784438,-0.500000000000001)
 (1.000000000000000,0.000000000000000)
Eigen vec
(-0.707106781186547,0.000000000000000) (-0.707106781186547,0.000000000000000)  (0.000000000000000,0.000000000000000)
(0.000000000000000,-0.707106781186547)  (0.000000000000000,0.707106781186547)  (0.000000000000000,0.000000000000000)
 (0.000000000000000,0.000000000000000) (0.000000000000000,-0.000000000000000)  (1.000000000000000,0.000000000000000)
Rotation_axis
0.000000000000000
0.000000000000000
1.000000000000000
Rotation_degree: 30.000000000000078
