# ガウスノイズ付加データ No.0 (ガウスノイズの分散: 2)
point
# データ数
1331
# データ (ここから)
-73.9741 -114.884 -103.123
-67.7951 -118.815 -88.0187
-67.6169 -121.762 -66.8165
-62.6281 -126.138 -45.5336
-57.6705 -126.735 -23.9926
-51.4313 -131.39 -7.84149
-46.7269 -135.977 10.3118
-40.7312 -140.285 27.4141
-34.3122 -141.993 48.928
-28.8736 -144.976 68.3166
-24.8372 -149.245 85.5136
-81.2206 -97.9897 -98.2954
-75.5868 -101.895 -78.7981
-71.5219 -104.595 -61.1374
-65.8388 -108.466 -43.5853
-62.4207 -109.993 -22.4078
-60.4435 -114.162 -1.06658
-53.0665 -119.817 13.5077
-49.1793 -121.546 36.3205
-42.8287 -121.869 53.8291
-36.4097 -129.755 72.9997
-34.285 -129.521 90.2083
-91.8113 -78.4102 -97.0861
-83.8041 -81.0638 -74.9929
-79.4714 -83.8579 -55.5432
-76.0855 -90.024 -37.7417
-70.3923 -90.7253 -17.0376
-67.2615 -96.4631 0.559947
-59.6275 -98.5869 21.2228
-55.4146 -104.019 39.3923
-51.7173 -106.776 58.3875
-46.2962 -110.5 75.8027
-40.8513 -112.566 97.5494
-97.117 -63.2662 -93.4631
-96.4848 -67.4155 -71.2539
-90.1592 -68.1888 -50.8004
-85.1505 -71.7464 -32.7656
-79.3343 -76.3276 -12.651
-70.1483 -77.2215 5.95956
-67.032 -81.2702 23.623
-63.0544 -84.4281 42.5063
-58.0527 -87.5099 65.6817
-52.5796 -91.3883 81.1345
-47.0596 -95.2478 102.099
-107.798 -44.4583 -83.4774
-102.244 -48.3817 -63.3705
-97.0104 -50.1623 -47.0138
-91.5194 -55.9508 -30.8577
-86.3576 -58.6312 -9.7667
-82.4867 -59.423 11.2617
-74.4064 -65.9774 33.0254
-72.9711 -64.6784 49.844
-64.5075 -70.1102 68.9383
-61.5455 -72.3598 89.9175
-59.7723 -75.8044 103.41
-112.854 -28.7144 -77.1292
-108.306 -32.9313 -58.8897
-104.61 -31.611 -42.8681
-97.2511 -39.5766 -22.4661
-94.0049 -40.1226 -5.98686
-89.0458 -43.6537 19.101
-83.1888 -45.9047 34.1007
-77.3106 -47.9711 54.2901
-72.3795 -53.6229 71.9067
-68.963 -53.988 91.4884
-62.6431 -57.4386 111.231
-122.428 -6.23022 -74.6018
-115.45 -12.2313 -53.6033
-110.042 -14.9359 -40.4649
-108.633 -18.8658 -18.4941
-102.58 -20.8359 1.88319
-97.4806 -24.9897 20.4314
-92.2826 -29.0831 40.8207
-85.3408 -30.5287 59.5498
-83.7118 -35.0158 81.4908
-75.8048 -35.8765 96.6685
-71.1515 -40.2309 116.947
-126.06 7.63012 -70.3163
-127.537 5.90487 -51.156
-116.918 0.315291 -29.9129
-113.389 -1.55563 -9.99693
-110.649 -3.07908 5.00553
-104.152 -9.20716 25.0055
-97.5782 -12.2611 46.1037
-95.5591 -13.2517 62.32
-90.143 -18.2778 84.5332
-84.6706 -19.8296 101.976
-80.9674 -24.708 122.513
-137.408 25.2007 -67.7067
-132.604 20.7839 -46.8947
-128.604 19.7512 -27.2769
-122.567 15.919 -6.02926
-114.837 11.4289 11.2177
-113.182 12.093 32.1622
-106.957 6.13356 47.5145
-101.348 4.67883 70.9998
-97.5011 -1.35611 86.6202
-90.7759 -0.656992 109.722
-87.2328 -5.64173 125.876
-146.438 43.7514 -58.6964
-137.53 40.9097 -40.3074
-136.544 37.4876 -21.7037
-130.435 34.4417 -2.51767
-126.147 33.8507 18.1009
-116.614 26.6305 34.8286
-113.091 26.4434 53.3983
-109.765 21.1019 75.691
-105.699 18.3902 95.5149
-98.0207 13.8572 114.187
-97.6185 13.2914 131.167
-149.561 64.023 -54.6528
-146.421 59.7519 -34.7044
-142.896 56.0529 -16.3011
-138.922 51.2355 1.89458
-133.995 48.3441 22.0979
-127.135 46.3095 39.4181
-123.195 44.9539 61.5934
-117.729 40.977 76.5547
-111.987 34.6226 101.221
-106.929 33.1046 117.958
-101.792 28.648 137.764
-55.5531 -107.64 -110.226
-52.5975 -110.21 -89.019
-44.8306 -112.106 -68.1431
-45.0733 -118.862 -49.6606
-35.9486 -119.8 -30.4849
-31.2283 -125.295 -12.5826
-27.1841 -125.323 6.7983
-21.2176 -131.627 26.4522
-15.4504 -131.513 45.8183
-13.1082 -134.737 63.6371
-8.36721 -139.914 84.5504
-64.2128 -90.173 -103.843
-60.4242 -91.5 -85.9411
-54.8468 -96.736 -64.1097
-51.8597 -100.366 -45.7583
-42.6837 -105.029 -25.5502
-39.4826 -105.308 -9.56852
-35.6714 -108.651 10.4606
-30.4685 -111.63 30.7273
-25.6951 -115.884 48.5069
-19.7944 -119.792 69.0585
-14.29 -121.324 90.2939
-74.2468 -73.6306 -96.9237
-66.4707 -74.7726 -77.5225
-58.9415 -77.3198 -60.9287
-58.7806 -78.1953 -42.766
-50.2167 -83.9957 -23.5847
-46.9132 -87.9213 -1.86023
-40.577 -90.7922 16.4376
-37.2776 -93.9412 36.9718
-34.002 -97.791 54.9304
-28.1706 -102.519 72.4708
-21.9675 -103.599 92.5691
-81.5937 -52.8175 -91.8454
-72.8182 -55.7907 -73.1382
-70.286 -59.4613 -55.9542
-67.4373 -64.4837 -31.5261
-62.3158 -65.5553 -16.8425
-55.0154 -70.4381 3.80089
-50.2222 -73.0316 20.5179
-43.6668 -77.5146 42.6825
-39.5125 -78.3296 58.3323
-37.2807 -83.5635 79.2414
-31.0953 -85.8544 96.1623
-89.2713 -38.7124 -88.8485
-85.0035 -40.5562 -69.3863
-77.5233 -41.2631 -50.3073
-74.495 -44.4732 -29.4296
-67.9478 -49.0839 -10.9192
-64.0001 -53.5984 7.91524
-59.3563 -56.1853 27.8291
-51.7289 -59.0401 44.3063
-49.8647 -61.9262 63.2709
-43.797 -67.1524 86.9568
-38.796 -68.0624 103.438
-97.3914 -19.6397 -80.8414
-91.1472 -20.3787 -62.6133
-84.7344 -25.6657 -45.071
-81.3074 -26.6841 -25.5857
-74.6183 -31.4223 -6.11982
-72.0373 -34.3031 14.1855
-65.2629 -36.8435 33.7392
-63.9193 -41.3118 53.4557
-53.967 -42.2698 69.7351
-51.215 -47.1021 88.9315
-44.8904 -52.8345 106.328
-105.698 1.28796 -78.057
-98.9233 -4.38534 -57.9293
-94.0263 -8.58328 -40.1921
-87.4045 -9.33528 -19.6407
-82.5681 -14.1911 -2.81957
-78.4586 -15.4792 16.5615
-74.0289 -17.921 37.321
-68.8995 -25.472 56.7434
-61.2596 -27.3624 74.9563
-55.8919 -31.6721 94.8646
-52.9348 -35.2546 114.625
-108.649 17.6917 -72.5667
-105.72 11.5547 -55.3258
-102.687 9.00953 -37.3273
-97.1393 7.53327 -15.3556
-91.4392 3.08004 3.32769
-88.7513 2.27614 23.6744
-80.2601 -3.94782 42.9045
-76.2783 -8.94843 61.0382
-72.5399 -6.14908 81.581
-65.5773 -10.6396 98.022
-62.2108 -14.0138 120.005
-119.967 33.1438 -68.8216
-110.122 32.2153 -50.7657
-107.107 27.5303 -30.3163
-103.323 24.6089 -8.40168
-100.366 22.5776 11.0608
-94.0953 20.3831 28.7076
-89.3926 16.1858 47.3523
-85.7946 11.0004 67.4547
-80.8714 12.7746 85.1016
-73.9962 6.33583 106.805
-71.0502 4.32142 123.557
-129.214 50.9997 -60.7667
-123.285 52.1851 -47.1748
-114.59 46.3372 -25.8623
-109.862 42.3651 -2.96783
-105.731 38.8411 13.3987
-103.525 37.1035 29.9494
-96.5751 34.3546 51.5021
-91.5725 29.8324 70.4442
-87.8462 25.9846 90.5055
-82.8816 21.8277 108.676
-79.5321 21.8065 129.175
-134.197 68.1304 -58.9091
-131.135 68.0806 -37.0359
-122.658 64.6226 -17.4906
-119.262 63.7738 0.497825
-115.827 58.0277 19.9061
-110.852 53.18 38.4146
-106.88 49.9006 56.7208
-101.702 48.6301 75.5304
-95.0352 44.659 97.3748
-91.5573 40.3507 113.794
-82.8302 39.7083 131.319
-42.5143 -99.656 -109.593
-35.4141 -100.608 -90.5307
-29.503 -105.191 -74.3387
-24.1897 -107.972 -55.0973
-21.8641 -111.502 -32.7107
-15.9924 -114.607 -14.7444
-7.87377 -116.757 3.45032
-4.26603 -121.992 21.5415
-0.278678 -124.333 42.4712
4.35115 -126.702 61.3117
9.34159 -130.163 78.4046
-46.4915 -78.2244 -105.425
-41.6711 -83.4941 -85.186
-36.4603 -86.9232 -64.9449
-32.0639 -87.3342 -51.3453
-27.6675 -94.968 -29.3128
-23.4028 -98.1845 -9.24015
-15.6133 -98.8599 9.86359
-11.3062 -103.267 27.3365
-8.04652 -104.635 48.4482
-2.38161 -109.123 63.1026
2.22336 -112.632 85.8299
-55.3746 -63.8747 -98.9536
-51.6226 -64.7809 -79.0299
-43.8394 -69.6663 -62.9796
-37.9392 -73.0691 -42.0773
-36.1484 -75.4987 -25.8264
-31.1847 -80.7264 -6.37209
-24.7695 -80.7963 13.619
-22.0618 -83.9431 34.1336
-17.4279 -86.8021 51.061
-11.072 -92.3969 72.0358
-5.86418 -95.7571 90.19
-62.408 -42.8852 -96.4323
-58.3161 -51.0469 -77.5051
-52.9231 -51.837 -59.5981
-50.0105 -53.5131 -38.4562
-45.6062 -56.5128 -19.8876
-39.7465 -61.6444 0.316663
-33.3674 -66.627 16.5649
-28.3104 -69.6673 37.2449
-21.5244 -69.6669 56.4984
-16.5511 -76.1009 75.6034
-14.7335 -76.5172 96.1546
-70.0334 -26.2188 -89.143
-64.5116 -30.7005 -72.3685
-58.235 -33.1142 -53.942
-53.739 -37.1834 -30.6864
-54.8478 -40.4329 -12.5244
-47.1684 -45.2075 6.81542
-37.869 -43.9688 24.306
-34.5404 -50.4026 43.0729
-32.0341 -53.6085 62.8229
-26.1992 -56.1266 81.4531
-20.3096 -61.6485 100.805
-75.4881 -10.5636 -87.3629
-72.4153 -14.8061 -66.9911
-66.5285 -16.0821 -46.3192
-61.2868 -19.6161 -28.3095
-61.6336 -22.3763 -9.87784
-49.2584 -25.4306 9.14317
-52.7361 -30.2856 28.307
-43.5512 -32.7402 48.4092
-35.5022 -33.1187 63.5451
-33.808 -37.1882 86.2614
-27.6023 -40.5092 102.475
-86.3301 9.09413 -81.909
-80.9559 5.97731 -60.3949
-76.1402 -0.0962668 -41.4834
-69.8848 0.762771 -25.5177
-65.7269 -4.37289 -4.04427
-61.1119 -10.6836 14.5383
-55.9495 -9.42787 32.8787
-51.1497 -12.3464 51.8712
-48.6708 -18.0353 72.8263
-40.5083 -19.4725 89.6621
-36.4261 -22.8754 109.118
-91.8447 26.1779 -77.1986
-90.1847 23.7645 -58.5125
-84.1404 19.6784 -37.2605
-80.3072 14.8947 -17.6726
-75.8419 14.1041 0.261018
-69.3003 11.147 20.7165
-63.4967 3.64652 37.6221
-56.5171 3.66711 56.9565
-54.0319 0.533276 75.0084
-47.8393 -2.97285 95.8089
-42.3459 -6.10515 115.665
-103.617 41.0254 -69.7753
-96.8902 37.42 -51.37
-91.3342 35.2379 -31.6107
-85.5002 32.0798 -13.3629
-81.7226 31.1316 5.4541
-77.5841 27.3215 21.6271
-71.3945 23.8548 43.273
-66.6954 21.2797 61.6553
-62.8537 18.6036 81.5371
-55.9233 13.2703 100.281
-50.5506 9.42437 120.306
-108.981 61.6693 -65.81
-103.238 57.5374 -45.793
-98.903 55.514 -28.482
-92.9182 55.0223 -8.63203
-88.7001 48.9523 9.23648
-85.6087 45.0237 30.4636
-81.2488 42.4321 48.0763
-75.2048 37.7204 67.4571
-68.3528 38.2124 86.5315
-63.9234 33.8864 104.672
-56.1725 27.5791 124.394
-116.274 77.9637 -61.1366
-111.014 76.2151 -43.528
-108.362 73.2486 -23.0742
-100.496 69.6509 -4.03265
-98.712 64.8195 12.9163
-91.6902 62.5255 33.928
-85.2715 58.5008 52.9613
-83.6853 54.8279 72.6085
-76.226 50.6036 89.1375
-71.8124 48.8894 112.803
-69.7347 47.1643 131.35
-23.1258 -92.2921 -112.707
-16.0418 -89.5589 -94.2291
-10.3454 -97.0262 -73.5518
-7.58195 -101.559 -55.177
-0.705867 -104.181 -38.5615
2.29061 -107.314 -19.0952
8.52044 -108.323 0.178183
12.1829 -113.319 21.7636
19.0204 -117.149 39.0587
20.3754 -120.557 58.0586
27.529 -120.731 76.9292
-33.1834 -72.5294 -106.101
-24.2852 -73.8132 -88.5063
-19.195 -79.6022 -70.8112
-14.3928 -80.7381 -49.6288
-11.0815 -84.0101 -33.2917
-6.11207 -89.0253 -11.6177
0.810641 -90.6448 4.90125
4.74603 -94.3094 24.1626
11.0108 -98.1185 43.9498
15.0096 -102.861 61.3544
21.6445 -103.543 83.8892
-38.7923 -57.1464 -103.222
-33.3214 -57.8609 -83.4932
-23.7792 -60.5157 -65.6162
-24.3115 -63.9543 -46.3299
-18.0363 -67.2978 -30.286
-13.4648 -71.5164 -7.76634
-8.29817 -75.5466 11.1666
-1.87845 -77.9344 32.3476
0.535441 -78.6525 49.87
8.76655 -83.5567 69.3189
12.2576 -87.7394 89.1005
-45.8311 -38.2271 -99.2816
-41.5168 -40.4035 -80.9878
-31.8875 -43.9138 -59.2673
-31.1741 -45.55 -40.8669
-24.8569 -50.4888 -24.4077
-17.9285 -52.4365 -5.68766
-15.0358 -55.6178 16.4552
-11.4304 -58.7782 36.5654
-5.44709 -64.9579 52.6804
-0.608247 -65.3137 72.5323
3.02868 -68.9027 91.6496
-52.187 -19.1046 -95.4641
-47.3773 -20.9099 -75.4291
-44.0696 -27.8158 -57.0627
-36.9228 -27.5861 -36.3024
-35.3362 -32.1531 -14.7456
-25.2934 -35.3083 1.46375
-23.4828 -37.7951 21.1135
-17.5205 -40.7644 38.9183
-12.7199 -41.9187 59.9753
-9.21394 -48.5851 79.0239
-1.80649 -49.9852 97.9015
-58.716 -2.13959 -89.9562
-54.0236 -5.67012 -69.7827
-49.5951 -7.04598 -49.6746
-46.6841 -12.231 -32.2253
-39.7359 -12.5895 -12.8915
-36.8218 -20.5188 4.13252
-29.5028 -20.9648 23.5293
-27.7763 -22.1394 44.8192
-19.5623 -28.6543 66.4566
-14.6931 -31.972 83.2498
-12.083 -32.7211 102.578
-67.3092 16.719 -82.6473
-63.6506 14.1537 -65.5312
-57.0378 7.66768 -45.1719
-51.708 6.82074 -27.7562
-48.8948 5.95291 -8.70855
-43.6163 2.31345 11.2793
-35.955 -1.64823 31.2004
-33.4776 -3.9452 50.7278
-29.2331 -9.10798 65.9609
-21.1958 -11.2116 88.5634
-18.4357 -12.6859 103.432
-76.1366 33.898 -80.2595
-70.7318 29.9943 -58.6517
-66.3665 29.3855 -40.5965
-60.4094 23.2706 -24.1243
-53.8543 21.3 -3.64742
-50.3531 16.8737 15.4037
-44.579 15.4635 34.1069
-40.1187 12.7292 54.0425
-36.502 8.93152 72.5131
-32.8944 7.61183 94.332
-24.9621 0.655061 112.202
-82.2515 50.6417 -73.6356
-77.5327 49.4518 -55.366
-72.3465 46.0028 -34.873
-69.337 41.6546 -17.3982
-61.6332 41.9577 0.840694
-59.9829 36.2939 23.05
-54.0211 32.045 39.1477
-47.1241 31.0456 60.2022
-42.5163 27.1254 79.4033
-38.7523 23.4888 97.8137
-32.1726 18.3241 117.093
-92.4631 71.5273 -69.2077
-87.1138 66.9184 -50.2964
-81.4509 65.357 -32.22
-76.8037 60.8199 -12.7648
-69.1576 56.2907 6.28407
-64.6274 56.1784 27.7493
-63.1601 53.1553 45.7226
-59.5377 45.9867 64.4173
-51.5438 43.2286 83.1386
-46.0837 42.044 101.898
-42.9164 36.6215 121.123
-98.9779 86.5631 -65.6084
-93.8161 86.0796 -45.8919
-89.5538 81.3783 -25.4781
-84.6366 77.9457 -7.32011
-78.4179 72.6843 15.1701
-74.8132 71.2023 32.2532
-70.7957 66.2386 50.4603
-64.8822 63.1345 69.4887
-61.0697 63.7972 89.3081
-52.4821 59.4146 107.809
-49.0422 59.4504 124.143
-4.04631 -83.8849 -117.871
0.909978 -83.7127 -98.6014
5.89313 -88.2578 -78.2958
10.8943 -89.8963 -58.636
13.7686 -91.4645 -40.1445
19.8111 -99.9225 -22.5711
23.8388 -101.83 -2.68867
29.964 -103.344 16.8786
35.9805 -106.414 34.1763
42.3838 -112.521 52.9505
47.459 -112.36 72.2577
-13.4496 -62.6436 -113.07
-6.24989 -65.8192 -93.5236
-0.220967 -69.2642 -73.2779
1.51379 -74.4131 -56.3164
8.65125 -77.1586 -35.7164
10.1529 -81.0484 -18.6296
21.5047 -80.7878 2.26151
24.0675 -87.2533 20.134
28.6393 -89.1081 42.5321
33.5057 -91.2458 59.8037
37.5557 -95.3591 78.4458
-18.9956 -45.8143 -106.138
-14.0529 -48.588 -89.6297
-9.89123 -52.934 -70.1126
-5.93881 -54.8337 -47.7712
1.29575 -57.0544 -28.9868
6.93212 -60.7333 -13.6731
8.15699 -64.7145 8.43819
16.1612 -68.0189 26.5048
23.3718 -71.0505 42.8735
25.2339 -73.4874 65.0872
30.0537 -78.6002 81.7814
-27.4313 -26.7464 -101.754
-20.3057 -30.4139 -83.7341
-15.3674 -33.2348 -65.6585
-10.3871 -37.914 -43.6749
-7.65794 -41.8673 -24.9077
-3.67479 -43.4545 -6.30872
4.90787 -47.6444 14.5678
5.88786 -50.2378 31.9703
14.317 -55.3868 52.0615
18.4427 -56.4834 72.2784
22.4607 -61.9127 89.4422
-33.9204 -11.6343 -95.6953
-29.7394 -11.6169 -79.5149
-24.2058 -17.4733 -60.8773
-22.3811 -21.8105 -40.7889
-16.3873 -23.1881 -20.6158
-9.3162 -26.8899 -1.37184
-4.58388 -27.6306 15.3152
-0.591139 -31.4317 35.4352
6.67605 -38.8489 55.2769
11.0927 -38.6417 78.3119
16.1607 -44.3408 94.1157
-43.0057 7.59885 -91.0337
-36.8548 3.32573 -72.9133
-34.3278 0.499615 -53.1384
-25.6733 -3.48564 -36.8911
-23.9852 -8.60506 -17.3145
-15.9138 -9.9267 2.22043
-11.59 -13.0024 20.7285
-8.50534 -13.246 40.6943
-4.76293 -19.9313 61.8125
2.79264 -21.3405 78.2219
8.19671 -23.6408 96.1594
-51.5082 25.8231 -87.7842
-43.7901 19.8259 -68.2752
-39.3347 17.5399 -49.9735
-36.6957 15.6113 -28.5412
-29.0077 12.1062 -11.8685
-25.8444 9.68939 7.20211
-21.7401 3.5597 25.5561
-14.0302 -1.02442 46.1685
-10.8273 -0.958334 64.4655
-5.90389 -2.04463 85.0392
1.572 -8.81238 103.026
-58.2589 43.8805 -82.4766
-54.4466 40.9795 -64.4271
-48.379 35.8499 -44.9074
-45.457 33.2503 -25.549
-39.6567 29.5912 -4.56728
-29.4765 27.5 13.7297
-26.4021 24.019 31.0999
-21.799 21.8255 49.736
-18.7219 17.2339 70.4858
-14.3717 13.6282 88.7897
-7.71206 12.4384 107.4
-66.3062 62.0925 -78.1788
-59.5412 57.2839 -59.143
-53.3104 53.9639 -39.9773
-49.5789 52.4601 -19.4398
-48.8854 47.6204 -0.179229
-41.1121 43.3372 19.5771
-35.2525 41.26 35.7046
-31.9873 39.756 56.8936
-26.2397 35.3171 75.4032
-23.5898 30.9637 95.7468
-15.5194 27.448 113.882
-73.2969 79.542 -73.5426
-69.8676 76.5812 -54.4157
-62.8919 71.8128 -32.936
-57.5677 70.3836 -15.6544
-53.2689 65.1141 4.78517
-46.8942 62.7011 24.2709
-43.9257 61.3811 41.0918
-37.3541 57.57 60.3938
-35.2241 51.8614 78.1364
-28.7594 48.0415 98.3485
-25.0841 46.7416 121.463
-80.6788 95.94 -65.4992
-76.9725 92.4132 -49.4939
-73.9355 89.4228 -30.5138
-66.0437 88.7879 -8.63729
-60.1074 84.0264 8.73403
-56.0248 81.5345 28.5541
-50.2364 77.9089 47.1603
-43.6265 75.2176 68.577
-42.4587 72.1612 86.6499
-38.4502 67.925 104.292
-33.778 62.9795 124.178
14.9025 -74.5244 -118.586
20.0705 -77.4141 -100.411
21.9992 -80.4858 -81.1634
29.0452 -82.8854 -62.8824
32.6537 -84.4794 -45.57
37.5806 -86.8503 -24.2
44.1695 -93.549 -8.42156
48.8431 -94.6545 14.2158
52.5596 -98.1213 33.3277
56.314 -101.067 51.9325
65.4675 -104.899 68.6192
6.84146 -54.2129 -114.082
14.9336 -56.7544 -95.9802
14.8336 -61.1195 -75.9305
20.5547 -66.1757 -58.116
27.9583 -67.3805 -37.6072
31.6205 -67.8851 -18.1285
35.3112 -74.7128 -0.369856
40.6747 -78.5828 18.7723
45.2372 -78.3371 37.7981
52.3202 -82.7135 56.5549
55.8207 -85.6152 76.609
-3.99599 -34.5695 -110.167
4.12634 -40.7755 -90.3334
9.44467 -43.2306 -73.2256
14.2149 -47.7457 -52.0053
16.5452 -48.9804 -35.5122
24.9514 -52.0167 -17.0261
28.4136 -55.6087 5.48267
32.2619 -59.1647 25.7734
38.9083 -61.1715 42.2791
42.5479 -64.7529 62.0224
49.7839 -70.0942 81.4181
-10.1104 -19.3423 -108.494
-6.58713 -21.9216 -85.8036
0.478431 -23.2918 -66.0692
7.73601 -29.0542 -47.6496
11.0156 -31.8481 -28.5736
13.8795 -32.9658 -11.3906
22.2779 -36.6307 8.88254
27.1602 -41.4207 28.4408
30.0147 -43.2459 48.8154
36.6731 -47.6279 62.9827
39.4471 -53.8747 85.438
-19.1172 -0.707057 -100.319
-8.66152 -6.63494 -79.8169
-7.43589 -8.5554 -60.5714
-3.2869 -12.253 -43.8591
5.75366 -14.5024 -25.0048
8.36283 -21.0086 -2.98431
11.5472 -21.8791 12.6096
17.2942 -23.063 33.7972
25.5248 -27.8239 52.2685
29.4325 -31.0058 70.5727
34.8326 -33.2096 88.9922
-25.7616 14.6121 -96.1216
-18.4122 12.7683 -75.1067
-16.7884 7.38399 -57.8715
-8.53495 5.23129 -39.6276
-4.6715 3.68094 -18.4525
0.223216 -0.526496 0.782241
8.07105 -3.16543 18.3033
11.8448 -6.1688 40.0576
14.597 -8.77252 57.8126
19.7935 -12.1592 76.1231
26.9054 -15.4434 96.9316
-33.5683 31.0515 -90.3439
-27.9858 30.8794 -70.5012
-24.7754 26.142 -53.5278
-14.2892 25.1286 -34.2096
-14.3011 22.3065 -16.137
-7.36203 17.9764 2.15192
-3.40271 14.8895 23.584
3.4503 9.58884 42.2709
8.59121 8.44551 61.3713
12.1172 7.37261 83.4174
17.8431 -1.09477 100.049
-40.6155 53.5592 -84.7465
-37.3526 47.6487 -67.6273
-33.7835 43.309 -49.0758
-27.1266 42.3665 -28.6146
-16.657 39.2925 -7.27939
-17.085 36.9954 10.6368
-9.82822 32.038 30.2494
-5.65998 29.8648 50.0392
-1.47146 22.4752 67.9842
6.2193 22.3729 85.5798
7.18364 16.6084 102.265
-48.9215 68.3239 -81.5223
-42.5803 68.6475 -62.903
-39.9108 63.8741 -43.0636
-33.5448 60.3499 -22.9552
-28.3404 57.9083 -3.10281
-22.2752 53.1037 15.1046
-17.7796 49.4596 33.7244
-13.4226 44.4488 55.5782
-7.02315 42.292 75.0419
-0.848912 39.8173 92.3238
0.579858 37.516 112.933
-57.0955 84.6717 -74.9531
-52.9522 85.5738 -56.3986
-45.5787 81.4217 -38.0076
-41.228 80.7046 -17.8462
-34.8112 75.4852 0.0230762
-33.2526 71.5232 17.2583
-27.0019 66.3633 38.1544
-19.0256 67.7997 58.7182
-14.4857 63.2293 77.8678
-11.1131 60.7202 97.557
-6.78609 55.8944 115.775
-65.5246 105.42 -69.6837
-59.5792 100.896 -50.3074
-54.5696 98.0278 -32.9285
-46.151 98.5129 -11.341
-43.7787 93.2219 7.0603
-37.636 88.0356 24.9473
-35.4497 85.7472 42.2422
-28.3878 82.7264 64.2822
-22.1117 77.8019 84.6853
-19.2902 74.7506 100.376
-16.2705 70.7119 120.988
33.9964 -64.1425 -122.899
33.4156 -67.4978 -105.572
40.5577 -68.5094 -83.4712
45.24 -74.2291 -65.006
52.3576 -78.5287 -48.3292
56.6736 -81.7071 -28.3923
61.014 -84.9686 -9.33633
66.0032 -88.1 11.3756
73.2241 -88.3787 31.2746
77.6447 -93.8629 49.6167
81.3112 -97.1733 64.9043
24.0254 -45.4571 -121.03
28.0795 -47.6975 -100.01
31.0069 -52.6532 -81.2359
37.2813 -54.0904 -59.9237
44.8908 -58.4062 -40.5211
50.4299 -63.464 -22.2293
55.7384 -66.0286 -3.40608
59.4414 -69.6687 16.9036
63.5686 -73.6826 31.2316
65.5337 -73.4969 50.8029
76.8193 -76.2851 72.5727
18.0231 -28.745 -116.592
20.5715 -30.799 -96.3774
27.3295 -34.8118 -74.5393
31.5309 -39.1586 -56.6197
38.0066 -43.0419 -35.6139
40.2842 -45.6133 -18.0933
47.2014 -49.1424 0.648966
49.0658 -50.8501 20.7547
52.5913 -51.5193 39.2325
60.843 -54.1103 58.3984
64.6638 -60.2019 79.0543
7.29482 -10.9011 -106.495
13.8081 -14.1234 -90.7599
17.4338 -18.3711 -70.1271
26.3207 -17.4537 -50.3041
29.2711 -24.0491 -30.3627
34.4029 -27.2837 -11.7343
37.3073 -30.6783 5.52997
42.4547 -35.165 23.6433
49.1256 -34.6793 41.5378
52.4692 -40.4989 64.0109
59.5828 -43.4814 81.7867
-0.799302 5.10775 -103.411
3.84189 3.22992 -84.2192
9.45893 -0.999758 -64.7447
16.0721 -2.87525 -45.7805
16.8663 -8.23867 -26.9115
24.7286 -12.9222 -8.03911
28.9547 -13.2373 10.8511
34.4478 -12.2977 31.5347
40.0648 -15.8311 51.1924
44.3465 -21.8857 67.9165
51.7164 -24.3916 88.6899
-9.06476 24.7445 -95.758
-3.661 20.9637 -80.1801
1.69061 18.8296 -58.3389
7.87254 14.9567 -41.8796
11.7944 9.80269 -20.3951
18.8603 10.4683 -6.92465
23.555 7.81423 15.1909
29.4359 3.32994 33.1039
32.2904 -0.871388 54.0853
36.3429 -3.65391 72.9994
43.1161 -5.57815 94.7332
-16.4491 42.4769 -93.2565
-10.2319 41.527 -74.6781
-3.71988 36.539 -57.1023
0.683476 30.8577 -36.6368
4.80654 30.631 -19.0641
9.36057 25.1628 0.267351
13.9508 23.4752 21.712
19.0776 18.8036 40.1838
27.0744 15.3723 59.6958
29.9976 12.6415 78.6457
38.9245 11.2375 99.1923
-22.4908 58.8243 -89.5525
-14.4413 57.1707 -71.0612
-9.71474 52.878 -48.8284
-8.25082 53.0213 -32.3498
-2.11725 47.939 -12.4503
2.32176 45.2313 5.66998
8.1778 39.2477 24.8646
10.2519 38.3008 42.8571
16.999 34.3047 65.0652
24.2625 30.2564 83.509
26.2251 26.3229 100.593
-31.174 79.4585 -82.8507
-23.7671 74.7733 -63.0646
-20.1595 72.1987 -45.6584
-15.6967 69.6511 -25.7557
-10.949 65.9175 -8.82773
-3.51682 62.0739 10.7276
-1.34551 58.3304 30.7373
4.9174 52.1374 48.3904
8.0216 51.3766 70.5018
14.7402 48.2585 88.2238
19.0126 45.1064 108.251
-38.3405 97.3351 -78.8583
-33.3644 91.5382 -59.3252
-28.4811 90.7444 -40.7673
-23.0086 83.542 -22.3789
-16.2809 82.1586 -2.12829
-12.4092 80.0042 14.8879
-8.8132 75.8836 36.2935
-3.71697 74.6467 56.3619
2.39505 68.4814 73.6983
7.11504 66.9868 92.3812
12.5885 63.9415 111.331
-47.4191 111.517 -71.6467
-40.2207 109.248 -57.5251
-36.3287 109.749 -35.7211
-29.7255 101.765 -17.6459
-27.7068 102.416 0.143877
-18.2375 98.0403 22.917
-13.3648 95.1807 39.6309
-12.2688 89.6293 56.4031
-6.87069 88.3825 78.5388
-1.87132 86.7814 98.363
4.94438 81.0156 117.696
49.1985 -56.6371 -125.279
54.5644 -59.5587 -107.192
57.5256 -62.2348 -88.7107
65.7464 -67.5051 -71.2388
69.526 -66.7035 -51.6928
76.2034 -71.8782 -32.0619
78.0597 -76.4362 -11.5676
82.4019 -79.3546 6.2217
91.7056 -81.403 25.3571
94.9005 -83.7994 44.6814
98.579 -86.9998 66.5743
40.5344 -36.5317 -122.361
47.9503 -38.1289 -103.803
52.1497 -41.2805 -81.9228
55.3529 -48.0657 -63.6146
63.7474 -51.9303 -48.41
66.0691 -53.6848 -26.5702
73.7861 -56.3904 -7.05012
75.7318 -59.9339 10.9119
82.0839 -65.7027 30.7079
84.1338 -65.9462 52.8575
90.495 -70.4858 72.6286
33.2685 -20.0464 -118.974
37.8609 -23.1565 -97.4974
45.255 -26.2457 -80.448
48.8555 -29.6654 -59.0819
53.1541 -29.8782 -40.1401
59.2395 -37.3812 -21.4176
64.3053 -38.4064 -2.85807
70.134 -42.2628 18.2563
74.6309 -45.2308 37.1899
77.8908 -47.7145 56.6732
86.8257 -51.4572 75.2314
27.4807 -1.54575 -112.688
33.0023 -3.65481 -93.9029
34.6401 -8.45341 -72.9409
40.0052 -12.7407 -55.3775
47.0343 -15.6764 -34.5723
51.8994 -15.9648 -15.2484
58.3154 -19.7671 3.76789
60.58 -26.1469 24.212
64.274 -28.7549 42.5135
70.4578 -33.6515 60.6113
76.7449 -35.4468 80.6235
17.854 15.4539 -105.827
23.6932 9.48468 -87.7946
26.4524 8.40341 -66.6517
31.9145 7.10828 -49.068
35.9627 1.56924 -33.6998
43.9634 -3.58019 -11.8872
48.5882 -3.16644 8.99205
54.003 -7.92788 27.2183
58.2043 -10.5489 46.5741
62.3963 -12.1723 66.5773
69.6174 -16.986 81.9884
11.6163 32.7785 -102.649
13.9183 29.1182 -82.8657
21.0017 28.6077 -63.4871
23.8063 22.5783 -43.757
32.9906 21.1948 -25.8117
34.7534 17.5515 -6.89416
41.5707 14.9243 13.1424
45.4504 12.0282 30.313
48.9466 6.1966 50.1265
56.2208 2.49654 73.1765
60.4644 1.32564 91.2304
4.37938 52.3184 -97.1576
2.9709 49.3339 -78.9929
12.4965 44.1494 -59.7003
17.8892 42.2195 -38.9676
24.7085 37.5649 -20.9347
25.9674 36.122 1.05946
32.3851 31.7933 20.254
36.3294 28.5794 39.045
40.5481 27.3613 56.1523
48.786 22.3811 73.7921
50.6877 20.537 93.8437
-4.78216 66.6152 -92.2479
-0.922939 65.8857 -70.9054
3.39988 62.0153 -53.9534
12.1537 59.7815 -34.1296
15.4491 56.5506 -13.6919
21.4784 53.2296 4.80772
22.4313 47.9406 25.4249
28.9412 48.1466 41.7433
37.2152 41.2194 59.2899
40.7823 39.3686 80.9414
44.4662 35.5259 98.357
-10.3411 88.2493 -87.4127
-7.39461 82.696 -67.8508
-1.42057 83.2179 -48.3481
3.87886 77.4382 -29.0438
6.68196 77.0851 -11.4361
13.0683 72.5471 8.28348
18.4032 66.4162 25.1471
22.2519 65.7667 49.6311
26.6209 60.9312 68.0667
33.6688 58.5722 85.0236
38.17 55.6906 103.577
-20.5674 104.175 -84.2545
-15.0417 100.398 -60.4477
-10.8011 96.6702 -43.0975
-7.59761 96.8822 -25.2634
-0.748316 90.3425 -4.56091
4.89595 87.5763 13.9126
10.0591 85.2706 31.5453
15.0386 82.6395 54.3208
18.6487 78.8011 69.9286
25.9095 74.2629 91.1955
29.5922 72.8867 105.653
-26.4736 120.798 -76.494
-24.281 120.904 -58.9233
-17.0362 118.261 -40.7251
-12.2968 113.396 -18.3062
-6.40028 111.36 0.564033
-4.54264 105.643 18.1246
2.37152 102.648 38.3485
6.18626 98.3958 55.5485
9.34163 96.4293 73.2774
15.3023 92.867 97.1664
21.9865 90.12 113.196
66.1088 -45.2898 -128.363
72.2631 -50.1002 -111.112
73.3043 -52.904 -91.8465
83.0046 -55.7961 -73.209
86.2302 -60.035 -54.4138
90.0853 -62.068 -35.2157
94.9032 -65.4356 -14.875
101.896 -71.2943 3.37619
108.952 -70.758 23.6253
110.611 -76.4604 43.1657
118.395 -76.9351 61.17
59.5951 -30.9937 -124.644
64.4715 -32.538 -107.332
69.6167 -35.8398 -87.0994
73.6475 -38.5224 -68.2613
80.6216 -44.2205 -49.2335
83.9717 -44.0334 -29.9759
90.2241 -47.1176 -8.91109
93.7231 -51.6336 9.44478
100.839 -57.1832 29.5488
104.957 -57.4959 49.1957
111.494 -61.981 67.7141
50.8832 -12.7287 -119.137
53.9313 -16.5224 -101.317
61.6136 -16.465 -81.3034
69.0779 -21.1031 -62.4882
73.0956 -21.9197 -43.3655
74.2358 -25.0767 -25.058
82.4375 -30.7258 -4.40264
86.8881 -33.2051 16.136
91.6011 -38.1458 32.3724
95.9336 -41.1394 53.9231
104.15 -44.7112 72.3338
44.0766 7.36021 -115.19
51.6945 2.4156 -96.3141
54.4271 -0.818128 -80.6262
57.4068 -3.11399 -54.6083
63.9753 -8.91904 -37.1852
69.451 -11.1101 -19.6887
73.2769 -12.2666 -1.31557
78.1343 -17.262 16.0705
85.26 -17.0679 35.5744
89.0378 -23.0214 56.2692
95.8978 -24.3882 75.4579
36.8992 22.2147 -110.863
41.4731 21.5607 -90.8518
44.0853 15.7135 -73.7333
51.0946 10.8205 -53.403
56.3087 12.0098 -32.3578
59.9518 8.05736 -14.6412
67.2117 1.65952 5.02376
71.5814 0.746946 22.6832
74.3542 -0.943189 42.882
80.5709 -7.47926 64.5893
84.3499 -6.91677 80.7052
28.9336 41.6215 -104.714
33.6225 38.4983 -86.1995
40.2512 35.5844 -66.0828
44.6001 33.1084 -48.3793
48.5286 26.2277 -28.7224
53.936 27.0392 -8.88127
58.2367 23.519 8.22005
64.7753 17.9487 26.7957
69.5042 18.7103 46.5589
76.9677 14.2953 65.3727
78.5875 9.9338 86.5928
19.9888 60.5249 -100.012
24.5866 54.3316 -78.3853
33.9887 50.8525 -60.1885
35.0036 49.0957 -42.5451
44.2207 47.8012 -25.9276
47.1095 44.2274 -3.97706
50.8588 40.0097 17.9089
59.0041 35.3199 32.8382
60.8935 36.3761 52.9215
62.7639 32.3619 72.2502
69.534 28.9579 90.2934
13.1051 79.5299 -93.7176
19.7041 71.7062 -74.5274
22.7765 70.8794 -58.2742
27.3693 66.4448 -37.2845
32.7136 64.6035 -17.3385
38.0375 61.0866 0.551259
44.4635 57.1017 18.8695
45.9563 53.1646 39.3375
55.0804 54.4297 57.8582
58.3396 51.0039 76.744
61.7449 43.3165 95.72
3.38104 97.0498 -91.0161
12.4606 91.8872 -70.1514
14.9736 88.7708 -51.9001
17.8014 85.5998 -33.6988
25.07 80.3156 -12.2525
30.6956 80.1022 5.77577
35.2776 75.1326 26.1986
39.7069 72.5598 45.6459
44.2692 66.8747 64.3388
51.039 65.4164 80.3793
55.7295 61.7493 99.9791
-2.69833 113.145 -85.0979
0.875922 110.775 -64.8606
6.94352 105.318 -47.7822
12.6301 104.561 -28.9485
19.6326 101.488 -10.3365
22.0027 95.1262 9.97244
28.1307 92.818 29.6302
31.3261 89.3355 46.9934
36.7728 87.9847 67.926
42.5693 84.2094 85.9421
49.9092 79.7505 107.245
-11.8447 130.737 -81.565
-6.22173 129.25 -58.6219
2.10696 126.245 -40.7752
3.18713 121.548 -24.0049
6.24547 117.851 -6.58695
13.5447 114.448 16.0599
18.6176 113.389 35.3957
24.1477 109.204 57.0049
27.6476 106.262 75.7254
33.7176 105.154 93.2826
39.4515 99.7025 110.402
85.4473 -39.1224 -132.992
89.4458 -41.6926 -113.703
96.9758 -44.9409 -96.0105
99.87 -49.8916 -75.29
105.857 -51.1126 -55.6196
111.501 -52.5696 -37.0946
112.876 -58.3848 -18.0549
121.406 -60.305 -2.40932
124.601 -64.2903 21.0381
128.789 -65.7937 37.7634
133.707 -71.7087 57.3945
74.3051 -21.0766 -124.599
82.0113 -25.7505 -108.9
87.7185 -23.2557 -88.4833
92.5797 -28.2331 -69.5829
98.9244 -31.3923 -54.1425
103.341 -35.3179 -29.9559
105.099 -42.2897 -14.6401
111.877 -41.5435 6.29988
116.264 -44.6042 23.6111
122.504 -50.4926 43.9246
125.136 -54.9745 64.1868
68.9652 -4.25849 -122.448
73.0382 -4.73203 -106.602
78.9749 -8.82315 -84.2078
84.4954 -12.5467 -66.0461
87.9321 -14.0717 -47.337
94.2991 -18.7619 -29.4838
98.9787 -23.1201 -9.06357
106.248 -26.3035 9.29315
108.771 -26.0539 31.6959
115.586 -31.0401 48.2982
118.43 -34.1058 66.1685
59.2666 15.5897 -117.864
66.7563 11.4036 -97.3213
68.5909 11.2242 -77.3725
78.7271 6.20196 -59.8205
81.4986 4.39995 -44.0587
86.8522 -2.92031 -23.0387
88.5619 -3.44419 -2.95302
95.7847 -5.87878 14.0087
102.152 -8.49745 33.2256
105.291 -13.6682 55.7563
110.341 -16.5941 72.3662
54.3217 32.3361 -113.88
58.8978 28.0161 -93.9697
63.4968 27.3465 -73.6307
69.4219 27.0624 -54.9406
73.2777 21.1861 -37.203
78.5462 14.8788 -20.4838
85.598 14.3189 2.19916
85.8867 7.83849 23.3565
91.316 8.78188 37.7459
98.1332 2.82886 60.5406
104.179 -2.07238 77.1959
44.9256 51.6848 -108.491
53.0441 47.0119 -90.3274
58.3291 44.0831 -73.0455
61.4497 39.6671 -50.2268
65.6623 39.3808 -29.1622
71.7315 34.7578 -14.2446
77.8942 31.0098 6.49473
79.493 28.1823 25.1779
86.6626 22.4913 43.8744
90.7202 20.5083 64.4012
92.939 17.9722 81.0086
38.535 69.0756 -102.398
46.2672 64.4639 -85.6084
50.8319 63.599 -64.884
52.5954 56.8971 -45.6595
57.5473 53.2828 -27.6846
63.8171 52.4415 -7.89153
67.5508 48.6849 12.3093
73.0598 46.0883 31.778
78.7492 40.3596 46.6918
82.0107 39.9249 69.8412
86.0248 37.8817 88.8473
30.9879 85.4354 -96.0914
35.306 84.6137 -78.2351
43.1301 79.9757 -57.7303
43.5315 75.4076 -40.5852
52.4184 74.3557 -20.7726
59.5224 68.9235 -0.858895
59.7676 68.0778 16.8148
64.9346 63.9005 39.7309
71.4253 57.6344 54.9389
77.8208 54.6563 73.4755
78.3193 52.8999 91.6991
23.6941 103.669 -97.3051
27.1225 101.934 -76.241
32.2298 95.9373 -55.0138
38.5427 93.224 -39.3888
44.7266 91.8533 -18.6679
49.0767 89.2067 4.08301
50.2488 83.0948 22.9407
58.0245 82.5831 42.4227
63.3871 75.7366 58.4975
65.5273 74.1783 78.4095
71.3173 75.4964 98.2261
14.3312 121.749 -88.2358
21.6079 116.178 -69.0566
24.0719 116.259 -48.4571
31.2746 114.132 -28.8864
36.3674 110.169 -11.9407
39.4801 106.979 9.52793
43.6809 102.962 27.3267
47.8479 96.4141 44.5814
55.1445 95.5475 62.5287
60.1389 94.0111 80.6245
64.7784 90.4065 100.95
7.86634 140.413 -81.352
11.7358 136.382 -65.8846
17.0238 131.746 -46.9309
22.106 128.161 -25.08
25.9634 124.035 -4.37159
30.9451 125.446 11.2258
37.2058 118.039 32.5701
42.967 118.438 52.4213
46.5521 112.497 70.7774
52.6198 112.725 89.4828
61.586 106.726 107.192
101.767 -29.4139 -136.577
107.964 -29.4344 -118.286
111.515 -35.9196 -99.4224
115.842 -38.9502 -79.0286
122.358 -41.4511 -61.6075
127.105 -44.0187 -42.2249
132.681 -51.1348 -20.6064
137.835 -55.8054 -6.86737
141.958 -52.5547 15.9198
146.986 -56.9291 34.7488
152.823 -64.6677 54.7069
94.1943 -13.0061 -132.58
100.358 -11.4914 -114.594
104.194 -18.3654 -91.0203
109.185 -20.9032 -72.6359
114.482 -24.3695 -53.2033
123.509 -30.5824 -34.0033
124.449 -31.2626 -16.2629
130.01 -35.5355 0.11695
133.672 -38.2228 20.2696
138.475 -39.8575 38.528
142.586 -43.4669 61.4229
85.4035 6.45575 -123.783
93.7072 1.85106 -106.395
98.0302 -0.850171 -88.7856
103.838 -2.83684 -70.3352
109.212 -6.62822 -48.6923
111.112 -10.5867 -31.3005
117.536 -14.441 -12.9952
119.581 -15.6171 8.14077
126.389 -18.3015 26.1953
131.346 -19.7329 47.4501
136.805 -26.132 66.207
77.6798 23.2793 -119.345
84.1717 19.9066 -104.254
91.1127 17.7029 -83.2714
94.4214 16.379 -64.5403
98.9385 11.7789 -48.2224
104.45 6.99828 -25.5986
108.415 3.01132 -7.76548
113.799 1.60668 11.4637
119.005 -1.51692 29.5414
126.387 -5.14206 53.1169
129.426 -6.7183 69.3309
71.7875 40.6545 -116.872
74.7516 35.0883 -95.5546
82.2181 35.8384 -78.2877
86.5625 30.9817 -59.3643
92.2794 26.9993 -38.1631
96.0454 23.6187 -22.6363
103.562 20.2767 -2.46872
108.446 18.0419 13.7345
111.599 15.6225 35.9486
114.161 13.4843 54.7699
120.349 8.0018 74.5145
65.9429 60.28 -110.873
70.8966 55.8597 -93.4388
74.9297 55.3514 -73.3544
80.1059 48.19 -53.0981
82.0161 51.8145 -35.6872
88.285 42.641 -15.9939
94.0501 40.0669 3.71578
101.059 37.1974 22.5171
105.41 33.3772 41.8212
107.706 28.071 60.5487
112.249 28.4474 79.8815
57.1464 75.8564 -106.019
62.2316 72.7885 -87.4538
65.6499 70.4157 -68.5454
70.3204 68.4271 -48.6472
77.0853 65.6257 -30.8349
83.2047 61.209 -11.2099
85.2526 56.6059 6.80775
90.4544 59.1707 29.1638
97.2328 53.3578 46.3056
99.9636 49.3719 67.7479
105.75 43.8375 85.2577
45.8909 95.608 -102.027
54.3837 92.929 -81.993
58.0588 87.0947 -64.8483
63.6144 87.2912 -45.4277
68.3474 82.1256 -23.2887
73.8274 79.6855 -6.54432
78.8614 77.1875 12.0213
82.6572 71.796 30.8812
87.7988 68.5123 51.3804
95.0806 65.2997 71.632
96.1311 62.3783 90.0953
43.0136 112.017 -97.8852
44.7122 109.348 -79.4238
51.3494 106.235 -59.4872
54.1925 102.535 -39.0767
60.3056 98.6156 -18.5964
67.3821 98.168 -0.497713
72.9776 91.5763 18.68
76.8637 89.1526 38.8611
77.7234 85.2715 55.6362
85.1924 82.6265 74.9985
91.0468 77.4555 95.7095
32.3923 129.575 -90.8789
38.2509 125.946 -72.1694
42.4151 125.848 -50.3844
48.8166 119.159 -33.4083
53.0037 118.654 -14.4137
55.1519 114.326 4.62541
61.7322 112.168 22.0108
66.6259 107.162 41.7694
77.5505 106.867 59.8417
76.1882 103.72 81.0885
82.0639 96.0286 100.842
26.301 149.8 -84.546
31.698 144.609 -68.1281
34.2679 142.146 -45.0838
38.3497 136.592 -29.648
44.0382 134.058 -9.25894
51.9025 131.948 10.5865
57.1133 128.511 26.2524
61.3916 124.121 48.0753
65.7627 123.489 63.5269
70.594 119.619 85.0031
77.2169 114.734 107.242
# データ (ここまで)
