# ガウスノイズ付加データ No.0 (ガウスノイズの分散: 2)
point
# データ数
1331
# データ (ここから)
-36.075 -135.039 -101.13
-36.215 -134.935 -79.0128
-33.3987 -134.905 -61.304
-37.2455 -137.171 -38.9675
-37.9331 -136.863 -18.9371
-37.2601 -132.98 -0.00143603
-36.9915 -135.53 18.8308
-37.4172 -137.793 40.0317
-36.7342 -135.855 60.4922
-36.4545 -136.372 79.6446
-38.9954 -137.421 97.9753
-44.9891 -117.54 -99.1498
-47.5158 -119.304 -83.3385
-47.972 -118.446 -62.1182
-47.6193 -116.759 -38.563
-46.842 -120.186 -18.5702
-48.2688 -116.633 -0.634885
-45.5483 -120.467 18.3092
-48.1798 -119.752 41.0326
-46.1948 -120.094 59.91
-44.0889 -120.529 79.7687
-45.6649 -120.187 97.7163
-55.6044 -102.657 -101.564
-56.551 -102.501 -80.8964
-58.108 -101.784 -59.5516
-59.2818 -101.591 -41.3005
-58.9209 -100.827 -18.9425
-59.2975 -99.0893 -0.0468286
-57.8201 -100.948 19.6108
-55.1782 -98.5156 39.412
-58.2127 -102.57 60.2305
-54.629 -102.754 80.4337
-54.8286 -102.692 100.89
-66.0772 -83.6551 -97.7575
-69.8086 -84.7533 -80.4643
-67.2951 -84.6472 -59.016
-66.2202 -85.8627 -37.509
-67.7387 -86.2789 -20.1057
-65.9755 -84.4766 0.383127
-69.3869 -84.4725 18.917
-65.633 -85.682 36.9669
-70.2101 -81.8567 61.632
-69.9982 -83.3842 82.1052
-67.2657 -86.6145 98.7127
-79.3676 -65.1501 -100.05
-75.4321 -67.5808 -79.2891
-78.8284 -66.9439 -61.3958
-78.0271 -64.5818 -42.3033
-74.0872 -68.3935 -21.559
-76.212 -65.6432 -0.446458
-78.442 -67.0885 19.6451
-75.836 -64.6647 40.9003
-74.2251 -66.4686 57.6036
-79.781 -65.6337 80.6507
-80.5407 -67.3098 101.271
-86.6347 -50.9392 -97.8858
-88.3186 -49.2799 -77.7647
-86.9264 -52.9259 -61.1426
-87.673 -52.4947 -38.7525
-87.7356 -50.9712 -21.8077
-85.3076 -51.941 0.840288
-85.1599 -49.4718 20.5385
-85.938 -48.2446 38.9959
-84.3792 -50.5043 61.1326
-86.4337 -51.6789 80.0437
-88.0094 -49.6289 99.0129
-95.6712 -33.138 -101.494
-95.9155 -34.1122 -80.2159
-95.0365 -31.4983 -60.3489
-94.5834 -32.0696 -40.8821
-94.5294 -31.6242 -22.2079
-96.7609 -32.382 -0.626786
-95.859 -33.3585 17.6893
-96.2773 -32.8248 40.7722
-97.0957 -31.9453 58.7908
-97.8787 -34.0813 79.0992
-95.6173 -30.1986 97.8372
-103.96 -13.8813 -96.4944
-105.055 -15.234 -78.5115
-107.763 -14.6376 -59.6517
-105.843 -15.1333 -38.559
-107.375 -16.5896 -20.455
-107.548 -16.8045 0.679417
-107.403 -14.1736 21.3534
-106.057 -14.2067 40.5923
-107.12 -15.1361 60.2975
-107.198 -15.0283 80.3779
-105.495 -15.0102 102.734
-119.139 1.70177 -100.124
-116.248 2.5025 -82.1448
-118.43 1.25833 -58.3968
-118.423 3.40744 -38.6937
-115.954 1.68845 -21.6215
-116.344 0.511493 -0.863603
-117.896 1.74423 18.9377
-117.982 4.24946 39.2924
-117.437 6.04385 59.0665
-117.381 2.83048 80.2414
-116.725 3.57418 99.7088
-128.367 16.0532 -98.3029
-128.684 17.2767 -77.1554
-125.644 21.1213 -60.3294
-123.671 17.3427 -40.9232
-129.24 20.0754 -21.3419
-126.052 17.8466 0.694849
-127.119 20.537 20.1857
-126.924 20.2659 39.2446
-127.877 20.8001 55.8356
-127.723 18.1165 81.2079
-125.085 19.8078 99.1897
-135.58 35.8722 -96.6649
-136.869 35.8251 -80.0459
-134.302 36.953 -61.752
-137.16 36.3956 -38.2181
-135.475 37.6552 -20.9375
-138.751 37.821 -2.51949
-136.507 33.4152 21.8657
-135.985 35.5128 40.9228
-137.539 36.5277 60.3737
-135.22 39.0826 81.2984
-138.723 35.6734 98.8541
-20.2059 -125.621 -98.5015
-19.1581 -127.538 -79.8989
-19.091 -131.158 -60.7855
-19.6625 -125.275 -39.8705
-17.5391 -126.362 -21.2545
-16.647 -125.302 -0.311797
-19.2801 -127.842 19.8841
-19.4468 -124.888 38.1736
-19.8549 -128.022 59.4505
-18.8216 -127.041 81.3663
-21.5168 -127.325 96.7323
-28.0803 -108.682 -100.25
-29.1297 -110.717 -80.5731
-28.7217 -110.602 -59.3571
-27.459 -108.306 -37.3272
-29.8649 -109.568 -20.1025
-26.9821 -110.802 -2.12735
-27.6563 -107.861 19.2399
-26.8136 -108.558 39.7066
-28.7263 -111.295 60.7813
-28.5265 -111.533 81.6645
-27.3304 -107.595 98.5965
-38.4051 -95.1077 -101.134
-38.301 -93.6512 -80.705
-39.0802 -93.8105 -60.2773
-38.7481 -91.8363 -38.559
-39.4114 -88.3712 -20.5372
-40.1046 -93.8296 0.728665
-40.595 -92.4822 15.8531
-37.4315 -89.3379 39.6661
-40.7906 -92.1257 61.72
-38.0883 -92.8627 79.1499
-36.9386 -94.806 97.8226
-49.2018 -73.0058 -98.8577
-46.4915 -74.5859 -81.8283
-49.3595 -73.8523 -58.5444
-50.7012 -75.4652 -38.881
-48.5211 -73.3295 -20.9005
-46.3371 -72.8721 0.3048
-48.6779 -76.0443 21.4039
-48.0981 -73.5376 39.9352
-50.5381 -75.3415 61.554
-51.5164 -76.3884 80.455
-47.2882 -75.4595 101.245
-58.8206 -60.4368 -100.842
-61.9614 -57.003 -77.1512
-59.9991 -59.4469 -60.2895
-61.3552 -54.8386 -39.9234
-59.7034 -56.0804 -21.1133
-58.6635 -55.4205 -1.86631
-61.2358 -56.1688 18.1697
-60.4202 -57.9379 41.2821
-58.0561 -57.8319 59.6479
-60.1856 -57.0745 81.2145
-62.4723 -56.321 100.291
-70.9635 -39.6631 -101.426
-69.4032 -38.1337 -79.066
-69.5919 -39.5095 -61.1024
-72.3549 -40.7679 -38.0458
-70.4016 -40.7314 -18.3054
-69.5027 -40.7236 -0.289174
-70.8584 -40.9214 19.1824
-69.8697 -40.9562 41.4421
-69.6854 -41.6604 60.0691
-70.2511 -39.1284 79.2072
-68.5261 -40.4991 99.512
-80.6705 -19.8062 -100.738
-77.667 -21.3858 -82.543
-78.2003 -23.4937 -58.7571
-80.6921 -22.5067 -40.1228
-78.2887 -22.9341 -19.1116
-80.4704 -22.4442 -0.365286
-80.974 -22.4396 20.8768
-79.2762 -24.4528 38.4005
-76.4202 -23.941 60.8833
-78.7508 -22.3364 82.564
-81.3544 -21.5608 98.9432
-89.4779 -6.83997 -100.854
-91.2307 -4.7776 -79.2091
-90.7904 -6.09461 -59.8793
-88.3605 -5.71356 -38.5292
-91.5897 -6.34034 -18.8388
-86.375 -7.90976 0.243282
-92.0534 -5.67157 20.3359
-91.3431 -7.58197 39.6351
-88.2877 -6.30087 58.1553
-89.1002 -5.62765 80.1075
-88.6675 -5.85493 100.309
-99.2416 11.5127 -99.2329
-99.108 12.9085 -80.9187
-98.001 11.3381 -57.8928
-99.3234 13.4042 -39.428
-100.824 11.2998 -20.2496
-97.421 12.9339 -2.13335
-98.4282 10.6122 18.3102
-98.7316 10.8276 39.1943
-101.231 12.0631 62.3386
-101.17 13.5385 77.9825
-100.128 11.5996 101.331
-109.172 31.037 -100.55
-107.601 29.0489 -80.054
-108.347 28.9136 -61.0051
-111.041 30.4104 -39.6793
-108.542 28.6266 -21.3907
-107.379 29.5825 -1.00774
-107.437 28.4436 21.2103
-108.073 27.4116 38.4755
-108.954 29.6301 59.0002
-110.3 27.5539 80.1286
-108.617 29.9262 102.439
-116.164 47.0088 -100.163
-118.621 43.9909 -82.1232
-119.417 48.5742 -60.6079
-118.064 46.6083 -39.9209
-117.826 46.7468 -19.7926
-118.799 47.3246 -0.318746
-116.055 47.8386 18.7282
-119.779 46.6124 40.8338
-120.624 50.3692 59.6139
-119.829 46.2359 81.0639
-121.37 48.4837 99.7452
0.0380246 -115.412 -102.829
-2.21588 -117.734 -79.551
-0.526026 -120.694 -58.8055
-1.86562 -117.166 -42.3748
-1.71696 -116.07 -20.6465
-4.34944 -118.594 1.07987
-1.08139 -117.458 21.5464
-2.1141 -116.315 39.4024
0.134712 -114.423 60.8061
-2.76167 -116.346 78.9954
-0.828268 -115.762 101.658
-11.8796 -100.088 -98.5445
-12.3415 -100.785 -81.677
-11.9873 -100.832 -57.8506
-12.2932 -101.443 -38.3455
-12.8461 -99.6742 -20.3646
-11.4222 -99.0353 -0.565262
-11.3201 -99.0553 19.8562
-12.2399 -102.802 38.9741
-9.93342 -98.0282 60.3109
-11.7464 -99.6866 82.1356
-9.31309 -99.3111 100.873
-22.7674 -82.3642 -98.4389
-20.9071 -83.5776 -79.725
-21.7616 -81.6688 -61.6532
-20.4102 -81.2611 -39.7809
-19.3106 -82.4038 -21.8273
-21.232 -79.7253 -1.432
-21.5794 -83.0074 20.7371
-21.0031 -84.1324 38.0417
-22.3845 -82.5652 57.2877
-20.6401 -82.4651 79.3434
-22.2507 -83.504 100.004
-31.7412 -64.5162 -101.313
-33.5044 -64.8449 -80.3825
-31.4833 -64.0952 -59.6113
-32.4127 -64.7422 -40.5733
-32.7703 -64.9949 -19.6039
-32.8983 -64.5835 -0.578551
-31.6357 -64.7753 19.6451
-32.0203 -66.5996 38.6183
-31.9901 -64.9168 58.8304
-32.8489 -65.2193 80.5438
-31.5879 -62.5325 99.5906
-40.4434 -46.1547 -99.3472
-41.4395 -48.2892 -77.6994
-41.4236 -50.1757 -61.677
-41.2323 -49.8505 -39.1086
-40.9334 -46.3883 -19.3572
-42.3471 -47.9861 0.0558196
-41.6447 -49.0463 21.4845
-42.563 -46.8518 40.5857
-43.1449 -44.7561 63.0692
-43.0981 -47.7523 80.6052
-42.3247 -48.7783 101.895
-52.9874 -32.6983 -98.8401
-49.4602 -31.3629 -78.2434
-50.2476 -27.6842 -61.3275
-48.5643 -30.306 -40.4162
-51.9123 -30.0328 -17.8287
-51.3707 -29.3757 3.03426
-52.8887 -30.2897 19.4321
-51.694 -32.1239 41.5234
-51.526 -28.271 60.5827
-51.9729 -31.7254 82.3593
-52.6749 -29.4493 99.2557
-65.1837 -11.5495 -99.6554
-62.8725 -11.6534 -81.3674
-63.2675 -12.3878 -60.2647
-60.8122 -13.5996 -40.6485
-61.6979 -10.801 -18.9204
-60.9284 -12.1493 0.463449
-59.984 -13.6842 20.9148
-62.0279 -11.1051 38.4455
-60.9267 -10.4747 61.2874
-63.5033 -13.7738 79.1143
-61.0841 -11.5941 102.235
-73.9774 3.64056 -100.046
-73.693 2.88501 -81.5612
-69.7293 4.97092 -61.9812
-74.6796 5.64141 -39.8017
-72.7208 6.26578 -17.1091
-72.5429 3.39337 -0.787462
-74.4305 4.99433 19.9157
-73.2032 4.85265 41.2588
-71.7596 4.53174 58.0453
-72.4437 2.47575 80.1104
-75.5319 3.87141 99.8076
-79.9745 22.7731 -101.96
-80.4848 23.703 -77.8636
-81.6708 25.9052 -59.5413
-83.3296 20.7036 -43.3853
-81.0317 18.6554 -20.7246
-80.0488 21.0438 -2.41139
-81.9688 21.349 20.1416
-81.8394 22.3998 40.247
-82.3207 21.6406 61.6508
-81.0965 22.6414 80.0719
-80.2192 22.0516 99.9334
-93.5004 38.2812 -101.679
-92.645 38.0596 -80.2318
-91.3296 38.076 -59.7972
-92.0118 40.3635 -40.102
-93.9119 41.3794 -17.426
-91.6798 36.8185 -2.38759
-92.5102 42.0005 17.2107
-92.3249 38.7628 40.785
-91.8154 35.8407 61.3556
-93.2518 38.3731 80.3099
-92.2273 38.1043 99.6221
-102.884 56.7882 -99.7708
-101.602 55.9767 -79.2635
-101.744 57.5872 -59.385
-103.182 55.3027 -41.3147
-102.21 57.5503 -18.0825
-103.889 58.3063 0.717794
-101.148 57.3284 17.1585
-102.234 55.7421 38.4515
-101.544 57.8567 58.221
-102.146 55.6856 78.9326
-103.623 57.5214 103.54
16.9474 -107.486 -98.6374
15.9379 -106.514 -82.0605
16.4185 -108.254 -61.6888
16.4544 -106.4 -41.7319
15.2009 -106.301 -17.4474
15.741 -104.202 1.63664
14.403 -105.507 18.8325
16.2803 -107.369 38.8918
14.7118 -105.096 58.9433
15.1175 -103.445 81.1011
17.0629 -110.716 103.352
5.292 -90.0131 -101.011
6.66172 -90.1205 -80.0561
5.43347 -88.8363 -61.2206
5.44617 -87.4969 -42.1428
6.50562 -87.5274 -21.1106
5.38414 -88.6603 0.260127
2.9511 -90.1696 20.3419
5.41996 -88.771 40.6539
7.12217 -90.7152 60.2573
3.79484 -91.0599 78.882
5.76487 -92.3882 100.781
-4.98278 -73.638 -100.424
-1.33928 -74.7205 -80.585
-5.01255 -70.2975 -59.1805
-2.36189 -70.3208 -42.2531
-4.07225 -73.9232 -17.1234
-5.17603 -71.09 -0.0318186
-3.87783 -71.6182 18.4784
-4.68673 -74.1614 36.926
-5.14259 -72.7908 60.6612
-3.76739 -71.487 79.0543
-3.06286 -72.2127 99.5234
-14.9309 -55.0782 -101.964
-15.844 -55.4773 -79.746
-14.4957 -53.4115 -58.776
-13.378 -56.0714 -40.7222
-13.9554 -53.9708 -19.0887
-15.4117 -53.1414 -0.659674
-14.0112 -55.4677 19.4466
-12.0853 -53.9246 40.5575
-15.176 -56.1118 60.0515
-13.1752 -53.7056 78.8086
-14.6842 -52.3946 99.329
-26.4047 -38.5662 -100.144
-22.746 -36.2514 -80.9455
-23.9572 -38.125 -62.3458
-26.0834 -36.1458 -39.5174
-25.253 -37.0768 -18.7098
-24.4891 -36.6542 1.93872
-23.849 -34.3236 18.3093
-24.6673 -37.5293 40.2451
-23.9388 -39.0998 59.6508
-22.3616 -38.8161 80.675
-23.4795 -36.0398 101.983
-35.1021 -22.9907 -101.378
-34.0418 -18.1704 -78.7832
-35.5913 -20.3723 -62.6074
-33.7835 -20.3982 -39.4788
-34.0771 -21.6086 -19.5713
-35.1873 -22.8487 -0.491611
-32.698 -23.0584 21.8498
-35.3036 -19.6843 40.1716
-32.5515 -19.5349 60.0343
-32.7294 -21.0336 79.48
-33.9755 -21.2058 99.2425
-43.5655 -2.19808 -99.7721
-44.8619 -1.65884 -80.3072
-44.3407 -4.13696 -59.6698
-43.7419 -3.38488 -39.9093
-42.7619 -4.00293 -21.2844
-41.522 -3.38025 1.04337
-43.4133 -0.46823 20.6228
-44.6749 -4.14019 41.1377
-42.8159 -2.21973 60.4585
-42.6812 -2.8548 79.5292
-46.0179 -2.87828 101.564
-53.6125 15.5887 -98.8422
-55.6439 15.1538 -81.8206
-56.1665 14.5842 -59.177
-56.0429 14.1656 -41.103
-53.5398 13.0123 -19.6668
-52.4155 15.9698 0.0564059
-53.8402 14.1174 19.8207
-55.6644 16.3201 36.8464
-56.5706 16.1845 59.8928
-55.7903 14.2017 80.0178
-55.4376 14.3259 99.6921
-65.4265 33.2895 -101.737
-64.2138 27.6377 -75.8845
-64.1603 31.6582 -58.8725
-65.5102 32.257 -39.7687
-66.129 34.1249 -17.6628
-60.8678 30.8293 -2.50002
-62.3151 31.1694 19.588
-64.824 30.4457 41.3811
-63.4724 32.3276 60.6195
-65.5578 31.1779 78.6638
-63.8267 30.4632 99.5854
-73.6635 47.4918 -98.9939
-73.4262 49.9517 -78.9237
-73.4196 47.0153 -61.3478
-74.3577 49.8437 -37.5682
-73.6104 51.8658 -21.7231
-75.1589 50.0709 4.3232
-73.6814 49.2415 19.6604
-76.8673 50.3853 40.0348
-75.3993 51.4123 61.7146
-72.1254 50.3997 81.5118
-73.7255 50.4938 99.2381
-84.7208 65.3538 -100.976
-85.0451 67.4644 -80.385
-86.0655 65.7258 -58.9538
-85.2936 66.2347 -41.7444
-84.7137 66.9044 -17.1862
-85.4856 67.7009 2.97382
-87.2101 67.8992 20.4241
-81.9207 66.4534 39.1394
-84.9502 68.39 60.4865
-84.9365 64.4405 79.8829
-84.7656 65.4816 100.586
32.0378 -95.9497 -100.014
30.8047 -96.9024 -82.093
34.6331 -98.6487 -61.6622
32.9471 -97.5915 -40.1768
34.4677 -96.8348 -21.122
31.8819 -96.3675 1.7842
32.1198 -98.1311 20.2582
34.8439 -97.6549 40.9514
32.1132 -96.2817 61.4929
32.7658 -98.4584 81.8423
30.8337 -94.9387 100.285
20.384 -78.1045 -100.509
21.695 -79.2764 -82.6491
22.1433 -82.0086 -60.9011
22.1067 -78.7942 -39.169
24.4315 -78.0182 -18.8001
24.0805 -79.6375 0.163421
23.6671 -82.6372 22.0632
22.4664 -74.9477 41.3487
22.7622 -81.1042 58.9276
21.5096 -79.9972 79.6243
19.6862 -80.0917 98.8321
12.6675 -64.5117 -97.6808
12.7808 -61.8751 -81.6766
11.1166 -64.0554 -58.8517
12.1344 -63.0975 -40.9492
14.5006 -62.1169 -21.695
14.1775 -61.8784 0.392913
15.1162 -64.4255 19.0072
12.2133 -62.0296 41.8076
14.1479 -61.6803 61.9743
13.4306 -59.517 79.1809
13.3258 -61.3645 97.7907
1.39496 -46.0042 -103.05
3.73607 -45.3054 -81.5405
3.69078 -42.1133 -60.098
3.82615 -45.6751 -40.4011
3.23745 -46.2618 -21.2656
2.7456 -49.8033 -2.23054
3.03342 -45.8047 18.2815
2.06885 -43.5501 39.2215
2.79761 -44.9084 60.7398
-0.803617 -46.1746 78.3334
2.39718 -44.0272 98.4015
-6.7375 -25.9542 -103.788
-5.22984 -28.7433 -77.7942
-9.42734 -30.7172 -58.9842
-7.09131 -27.7904 -39.8982
-6.97374 -27.9415 -19.354
-7.91654 -26.2796 0.624702
-7.34384 -27.7069 21.2277
-6.69533 -24.5139 41.4571
-7.33217 -27.6468 61.4179
-6.30347 -27.7682 78.4343
-9.18423 -25.8871 98.6208
-17.2019 -7.86259 -100.899
-16.5885 -9.783 -80.2154
-17.0497 -10.863 -58.6553
-17.5571 -8.97732 -35.5173
-16.7778 -9.14951 -19.9414
-17.9051 -10.5703 -0.739416
-18.2484 -10.9277 19.0805
-16.5449 -10.3718 38.4226
-18.4351 -7.23684 62.9379
-16.1943 -10.2358 82.9498
-18.787 -9.24003 101.238
-27.833 7.08212 -101.066
-25.4129 9.35538 -78.8554
-26.925 8.44544 -61.163
-29.5633 6.09772 -41.0706
-25.9987 7.24175 -18.2748
-27.4996 6.78187 -4.03093
-26.7271 5.44204 21.1908
-25.9361 11.7057 39.6838
-29.6882 7.09281 58.7809
-26.8274 5.83687 77.4386
-27.3654 8.45698 101.097
-37.5037 27.3803 -103.276
-40.9479 24.6496 -81.3443
-38.4804 24.6065 -59.5141
-38.4934 25.3492 -38.6913
-35.744 25.4593 -22.421
-37.2903 23.8478 -0.47083
-37.4151 24.4665 17.3143
-37.2168 26.3311 39.9968
-38.9438 21.9162 60.9511
-38.8139 24.81 79.8531
-37.3987 25.0148 100.035
-47.6467 41.6871 -98.257
-47.3577 40.9337 -79.1516
-47.9655 41.4307 -61.0585
-46.8598 41.5674 -40.243
-47.0825 41.0325 -17.9474
-46.5736 40.4066 -1.35479
-45.8355 41.3238 19.2822
-47.1483 43.1479 39.56
-45.9538 40.9229 57.485
-50.2848 41.4446 79.2437
-48.4339 43.4266 100.049
-54.91 58.7406 -99.4329
-57.182 60.253 -78.1931
-57.5028 59.386 -58.553
-57.0604 61.6172 -38.4915
-57.1435 58.449 -19.0262
-55.5483 57.2801 1.77278
-59.037 61.8812 19.6932
-59.1108 60.7546 39.8526
-58.3806 60.2497 59.1618
-59.3524 59.9001 79.436
-57.1918 58.0123 100.153
-67.526 78.0337 -99.3765
-66.3455 77.3318 -79.8727
-65.9079 78.8449 -62.5891
-67.4123 76.0759 -37.5618
-65.6047 76.201 -20.7275
-67.1195 78.3699 0.0692012
-69.2872 75.6798 20.3039
-66.4063 78.9247 39.8904
-66.7964 77.7079 63.1273
-65.6997 77.6941 79.9667
-64.4119 75.7009 101.257
49.3792 -85.4496 -98.6093
52.9995 -86.4301 -79.8976
47.1885 -88.6587 -59.0026
48.4162 -86.2621 -39.25
50.169 -88.3162 -20.3824
49.9608 -85.3245 -0.775906
50.4281 -85.8898 20.8894
52.1118 -84.0235 40.3074
49.0477 -85.8272 58.6658
52.0772 -86.6898 81.4886
49.9892 -84.9015 101.42
41.8354 -69.6838 -100.682
39.7113 -67.9747 -82.3876
38.8128 -69.4743 -58.9953
43.0712 -69.9486 -40.3363
38.7512 -69.0676 -19.8596
38.5715 -67.0364 -0.118848
40.2906 -68.7317 19.6376
39.0812 -71.2321 41.5727
39.5865 -68.882 60.0543
40.4158 -68.1953 78.6535
41.4274 -70.1376 99.046
31.389 -51.5473 -101.369
30.6981 -53.1427 -82.5323
29.1809 -53.9425 -59.7338
31.1231 -50.7519 -40.4822
27.4978 -51.785 -21.6122
29.0719 -49.4255 2.17822
31.3123 -53.1683 21.9786
29.4316 -52.8623 38.6816
29.1683 -50.4699 59.1943
30.1712 -50.0304 80.3999
32.2446 -51.2692 98.612
19.4266 -34.4826 -96.5193
21.0075 -33.7478 -81.8679
18.9342 -35.9074 -60.9672
20.3817 -35.7759 -39.87
17.9985 -34.6698 -19.699
19.1151 -36.798 -0.125837
20.7192 -32.9137 19.6252
19.6718 -33.0255 39.0709
21.1931 -35.2253 60.3333
16.4839 -36.3241 79.3222
20.4302 -34.2071 97.2895
9.80833 -17.7851 -98.9832
10.1807 -14.1995 -80.4118
10.0132 -16.2134 -61.5259
7.48142 -17.1886 -38.7317
9.1623 -16.3958 -19.9884
10.6049 -14.7004 -0.523675
9.17882 -18.8988 19.19
7.85472 -16.9978 37.3429
10.1596 -18.0877 61.4686
11.8425 -16.4445 79.0478
9.59747 -18.2455 99.1261
-2.05936 -1.32815 -99.5959
-1.75808 -0.11301 -80.7891
0.890735 -0.278735 -62.6188
0.0440388 0.168626 -40.3801
-1.02353 -0.0632878 -21.2268
-1.72758 2.24978 1.04808
0.82847 -3.25714 20.3604
0.500768 0.85985 40.7218
0.4623 0.115648 62.3255
0.117214 0.662467 79.2528
-2.45169 -0.796136 99.8826
-10.8692 17.1776 -101.623
-10.1749 15.7686 -78.2928
-11.3637 17.2264 -61.841
-9.57736 16.6669 -41.6929
-12.0321 18.2179 -18.8109
-12.1612 18.1737 -0.716846
-11.5432 16.025 20.7475
-10.0793 14.8742 43.2445
-9.26777 18.0462 60.3249
-12.0379 15.3518 78.378
-10.0411 17.1757 104.001
-21.5308 33.621 -98.8136
-20.0092 34.5075 -81.8497
-19.0724 34.8333 -58.7871
-21.3043 33.9945 -41.7073
-18.0873 33.5476 -17.6025
-21.978 33.1984 -1.47043
-20.3825 37.2421 19.3637
-19.2515 35.9914 40.9861
-19.261 34.2892 61.716
-19.9988 35.6006 83.1159
-21.0093 35.8893 102.145
-30.8917 53.1781 -99.0853
-28.0438 50.7193 -79.2795
-31.6108 54.4204 -60.9986
-28.6934 50.7767 -40.0137
-30.8727 51.2888 -21.246
-30.3425 51.6781 -0.315219
-31.4589 51.0677 20.5855
-26.9869 52.7365 40.9049
-30.1349 49.1318 59.3457
-30.6344 51.2374 77.747
-32.3682 53.9893 99.4554
-38.8481 71.0828 -98.9307
-39.4325 69.195 -76.7882
-40.0065 67.7362 -57.5797
-40.3958 71.0173 -39.9755
-40.8182 67.1726 -18.2409
-38.9546 72.1305 -0.0118429
-42.2272 68.8715 18.8661
-41.8887 67.4663 42.1206
-35.0177 70.9615 61.6148
-40.9897 69.4295 81.6719
-42.5838 71.6386 99.2981
-48.9394 84.2498 -99.8026
-49.8564 84.2337 -78.8113
-49.2995 85.987 -59.4705
-50.4939 84.1276 -42.1928
-48.398 87.3516 -22.4906
-49.5191 86.3731 0.0766972
-51.4449 86.596 18.3018
-51.6541 88.3201 36.2624
-48.4999 88.5067 58.4462
-50.8024 85.8357 79.2372
-47.6751 85.5857 100.426
67.7308 -75.1675 -100.483
65.7744 -75.7845 -78.566
68.2089 -75.4588 -60.9828
69.4342 -75.8491 -39.1291
67.6588 -75.3317 -20.9272
66.3928 -75.6606 -1.83913
70.3494 -76.2433 20.2325
67.1223 -77.2538 37.648
69.9735 -74.537 61.3632
68.4818 -77.3863 80.3537
66.0078 -78.3902 99.4969
55.7838 -60.9015 -102.484
59.2237 -58.601 -78.1417
58.8665 -61.266 -60.9396
58.5766 -59.7021 -39.6636
56.1828 -59.8752 -20.1721
57.2811 -59.0016 -0.629808
55.2533 -59.7116 21.0558
58.503 -61.228 40.6112
59.1302 -63.0663 61.3711
57.14 -60.8318 79.6257
57.4639 -62.0282 98.5583
48.1177 -41.6471 -100.367
46.2514 -42.1819 -79.1308
47.688 -44.6264 -60.0534
48.5074 -39.4893 -39.1429
46.9509 -40.1623 -19.2578
44.9134 -40.4004 -0.448723
47.3947 -38.9824 20.859
48.8789 -41.5467 37.7875
47.8424 -40.3486 60.2913
45.5651 -41.5269 78.6773
47.3975 -41.2089 99.8578
37.2258 -23.8757 -99.1703
37.2893 -27.1634 -79.5179
36.9702 -23.4793 -59.3713
37.0153 -23.713 -40.6969
36.4676 -26.5394 -19.4164
37.6253 -24.9282 -1.60839
38.3659 -27.6957 18.612
38.6963 -25.4387 42.283
39.5798 -24.3114 57.9682
37.6461 -25.0753 80.3329
35.9186 -21.8765 100.836
29.7831 -7.32488 -100.589
28.3975 -6.81194 -81.3159
28.3696 -9.09565 -60.1089
29.9022 -5.33998 -39.5149
24.9124 -8.66273 -21.0459
27.6994 -6.93195 0.0726007
27.3082 -8.16341 18.4012
27.412 -6.38114 38.4871
26.6222 -7.59073 59.8469
25.4045 -5.7262 83.2177
28.5158 -6.12997 101.709
15.7944 10.5604 -99.2411
16.8404 9.03014 -81.6674
17.3121 11.8755 -58.1754
16.0792 9.26716 -39.7188
14.6624 10.0349 -20.1478
18.7261 8.67856 0.404618
20.1437 11.7172 19.8882
16.8929 11.5827 39.9508
18.5536 6.72998 60.3727
16.8835 9.39225 81.1949
18.6613 7.57245 102.362
8.91409 26.1681 -98.3132
5.12621 28.9164 -79.8461
11.189 29.9816 -57.0831
7.99308 28.359 -41.5077
9.42304 25.3059 -19.9162
7.04569 27.1776 -0.559108
8.27848 27.2946 19.2473
8.30848 25.5826 39.0903
7.02025 29.198 59.7759
5.78324 27.2642 82.1557
7.81909 28.5552 99.7332
-3.02569 47.4317 -101.42
-3.95201 42.7924 -79.4177
-1.34429 45.65 -58.0704
-0.459091 44.8453 -40.0236
-4.76017 45.1404 -20.6564
-2.61007 44.4975 -0.687534
-1.65682 42.5121 19.7326
-0.886534 43.5656 40.3547
-0.337931 45.4531 60.9247
-1.42518 44.2216 79.5792
-4.61682 42.8525 95.527
-14.3867 61.406 -100.07
-13.9259 59.2855 -80.6051
-12.8805 63.1247 -61.6489
-14.3109 58.6862 -39.4109
-11.7296 60.7803 -21.0763
-12.659 63.1066 2.08629
-14.7486 62.3236 20.3706
-12.1992 62.5269 40.6127
-10.2793 61.9548 59.1759
-11.9365 61.6881 78.9757
-12.3484 60.7741 99.1615
-23.8262 78.0487 -97.4181
-23.6439 78.2102 -79.8691
-23.3851 79.7193 -58.6429
-23.9648 78.875 -38.9261
-24.1165 80.7084 -19.0917
-23.5949 79.9464 -1.15902
-22.6108 79.8998 20.2504
-21.9003 81.0706 38.8079
-22.3923 79.6947 60.0044
-23.2832 79.5642 79.7446
-22.9467 78.9676 97.4665
-31.3164 94.9595 -98.7623
-33.0503 96.0091 -78.8086
-32.0363 96.6341 -59.9224
-31.2593 95.4217 -38.4237
-32.2561 96.0049 -21.043
-33.2568 97.3686 -0.236932
-30.6349 97.1034 16.8686
-31.9486 95.2845 40.3972
-35.7873 93.7736 60.8691
-32.7655 95.6162 82.2161
-31.9984 95.7974 101.078
85.942 -64.6407 -99.8904
83.7349 -67.1794 -82.2952
81.3969 -68.8556 -59.7166
82.5666 -66.259 -39.0824
83.1376 -64.9197 -19.4854
86.3082 -66.8153 0.223504
85.8238 -68.4097 19.7078
85.2291 -65.0495 43.893
85.4867 -66.7392 61.1857
85.9063 -68.9015 77.6815
84.3989 -68.2915 100.618
74.2336 -48.1299 -102.908
74.5859 -48.191 -79.5297
73.8963 -48.641 -59.3952
74.1538 -48.1971 -36.4817
71.5432 -50.5661 -19.909
74.1328 -53.1195 1.27201
74.295 -51.6944 19.2984
73.2475 -50.0957 38.3697
71.0706 -50.0539 58.6489
72.6977 -50.7298 78.1339
75.3342 -46.7139 99.7395
62.2184 -32.351 -99.8594
63.235 -32.5668 -79.9976
64.8439 -32.9291 -60.5866
65.1658 -30.1902 -40.8507
65.0441 -26.6392 -20.9934
64.7335 -31.6902 3.04787
63.0258 -32.3827 20.2074
67.5547 -31.2502 36.6449
64.4514 -32.2811 61.4596
64.786 -30.5808 81.1182
64.7241 -33.8691 101.346
55.2911 -14.5831 -99.9986
53.2618 -13.8003 -80.8962
55.3312 -13.5996 -61.0409
54.5403 -14.1875 -40.6456
56.5595 -13.3702 -19.9096
52.9812 -15.8903 0.837386
54.4937 -15.5673 17.8936
53.9687 -13.84 41.1361
53.788 -13.5872 62.428
53.8397 -13.3141 79.6169
51.8447 -12.7679 100.073
43.255 3.77086 -99.2265
43.6758 4.06447 -79.1847
43.2192 3.50711 -58.0423
44.3495 0.857801 -39.7226
49.6978 5.10413 -19.8
46.7802 2.66893 0.128289
44.1591 3.194 20.6244
44.944 4.77412 41.6075
42.523 1.69479 57.4548
44.0213 1.26758 79.0717
43.9057 0.147563 97.5757
35.6878 22.1695 -99.8146
35.3553 20.8094 -82.0382
30.9941 20.6139 -61.417
35.2877 20.219 -39.153
31.6656 20.5245 -20.6978
34.7932 19.7191 -0.509769
39.2287 19.0605 20.5318
34.4482 19.6643 41.7801
34.9303 19.0464 58.7984
32.3031 20.0408 77.246
36.7393 20.4742 100.64
25.14 39.9458 -97.0571
27.4343 37.8557 -79.434
24.0602 36.5751 -59.8196
26.242 37.5265 -41.0813
23.5421 38.1059 -20.8636
25.0238 38.3661 0.972311
27.5631 37.7121 18.9207
24.9363 37.3302 39.3924
25.6038 36.2468 60.862
23.6394 38.476 81.0399
24.9148 36.3609 100.253
12.6962 54.1683 -101.721
15.0024 54.128 -79.1589
12.7979 57.63 -60.5531
14.6043 54.8509 -39.4359
16.5077 56.182 -18.9956
15.8969 54.4365 -3.14106
15.3423 54.9325 20.0668
13.876 56.0535 40.7234
14.368 54.8545 58.9607
17.0983 52.7937 81.444
13.6051 54.4139 99.0275
4.62954 70.7044 -101.03
4.75459 69.7888 -81.3631
3.71074 72.4288 -62.1772
4.5833 75.185 -39.8864
2.49342 72.953 -21.1552
4.13255 71.4864 1.56409
5.34712 75.3771 19.3372
5.49885 72.897 39.0674
6.00297 72.9681 60.5189
4.35885 72.7649 79.3054
4.40222 73.8286 99.9147
-3.89559 86.8784 -100.879
-5.93649 87.9209 -78.7143
-4.99923 88.2153 -58.4215
-8.27774 89.5189 -39.947
-5.22463 90.7335 -20.1575
-5.1715 88.2655 -1.78553
-5.78525 90.4933 18.8254
-4.2724 88.2293 40.6032
-5.29967 90.5946 59.1349
-5.65387 87.6122 82.0207
-3.60726 87.4862 101.827
-16.79 110.177 -102.827
-19.8381 105.386 -78.1534
-18.0483 107.713 -60.1202
-16.6447 106.765 -38.4464
-17.6653 105.683 -20.3841
-16.6632 105.878 -0.979359
-15.1963 104.166 19.9271
-12.4203 107.964 37.0874
-14.0684 107.257 58.4433
-12.2794 107.601 80.3372
-13.4 104.447 99.9841
100.541 -54.2431 -98.8129
104.134 -53.2836 -80.7371
99.5992 -58.5234 -60.4366
102.129 -55.9012 -41.5829
101.571 -56.8966 -21.5892
103.369 -57.5463 -0.212794
102.634 -56.8963 20.209
101.097 -57.6863 41.0412
101.835 -58.5662 62.3841
100.02 -55.2506 82.2308
100.8 -57.4363 101.007
92.9029 -39.1513 -102.543
91.7714 -39.7636 -81.8865
91.552 -36.6212 -58.9935
92.2713 -39.5681 -39.4481
90.4213 -39.7886 -20.8748
91.5559 -38.3652 -1.17104
93.4868 -39.0283 20.5435
90.623 -41.2269 42.678
91.2987 -37.9795 60.4708
91.3382 -39.1036 81.8781
90.2305 -34.9035 99.9426
82.3325 -23.7684 -98.9793
81.0169 -22.1006 -81.2947
81.0052 -24.5392 -58.6978
81.046 -24.1685 -41.7637
81.9741 -20.8842 -21.9967
84.9608 -22.4536 -0.44077
82.623 -18.3817 21.0175
81.0182 -21.4324 42.7441
81.0771 -21.0602 61.0922
80.9492 -23.3548 78.9597
80.5537 -22.3191 99.111
69.6502 -5.89019 -98.4969
70.5503 -6.09714 -81.4694
72.3662 -6.16587 -59.5003
72.2496 -4.55442 -39.9816
69.5596 -3.74903 -19.0744
71.0198 -5.17122 -1.6585
71.1929 -4.57686 21.1053
72.1144 -3.55826 37.622
71.0761 -4.81301 58.8494
69.0818 -3.34034 79.8392
70.9302 -5.57344 100.989
63.9617 9.09025 -100.731
63.9014 12.3576 -81.0201
61.558 13.1546 -59.9165
62.8657 13.0145 -39.5943
63.0693 13.6292 -19.9801
62.3684 12.3465 0.975668
62.9454 13.6456 19.4212
59.7567 12.2839 38.7988
62.6416 14.0023 61.2306
61.6883 14.0824 81.003
62.6268 15.5533 101.22
50.9844 32.603 -99.138
52.0099 29.0562 -78.9162
53.9051 30.3963 -60.3752
50.5715 31.2684 -40.9065
50.6103 30.6095 -21.389
53.1348 27.6283 1.63464
55.7139 26.8078 20.1041
50.7342 30.508 38.7762
50.9169 30.2823 60.3926
53.4819 28.1971 78.2361
51.4729 31.9927 101.283
40.8386 48.3635 -99.9225
41.8426 49.5343 -79.2016
43.7442 45.9706 -59.9136
44.2551 46.9316 -42.9883
45.2836 46.0668 -18.8371
42.2005 50.4043 -1.0672
39.7559 50.404 19.1001
39.7711 48.0766 41.4814
41.5867 48.5185 59.6406
41.5742 48.9646 79.9425
43.0057 46.5537 103.462
33.3846 63.3561 -100.169
30.9617 64.3386 -79.9595
33.5574 62.3081 -60.5838
33.0031 65.4463 -38.605
30.1845 62.9735 -18.9119
31.6703 61.6474 -0.362846
31.9877 65.1573 22.158
29.3024 66.0627 42.1214
32.6438 64.8393 60.4489
31.7593 63.793 78.8946
31.8545 63.4947 98.7941
21.8666 81.3979 -98.5622
22.1799 82.237 -81.0937
23.311 81.1893 -60.0839
22.7615 82.1735 -41.24
22.385 80.9966 -19.3834
21.7125 81.0596 1.27412
21.6261 82.6214 18.1721
24.376 81.1706 38.0456
21.5408 80.603 62.5296
22.7511 82.5905 81.047
22.4135 80.9394 102.079
13.3495 99.3784 -102.387
12.7319 98.9394 -81.4527
12.1383 97.676 -59.47
12.9927 98.7666 -40.6329
11.5331 101.48 -21.203
12.8567 99.6942 1.47489
12.6883 99.8898 20.2352
11.6267 99.8621 37.4556
11.7505 97.2154 63.3072
13.8541 99.7573 80.3492
12.5457 99.7367 99.4242
2.77348 118.346 -100.656
0.0131694 115.76 -81.4779
0.123738 116.257 -58.7994
1.41799 118.201 -39.1963
3.62784 116.808 -18.73
2.66598 117.449 -0.44534
2.15817 115.766 20.6927
3.31519 116.391 40.3879
1.43432 115.724 60.3807
2.15226 116.788 81.8674
1.48595 115.511 100.822
119.861 -44.5424 -98.7936
118.716 -46.3323 -77.8113
118.536 -46.6377 -56.8403
117.485 -47.4825 -40.3104
120.546 -45.3989 -20.6554
119.299 -47.201 -0.198559
121.442 -46.5485 21.1019
119.704 -47.9567 40.4043
115.595 -46.6609 58.5194
119.575 -45.6333 78.3671
117.921 -46.1816 97.2015
109.169 -26.9554 -97.2914
109.714 -29.5554 -78.663
108.461 -29.7141 -60.003
109.915 -27.7166 -40.3668
108.273 -26.0317 -21.5757
107.442 -28.6096 -3.10166
109.68 -29.5903 19.7988
110.092 -31.8106 39.9274
110.031 -29.1452 59.6024
109.412 -27.884 79.3155
109.81 -29.056 101.983
98.6979 -9.95759 -99.3448
101.46 -13.8672 -78.1199
101.505 -13.1873 -58.1965
98.6477 -12.8789 -39.6307
99.2665 -12.1504 -22.2539
100.216 -11.4028 -1.61939
101.163 -12.7815 19.6355
98.3983 -12.3666 41.4809
97.6801 -13.6724 59.7007
99.8379 -11.3535 82.5362
97.9667 -9.72094 104.175
90.6416 5.55468 -97.7087
87.4408 7.67613 -79.5333
90.7233 4.63303 -60.2155
90.7967 6.43633 -40.4805
90.7731 2.08327 -20.2996
90.374 6.30673 0.9182
91.3067 4.26252 19.4534
88.7569 4.66782 41.1495
89.228 8.48016 58.4156
88.7232 5.90298 80.3933
87.8955 3.62782 97.1585
78.7954 22.8208 -99.2092
78.0855 21.743 -82.199
79.5392 21.381 -58.6612
76.6535 20.1483 -38.485
79.0049 23.9457 -17.8597
78.0092 26.0319 -0.6821
79.9539 22.2703 22.0649
81.1506 21.6686 38.9603
78.905 24.457 60.5774
78.9496 23.9508 80.4755
76.3822 24.1689 98.8911
71.0556 37.742 -97.9997
69.065 38.6893 -78.8131
67.5254 41.4058 -60.1275
70.8093 39.6875 -39.8074
69.2307 38.4146 -22.5257
66.9707 42.8543 1.70245
68.3728 39.0589 22.1256
69.1932 42.7974 41.0791
67.3854 42.9194 57.8808
68.478 41.1569 79.995
67.9185 38.4916 101.075
59.6912 56.1523 -100.404
60.1627 57.4423 -78.0087
60.5526 57.4521 -59.0274
59.3843 56.4035 -39.2715
58.3485 56.9686 -20.4566
58.6405 59.3102 -1.73308
58.6186 57.6164 19.1721
59.1959 58.043 42.4004
59.7387 58.6135 61.6239
59.5793 57.9492 81.2343
60.2932 56.4538 100.136
49.8777 75.1696 -99.615
52.4687 75.7265 -79.1341
47.1863 74.1494 -61.1079
49.6235 74.1133 -39.4869
48.9917 73.1639 -17.2117
49.658 71.7883 0.547875
48.1593 74.6138 20.2167
48.5869 75.1059 40.0443
49.5786 75.6528 60.8979
48.7153 72.4864 80.5903
49.297 72.7892 99.24
40.8538 92.5976 -100.305
38.8248 91.4586 -77.8707
40.1343 89.4758 -57.7866
39.7666 92.9897 -38.9741
39.803 91.6535 -21.0989
39.2815 92.5115 1.53626
35.3702 92.5619 18.5737
37.5341 92.9509 39.6553
36.556 90.962 61.2047
39.517 91.4419 79.587
38.9078 92.8995 101.598
30.0441 106.36 -97.4648
29.0121 108.711 -80.0466
27.6608 106.678 -60.4214
30.1984 109.665 -39.1589
28.8518 110.926 -21.417
29.9281 108.489 2.4092
29.0929 109.242 20.0118
31.8457 109.054 39.2043
30.256 108.981 61.6015
29.6052 109.4 78.2919
28.4725 111.247 100.818
18.7207 127.155 -98.8958
18.6915 126.723 -81.4223
18.7618 126.852 -60.1722
20.8042 126.591 -39.4921
20.7572 126.672 -20.81
20.6261 126.591 1.59206
17.7925 125.078 20.3679
17.0414 124.56 40.2106
17.7038 127.512 60.7288
21.1857 126.643 80.9362
16.2505 123.953 101.346
138.386 -37.2148 -100.257
135.377 -37.061 -79.8927
136.033 -38.8653 -61.1201
137.968 -36.1102 -42.7989
137.542 -36.2777 -20.8173
135.166 -37.835 -1.39768
134.71 -34.2506 19.4369
134.422 -37.5243 39.8012
136.267 -34.3693 60.3845
136.116 -35.9162 81.4036
135.917 -37.559 98.226
127.527 -17.7145 -99.4535
123.736 -18.6247 -79.6721
127.487 -22.0685 -59.8419
124.952 -19.5176 -41.5687
126.448 -19.7094 -19.8371
125.69 -18.9199 0.456921
125.112 -20.5308 18.4441
124.13 -18.8327 37.0245
127.435 -20.091 62.4411
127.906 -19.0531 77.3863
126.334 -20.8082 98.9513
118.825 -2.74986 -101.987
117.563 -1.64249 -82.2488
116.434 -2.23 -60.3397
115.415 -1.92033 -40.6988
115.599 -3.88045 -18.6198
116.054 -3.76507 2.00301
117.781 -0.757675 19.0608
116.539 -1.63455 38.4651
116.474 -4.05887 61.9009
118.609 -2.84899 79.8373
118.014 -1.60715 99.9323
105.56 16.8804 -99.8188
107.801 14.6239 -79.1218
109.094 17.5711 -61.3328
107.998 17.4857 -39.9397
103.495 15.523 -17.8216
107.413 18.1313 -0.157244
108.105 14.1848 18.8073
104.332 17.3255 40.0065
106.396 15.8998 59.3547
107.607 15.0168 80.1317
108.908 14.5619 100.9
97.194 32.1653 -98.6566
97.0006 32.3711 -78.5015
96.8068 30.702 -61.3569
97.2025 34.9101 -40.8651
94.7873 33.308 -21.2743
94.7652 30.7936 -0.773516
95.3519 32.3645 19.7952
97.0342 30.6912 38.3982
98.1835 31.6677 60.2068
96.8293 31.2776 83.2223
97.8544 30.9394 101.19
85.4616 49.8381 -99.418
86.272 48.4686 -80.6569
87.8925 46.7281 -59.1501
85.7163 48.6285 -41.4763
85.5178 49.709 -21.0511
87.9547 49.1767 -2.02908
85.2305 49.5349 17.7818
87.541 48.6231 38.3502
86.3479 49.835 60.5783
85.0521 48.4058 77.9226
85.5808 50.2412 98.0559
76.0098 65.8833 -100.812
76.2154 66.4458 -79.8133
78.7203 65.6424 -60.7069
74.8317 67.5788 -42.8215
80.6371 64.4962 -17.9795
76.8597 68.8636 0.265614
76.7124 67.0834 21.5389
77.8857 65.9815 38.9265
75.9273 67.1802 57.633
76.6058 68.4565 77.6482
77.2972 65.6195 98.796
67.0938 84.3503 -98.0298
64.177 84.5899 -78.892
66.5828 84.3109 -60.1801
67.5481 84.825 -39.8874
68.2001 84.5712 -21.4064
65.61 84.7096 0.602558
65.8659 85.1369 20.1463
65.8355 81.0768 39.7308
65.4815 84.9256 60.5368
65.6216 84.1802 78.6891
69.6826 84.1797 98.2334
56.5435 100.707 -102.778
56.7652 102.106 -80.5493
55.9478 103.562 -59.1714
59.3609 99.8051 -39.2253
54.932 104.783 -21.3795
54.1302 103.279 -0.551441
54.6035 102.479 20.4714
55.8364 102.966 41.237
57.4922 99.8861 60.9989
56.4423 102.686 81.5163
58.2572 103.013 100.064
48.2371 118.681 -98.9003
48.14 117.938 -77.0963
47.9516 119.696 -60.8639
45.8297 118.444 -41.4029
48.6093 118.898 -18.2406
43.5147 118.938 -0.600027
44.6441 117.191 19.9046
47.8352 119.285 40.5842
47.0233 118.735 59.8097
47.5623 119.489 80.5075
46.1027 121.842 100.81
37.5094 135.313 -100.701
35.3789 134.722 -79.8764
35.7155 136.904 -57.6425
34.8426 136.899 -42.0497
35.614 136.568 -21.8016
35.7946 137.027 -2.73544
36.0214 137.398 20.6643
38.8908 138.353 41.152
37.6264 138.213 61.399
38.6206 136.893 80.1721
37.9648 134.791 99.4965
# データ (ここまで)
