
default_dir_path: ../../ply_data/grid-t-300-r001d30-5/

corresp_img_file_name: 

corresp_ply_file_name: 
lidar.dat
img.dat

img_file_path: 

ply_file_path: 
transform_rotate_simulation::
Point: corresp_plypoint
-0.160231056766582  -29.7224716687298                 -5
-4.49039456622768 -27.2224084652625                -5
-8.82050807568878 -24.7224318643355                -5
-13.1506365851499 -22.2224292826463                -5
 -17.480760094611 -19.7224353612113                -5
-0.160231056766582  -29.7224716687298                -10
-4.49039456622768 -27.2224084652625               -10
-8.82050807568878 -24.7224318643355               -10
-13.1506365851499 -22.2224292826463               -10
 -17.480760094611 -19.7224353612113               -10
-0.160231056766582  -29.7224716687298                -15
-4.49039456622768 -27.2224084652625               -15
-8.82050807568878 -24.7224318643355               -15
-13.1506365851499 -22.2224292826463               -15
 -17.480760094611 -19.7224353612113               -15
-0.160231056766582  -29.7224716687298                -20
-4.49039456622768 -27.2224084652625               -20
-8.82050807568878 -24.7224318643355               -20
-13.1506365851499 -22.2224292826463               -20
 -17.480760094611 -19.7224353612113               -20
-0.160231056766582  -29.7224716687298                -25
-4.49039456622768 -27.2224084652625               -25
-8.82050807568878 -24.7224318643355               -25
-13.1506365851499 -22.2224292826463               -25
 -17.480760094611 -19.7224353612113               -25
 -3.6243572681199 -29.7224290668348                -7
-7.08845807568878 -27.7224304655851                -7
-10.5525588832577 -25.7224318643355                -7
-14.0166596908265 -23.7224332630858                -7
-17.4807604983954 -21.7224346618361                -7
 -3.6243572681199 -29.7224290668348               -11
-7.08845807568878 -27.7224304655851               -11
-10.5525588832577 -25.7224318643355               -11
-14.0166596908265 -23.7224332630858               -11
-17.4807604983954 -21.7224346618361               -11
 -3.6243572681199 -29.7224290668348               -15
-7.08845807568878 -27.7224304655851               -15
-10.5525588832577 -25.7224318643355               -15
-14.0166596908265 -23.7224332630858               -15
-17.4807604983954 -21.7224346618361               -15
 -3.6243572681199 -29.7224290668348               -19
-7.08845807568878 -27.7224304655851               -19
-10.5525588832577 -25.7224318643355               -19
-14.0166596908265 -23.7224332630858               -19
-17.4807604983954 -21.7224346618361               -19
 -3.6243572681199 -29.7224290668348               -23
-7.08845807568878 -27.7224304655851               -23
-10.5525588832577 -25.7224318643355               -23
-14.0166596908265 -23.7224332630858               -23
-17.4807604983954 -21.7224346618361               -23

Point: corresp_imgpoint
     -12 -25.6603       -5
   -14.5 -21.3301       -5
-17 -17  -5
    -19.5 -12.66987        -5
     -22 -8.33975       -5
     -12 -25.6603      -10
   -14.5 -21.3301      -10
-17 -17 -10
    -19.5 -12.66987       -10
     -22 -8.33975      -10
     -12 -25.6603      -15
   -14.5 -21.3301      -15
-17 -17 -15
    -19.5 -12.66987       -15
     -22 -8.33975      -15
     -12 -25.6603      -20
   -14.5 -21.3301      -20
-17 -17 -20
    -19.5 -12.66987       -20
     -22 -8.33975      -20
     -12 -25.6603      -25
   -14.5 -21.3301      -25
-17 -17 -25
    -19.5 -12.66987       -25
     -22 -8.33975      -25
     -15 -23.9282       -7
     -17 -20.4641       -7
-19 -17  -7
     -21 -13.5359       -7
     -23 -10.0718       -7
     -15 -23.9282      -11
     -17 -20.4641      -11
-19 -17 -11
     -21 -13.5359      -11
     -23 -10.0718      -11
     -15 -23.9282      -15
     -17 -20.4641      -15
-19 -17 -15
     -21 -13.5359      -15
     -23 -10.0718      -15
     -15 -23.9282      -19
     -17 -20.4641      -19
-19 -17 -19
     -21 -13.5359      -19
     -23 -10.0718      -19
     -15 -23.9282      -23
     -17 -20.4641      -23
-19 -17 -23
     -21 -13.5359      -23
     -23 -10.0718      -23

-------pickup point :
pickup_file exists: 1
6 6 22 1 17 45 23 3 28 31 4 27 39 11 20 12 14 40 23 13 14 37 22 15 16 5 5 3 34 32    -14.5 -21.3301      -10 
   -14.5 -21.3301      -10 
-17 -17 -25 
   -14.5 -21.3301       -5 
-17 -17 -20 
     -15 -23.9282      -23 
    -19.5 -12.66987       -25 
    -19.5 -12.66987        -5 
     -21 -13.5359       -7 
     -17 -20.4641      -11 
     -22 -8.33975       -5 
-19 -17  -7 
     -23 -10.0718      -15 
   -14.5 -21.3301      -15 
     -12 -25.6603      -25 
-17 -17 -15 
     -22 -8.33975      -15 
     -15 -23.9282      -19 
    -19.5 -12.66987       -25 
    -19.5 -12.66987       -15 
     -22 -8.33975      -15 
-19 -17 -15 
-17 -17 -25 
     -12 -25.6603      -20 
   -14.5 -21.3301      -20 
     -12 -25.6603      -10 
     -12 -25.6603      -10 
    -19.5 -12.66987        -5 
     -23 -10.0718      -11 
-19 -17 -11 
Point: pickup_img
   -14.5 -21.3301      -10
   -14.5 -21.3301      -10
-17 -17 -25
   -14.5 -21.3301       -5
-17 -17 -20
     -15 -23.9282      -23
    -19.5 -12.66987       -25
    -19.5 -12.66987        -5
     -21 -13.5359       -7
     -17 -20.4641      -11
     -22 -8.33975       -5
-19 -17  -7
     -23 -10.0718      -15
   -14.5 -21.3301      -15
     -12 -25.6603      -25
-17 -17 -15
     -22 -8.33975      -15
     -15 -23.9282      -19
    -19.5 -12.66987       -25
    -19.5 -12.66987       -15
     -22 -8.33975      -15
-19 -17 -15
-17 -17 -25
     -12 -25.6603      -20
   -14.5 -21.3301      -20
     -12 -25.6603      -10
     -12 -25.6603      -10
    -19.5 -12.66987        -5
     -23 -10.0718      -11
-19 -17 -11

Point: pickup_ply
-4.49039456622768 -27.2224084652625               -10
-4.49039456622768 -27.2224084652625               -10
-8.82050807568878 -24.7224318643355               -25
-4.49039456622768 -27.2224084652625                -5
-8.82050807568878 -24.7224318643355               -20
 -3.6243572681199 -29.7224290668348               -23
-13.1506365851499 -22.2224292826463               -25
-13.1506365851499 -22.2224292826463                -5
-14.0166596908265 -23.7224332630858                -7
-7.08845807568878 -27.7224304655851               -11
 -17.480760094611 -19.7224353612113                -5
-10.5525588832577 -25.7224318643355                -7
-17.4807604983954 -21.7224346618361               -15
-4.49039456622768 -27.2224084652625               -15
-0.160231056766582  -29.7224716687298                -25
-8.82050807568878 -24.7224318643355               -15
 -17.480760094611 -19.7224353612113               -15
 -3.6243572681199 -29.7224290668348               -19
-13.1506365851499 -22.2224292826463               -25
-13.1506365851499 -22.2224292826463               -15
 -17.480760094611 -19.7224353612113               -15
-10.5525588832577 -25.7224318643355               -15
-8.82050807568878 -24.7224318643355               -25
-0.160231056766582  -29.7224716687298                -20
-4.49039456622768 -27.2224084652625               -20
-0.160231056766582  -29.7224716687298                -10
-0.160231056766582  -29.7224716687298                -10
-13.1506365851499 -22.2224292826463                -5
-17.4807604983954 -21.7224346618361               -11
-10.5525588832577 -25.7224318643355               -11

Point: conversion_unit_sphere
 -0.52417215614756 -0.771078931575384 -0.361498038722455
 -0.52417215614756 -0.771078931575384 -0.361498038722455
-0.490135441949158 -0.490135441949158 -0.720787414631115
-0.551916320373273 -0.811891745185789 -0.190315972542508
-0.543600057482417 -0.543600057482418 -0.639529479391079
-0.411839515125085 -0.656971885721071  -0.63148725652513
-0.571119685360574 -0.371077547074839 -0.732204724821248
-0.819808661037403 -0.532659956934254 -0.210207348983949
-0.809357881207611 -0.521685111630386 -0.269785960402537
 -0.59051298297011 -0.710842160870508 -0.382096636039483
-0.914643168816779  -0.34672251668817 -0.207873447458359
-0.718646000748622 -0.642999053301399 -0.264764316065282
-0.786380554631243 -0.344359463918911 -0.512856883455159
-0.485980178747542 -0.714896952462271 -0.502738115945733
 -0.31761473481207 -0.679174114974847 -0.661697364191813
-0.599916972254498 -0.599916972254498 -0.529338504930439
-0.788458841279987 -0.298888619162035 -0.537585573599991
-0.440689017283714 -0.702992996224544 -0.558206088559371
-0.571119685360574 -0.371077547074839 -0.732204724821248
-0.704666860292478 -0.457848077600711 -0.542051430994214
-0.788458841279987 -0.298888619162035 -0.537585573599991
-0.642317233593673 -0.574704893215391  -0.50709255283711
-0.490135441949158 -0.490135441949158 -0.720787414631115
-0.346056931711723 -0.739993723733527 -0.576761552852872
-0.444270729412208 -0.653540626581747 -0.612787212982355
-0.399456444161638 -0.854181016176739 -0.332880370134698
-0.399456444161638 -0.854181016176739 -0.332880370134698
-0.819808661037403 -0.532659956934254 -0.210207348983949
 -0.83903552142564 -0.367417302812816 -0.401277858073132
-0.684268285762339 -0.612240045155777 -0.396155323336091

理論値
0.866025403784439                 0               0.5
                0                 1                 0
             -0.5                 0 0.866025403784439

create xi:
Point: conversion_unit_sphere
 -0.52417215614756 -0.771078931575384 -0.361498038722455
 -0.52417215614756 -0.771078931575384 -0.361498038722455
-0.490135441949158 -0.490135441949158 -0.720787414631115
-0.551916320373273 -0.811891745185789 -0.190315972542508
-0.543600057482417 -0.543600057482418 -0.639529479391079
-0.411839515125085 -0.656971885721071  -0.63148725652513
-0.571119685360574 -0.371077547074839 -0.732204724821248
-0.819808661037403 -0.532659956934254 -0.210207348983949
-0.809357881207611 -0.521685111630386 -0.269785960402537
 -0.59051298297011 -0.710842160870508 -0.382096636039483
-0.914643168816779  -0.34672251668817 -0.207873447458359
-0.718646000748622 -0.642999053301399 -0.264764316065282
-0.786380554631243 -0.344359463918911 -0.512856883455159
-0.485980178747542 -0.714896952462271 -0.502738115945733
 -0.31761473481207 -0.679174114974847 -0.661697364191813
-0.599916972254498 -0.599916972254498 -0.529338504930439
-0.788458841279987 -0.298888619162035 -0.537585573599991
-0.440689017283714 -0.702992996224544 -0.558206088559371
-0.571119685360574 -0.371077547074839 -0.732204724821248
-0.704666860292478 -0.457848077600711 -0.542051430994214
-0.788458841279987 -0.298888619162035 -0.537585573599991
-0.642317233593673 -0.574704893215391  -0.50709255283711
-0.490135441949158 -0.490135441949158 -0.720787414631115
-0.346056931711723 -0.739993723733527 -0.576761552852872
-0.444270729412208 -0.653540626581747 -0.612787212982355
-0.399456444161638 -0.854181016176739 -0.332880370134698
-0.399456444161638 -0.854181016176739 -0.332880370134698
-0.819808661037403 -0.532659956934254 -0.210207348983949
 -0.83903552142564 -0.367417302812816 -0.401277858073132
-0.684268285762339 -0.612240045155777 -0.396155323336091

vector_xi.transpose() :
                     0  5.11492795539582e-277 -4.68424737885398e-309  1.24905178957264e-280   1.19233803257355e+66  -1.09194232108365e+34 -4.13510643791716e-314  -3.94735007469785e+32       3.61498038722455
2.35373980173285 14.2692285407662  5.2417215614756 3.46244864447875 20.9906256343033 7.71078931575384 1.62326882878128 9.84084726949394 3.61498038722455
4.32324362389384  12.117340067884  12.253386048729 4.32324362389384  12.117340067884  12.253386048729 6.35771121160858 17.8196177468882 18.0196853657779
 2.47832204601652  15.0244915118459  2.75958160186636  3.64571428094737  22.1016487170223  4.05945872592895 0.854593808971213  5.18085914201582 0.951579862712538
4.79482869696855 13.4391153825579 10.8720011496483 4.79482869696855 13.4391153825579 10.8720011496484 5.64097493761005 15.8107239794799 12.7905895878216
1.49265353994258  12.240870775225 9.47230884787695  2.3811008289636 19.5268002722492 15.1103533715846 2.28873542791195 18.7693351886783  14.524206900078
7.51058742880204 12.6916668198526 14.2779921340143 4.87990596649006 8.24624454824849 9.27693867687098  9.6289582420539 16.2713677177597 18.3051181205312
10.7810057706612 18.2181399952047 4.09904330518701 7.00481751710396 11.8369982246689 2.66329978467127 2.76436045401569 4.67131794748838 1.05103674491975
11.3444939889755 19.1999383229001 5.66550516845327 7.31228267549397 12.3756402449973  3.6517957814127 3.78149799632516 6.39997944096669 1.88850172281776
4.18582652293355 16.3704551094141 6.49564281267121 5.03877485576261 19.7062723767389 7.81926376957559 2.70847598542759 10.5926474237386 4.20306299643431
15.9886578062609 18.0389907755624 4.57321584408389 6.06097313362564 6.83821242365893 1.73361258344085 3.63378586505929 4.09977063080963 1.03936723729179
7.58355423911746 18.4853227888336 5.03052200524035 6.78528537184194 16.5394993373774 4.50099337310979 2.79394103546433 6.81038208009659 1.85335021245697
13.7465301361041 17.0821002173156 11.7957083194687 6.01966531412232 7.48032595516346 5.16539195878367 8.96512834963311 11.1405001417276 7.69285325182738
2.18224275394232 13.2295509318868 7.28970268121312 3.21016939074931 19.4612168504993 10.7234542869341 2.25749250407826 13.6857423433312 7.54107173918599
0.0508917446035757   9.44029495702289   7.94036837030175  0.108824786170928   20.1867333904745   16.9793528743712  0.106024467924116   19.6672811604644   16.5424341047953
5.29157249851356 14.8314064708202 8.99875458381746 5.29157249851356 14.8314064708202 8.99875458381747 4.66903455751196  13.086535121312 7.94007757395659
13.7828598488904 15.5503285321201 11.8268826191998 5.22480024658108 5.89481147162493 4.48332928743053 9.39740444242528 10.6024967264455 8.06378360399987
1.59721444277284 13.0983480567483 8.37309132839057 2.54789777530381 20.8946594647657 13.3568669282663 2.02313829417894 16.5912408718812  10.605915682628
7.51058742880204 12.6916668198526 14.2779921340143 4.87990596649006 8.24624454824849 9.27693867687098  9.6289582420539 16.2713677177597 18.3051181205312
9.26681779330495  15.659409470674 10.5700029043872 6.02099367973644 10.1744965266774 6.86772116401066 7.12832137946535 12.0456995928262 8.13077146491321
13.7828598488904 15.5503285321201 11.8268826191998 5.22480024658108 5.89481147162493 4.48332928743053 9.39740444242528 10.6024967264455 8.06378360399987
6.77809042922839 16.5219612764017 9.63475850390509 6.06460722615172 14.7828074578331 8.62057339823087 5.35112402307505 13.0436536392645 7.60638829255665
4.32324362389384  12.117340067884  12.253386048729 4.32324362389384  12.117340067884  12.253386048729 6.35771121160858 17.8196177468882 18.0196853657779
0.0554490678695703   10.2856673485693   6.92113863423446  0.118569976354461   21.9944424887076   14.7998744746705 0.0924151131159505   17.1427789142821   11.5352310570574
1.99495086928659 12.0941192652192 8.88541458824416 2.93465527841171 17.7909498854519 13.0708125316349 2.75165637142977 16.6815438140955 12.2557442596471
0.0640053281802404   11.8728328444858   3.99456444161638  0.136866326891952     25.38837105328   8.54181016176739 0.0533377734835336   9.89402737040486   3.32880370134698
0.0640053281802404   11.8728328444858   3.99456444161638  0.136866326891952     25.38837105328   8.54181016176739 0.0533377734835336   9.89402737040486   3.32880370134698
10.7810057706612 18.2181399952047 4.09904330518701 7.00481751710396 11.8369982246689 2.66329978467127 2.76436045401569 4.67131794748838 1.05103674491975
14.6669789996879  18.225894293128 9.22939073568204 6.42273387343725 7.98119835397944 4.04159033094097 7.01464213028553 8.71673205323516 4.41405643880445
7.22078137745285 17.6010443574474 7.52695114338573 6.46069912719466 15.7483028461371 6.73464049671354 4.18045237642007 10.1900783122064   4.357708556697

----calc_matrix_M
Matrix_M:
      1887.21124209403       3026.66645999413       1634.04452673452       1067.34920516336         2025.176675591       1087.40762268694       1085.19527666546       1882.16795246042        1269.9128486059
      3026.66645999413       6469.41906754463       3460.41149174531         2025.176675591       6098.07475837159       3237.71658823794       1882.16795246042        4825.2632615709       3164.15184205492
      1634.04452673452       3460.41149174531       2297.46564820463       1087.40762268694       3237.71658823794       2105.27945234794        1269.9128486059       3164.15184205492       2399.38836713812
      1067.34920516336         2025.176675591       1087.40762268694       700.047494949213       1627.43963108335       871.973722553624       656.010967372399       1385.61663548903       930.399826335622
        2025.176675591       6098.07475837159       3237.71658823794       1627.43963108335  1.42166998392136e+132 -1.30196435880467e+100       1385.61663548903  -4.70657562194427e+98   4.31027860269528e+66
      1087.40762268694       3237.71658823794       2105.27945234794       871.973722553624 -1.30196435880467e+100   1.19233803257355e+68       930.399826335622   4.31027860269528e+66  -3.94735007469785e+34
      1085.19527666546       1882.16795246042        1269.9128486059       656.010967372399       1385.61663548903       930.399826335622       807.339506798764        1539.8735116862       1207.83090937942
      1882.16795246042        4825.2632615709       3164.15184205492       1385.61663548903  -4.70657562194427e+98   4.31027860269528e+66        1539.8735116862   1.55815726122171e+65  -1.42695931015421e+33
       1269.9128486059       3164.15184205492       2399.38836713812       930.399826335622   4.31027860269528e+66  -3.94735007469785e+34       1207.83090937942  -1.42695931015421e+33       2913.26915219993

Essential_Matrix:: Matrix M Eigenvalue :
-9.83497463787986e+115
-3.09896265272678e+114
-1.04340014499644e+114
-3.12110090656594e+113
      1887.21124209403
 8.05736314629134e+113
 5.98221518520914e+114
 2.23470673337149e+116
 1.42166998392136e+132

Essential_Matrix:: Matrix M EigenVector: 
                    0                     0                     0                     0                     1                    -0                     0                     0                     0
    0.403954457072036     0.211239327818999     0.160902281618762    -0.118404995622593                     0     0.036243831360651    -0.517885051032009     0.694817180545774 -8.32667268468867e-17
    0.726428829755288    0.0477600958598109    0.0460805649099207   -0.0216587554224558                     0  0.000577314140345619    -0.248905438281364    -0.636767899549987  5.55111512312578e-17
    0.249009983280609    0.0157306245091828     0.260057159407865    -0.406545552631977                     0     0.622164158496785     0.554434902264439     0.101741152873476 -1.38777878078145e-17
 8.09329490682064e-17 -9.81869358669856e-18   1.9724364004666e-18  4.39189746725989e-18                     0  8.98549647467085e-18 -6.60383874754476e-18 -1.61527631413232e-16                    -1
    0.175128657907796   0.00930320914001101    0.0219518639085144     0.894909794433288                     0     0.369069337775218     0.130647231731959     0.120901214767935                     0
    0.230727888626152     0.426889861009082     0.281044434624071     0.111753016217951                     0    -0.626897990380133     0.517904616045102     0.108759806212207 -1.38777878078145e-17
    0.291476857998124    -0.871270505406159    0.0731524488399064    0.0171235399759286                     0    -0.286056224906787     0.154277832153795     0.211316440359613 -2.77555756156289e-17
    0.279735260522631     0.106844140481499    -0.905283475942578   -0.0811564940875247                     0   -0.0235877307569225     0.230970898358287     0.174080522710488 -1.38777878078145e-17

Essential_Matrix:: min_eigen
-9.83497463787986e+115

Essential_Matrix:: min_eigenvector
                   0
   0.403954457072036
   0.726428829755288
   0.249009983280609
8.09329490682064e-17
   0.175128657907796
   0.230727888626152
   0.291476857998124
   0.279735260522631

Essential Matrix:
                   0    0.403954457072036    0.726428829755288
   0.249009983280609 8.09329490682064e-17    0.175128657907796
   0.230727888626152    0.291476857998124    0.279735260522631


Translation:: E * E.t Eigenvalue :
0.0200551227892621
 0.094213266181191
 0.885731611029547

Translation:: E * E.t Eigenvec :
 0.213707035662251  -0.44297551657521  0.870690527468502
 0.669020624320981  0.715834151498519    0.1999821786599
-0.711857223845919  0.539772321690655  0.449338551200608

Translation:: E * E.t min_eigen
0.0200551227892621

Translation:: E * E.t min_eigenvector
 0.213707035662251
 0.669020624320981
-0.711857223845919

Translation:: diff scale
 0.213707035662251
 0.669020624320981
-0.711857223845919

Point: conversion_unit_sphere
 -0.52417215614756 -0.771078931575384 -0.361498038722455
 -0.52417215614756 -0.771078931575384 -0.361498038722455
-0.490135441949158 -0.490135441949158 -0.720787414631115
-0.551916320373273 -0.811891745185789 -0.190315972542508
-0.543600057482417 -0.543600057482418 -0.639529479391079
-0.411839515125085 -0.656971885721071  -0.63148725652513
-0.571119685360574 -0.371077547074839 -0.732204724821248
-0.819808661037403 -0.532659956934254 -0.210207348983949
-0.809357881207611 -0.521685111630386 -0.269785960402537
 -0.59051298297011 -0.710842160870508 -0.382096636039483
-0.914643168816779  -0.34672251668817 -0.207873447458359
-0.718646000748622 -0.642999053301399 -0.264764316065282
-0.786380554631243 -0.344359463918911 -0.512856883455159
-0.485980178747542 -0.714896952462271 -0.502738115945733
 -0.31761473481207 -0.679174114974847 -0.661697364191813
-0.599916972254498 -0.599916972254498 -0.529338504930439
-0.788458841279987 -0.298888619162035 -0.537585573599991
-0.440689017283714 -0.702992996224544 -0.558206088559371
-0.571119685360574 -0.371077547074839 -0.732204724821248
-0.704666860292478 -0.457848077600711 -0.542051430994214
-0.788458841279987 -0.298888619162035 -0.537585573599991
-0.642317233593673 -0.574704893215391  -0.50709255283711
-0.490135441949158 -0.490135441949158 -0.720787414631115
-0.346056931711723 -0.739993723733527 -0.576761552852872
-0.444270729412208 -0.653540626581747 -0.612787212982355
-0.399456444161638 -0.854181016176739 -0.332880370134698
-0.399456444161638 -0.854181016176739 -0.332880370134698
-0.819808661037403 -0.532659956934254 -0.210207348983949
 -0.83903552142564 -0.367417302812816 -0.401277858073132
-0.684268285762339 -0.612240045155777 -0.396155323336091

Point: pickup_ply
-4.49039456622768 -27.2224084652625               -10
-4.49039456622768 -27.2224084652625               -10
-8.82050807568878 -24.7224318643355               -25
-4.49039456622768 -27.2224084652625                -5
-8.82050807568878 -24.7224318643355               -20
 -3.6243572681199 -29.7224290668348               -23
-13.1506365851499 -22.2224292826463               -25
-13.1506365851499 -22.2224292826463                -5
-14.0166596908265 -23.7224332630858                -7
-7.08845807568878 -27.7224304655851               -11
 -17.480760094611 -19.7224353612113                -5
-10.5525588832577 -25.7224318643355                -7
-17.4807604983954 -21.7224346618361               -15
-4.49039456622768 -27.2224084652625               -15
-0.160231056766582  -29.7224716687298                -25
-8.82050807568878 -24.7224318643355               -15
 -17.480760094611 -19.7224353612113               -15
 -3.6243572681199 -29.7224290668348               -19
-13.1506365851499 -22.2224292826463               -25
-13.1506365851499 -22.2224292826463               -15
 -17.480760094611 -19.7224353612113               -15
-10.5525588832577 -25.7224318643355               -15
-8.82050807568878 -24.7224318643355               -25
-0.160231056766582  -29.7224716687298                -20
-4.49039456622768 -27.2224084652625               -20
-0.160231056766582  -29.7224716687298                -10
-0.160231056766582  -29.7224716687298                -10
-13.1506365851499 -22.2224292826463                -5
-17.4807604983954 -21.7224346618361               -11
-10.5525588832577 -25.7224318643355               -11

-----check sign translation t
img_vec:
 -0.52417215614756
-0.771078931575384
-0.361498038722455
ply_vec:
-4.49039456622768
-27.2224084652625
              -10
img_point y<0, exclusion 
img_vec:
 -0.52417215614756
-0.771078931575384
-0.361498038722455
ply_vec:
-4.49039456622768
-27.2224084652625
              -10
img_point y<0, exclusion 
img_vec:
-0.490135441949158
-0.490135441949158
-0.720787414631115
ply_vec:
-8.82050807568878
-24.7224318643355
              -25
img_point y<0, exclusion 
img_vec:
-0.490135441949158
-0.490135441949158
-0.720787414631115
ply_vec:
-8.82050807568878
-24.7224318643355
              -25
img_point y<0, exclusion 
img_vec:
-0.551916320373273
-0.811891745185789
-0.190315972542508
ply_vec:
-4.49039456622768
-27.2224084652625
               -5
img_point y<0, exclusion 
img_vec:
-0.551916320373273
-0.811891745185789
-0.190315972542508
ply_vec:
-4.49039456622768
-27.2224084652625
               -5
img_point y<0, exclusion 
img_vec:
-0.543600057482417
-0.543600057482418
-0.639529479391079
ply_vec:
-8.82050807568878
-24.7224318643355
              -20
img_point y<0, exclusion 
img_vec:
-0.543600057482417
-0.543600057482418
-0.639529479391079
ply_vec:
-8.82050807568878
-24.7224318643355
              -20
img_point y<0, exclusion 
img_vec:
-0.411839515125085
-0.656971885721071
 -0.63148725652513
ply_vec:
 -3.6243572681199
-29.7224290668348
              -23
img_point y<0, exclusion 
img_vec:
-0.411839515125085
-0.656971885721071
 -0.63148725652513
ply_vec:
 -3.6243572681199
-29.7224290668348
              -23
img_point y<0, exclusion 
img_vec:
-0.571119685360574
-0.371077547074839
-0.732204724821248
ply_vec:
-13.1506365851499
-22.2224292826463
              -25
img_point y<0, exclusion 
img_vec:
-0.571119685360574
-0.371077547074839
-0.732204724821248
ply_vec:
-13.1506365851499
-22.2224292826463
              -25
img_point y<0, exclusion 
img_vec:
-0.819808661037403
-0.532659956934254
-0.210207348983949
ply_vec:
-13.1506365851499
-22.2224292826463
               -5
img_point y<0, exclusion 
img_vec:
-0.819808661037403
-0.532659956934254
-0.210207348983949
ply_vec:
-13.1506365851499
-22.2224292826463
               -5
img_point y<0, exclusion 
img_vec:
-0.809357881207611
-0.521685111630386
-0.269785960402537
ply_vec:
-14.0166596908265
-23.7224332630858
               -7
img_point y<0, exclusion 
img_vec:
-0.809357881207611
-0.521685111630386
-0.269785960402537
ply_vec:
-14.0166596908265
-23.7224332630858
               -7
img_point y<0, exclusion 
img_vec:
 -0.59051298297011
-0.710842160870508
-0.382096636039483
ply_vec:
-7.08845807568878
-27.7224304655851
              -11
img_point y<0, exclusion 
img_vec:
 -0.59051298297011
-0.710842160870508
-0.382096636039483
ply_vec:
-7.08845807568878
-27.7224304655851
              -11
img_point y<0, exclusion 
img_vec:
-0.914643168816779
 -0.34672251668817
-0.207873447458359
ply_vec:
 -17.480760094611
-19.7224353612113
               -5
img_point y<0, exclusion 
img_vec:
-0.914643168816779
 -0.34672251668817
-0.207873447458359
ply_vec:
 -17.480760094611
-19.7224353612113
               -5
img_point y<0, exclusion 
img_vec:
-0.718646000748622
-0.642999053301399
-0.264764316065282
ply_vec:
-10.5525588832577
-25.7224318643355
               -7
img_point y<0, exclusion 
img_vec:
-0.718646000748622
-0.642999053301399
-0.264764316065282
ply_vec:
-10.5525588832577
-25.7224318643355
               -7
img_point y<0, exclusion 
img_vec:
-0.786380554631243
-0.344359463918911
-0.512856883455159
ply_vec:
-17.4807604983954
-21.7224346618361
              -15
img_point y<0, exclusion 
img_vec:
-0.786380554631243
-0.344359463918911
-0.512856883455159
ply_vec:
-17.4807604983954
-21.7224346618361
              -15
img_point y<0, exclusion 
img_vec:
-0.485980178747542
-0.714896952462271
-0.502738115945733
ply_vec:
-4.49039456622768
-27.2224084652625
              -15
img_point y<0, exclusion 
img_vec:
-0.485980178747542
-0.714896952462271
-0.502738115945733
ply_vec:
-4.49039456622768
-27.2224084652625
              -15
img_point y<0, exclusion 
img_vec:
 -0.31761473481207
-0.679174114974847
-0.661697364191813
ply_vec:
-0.160231056766582
 -29.7224716687298
               -25
img_point y<0, exclusion 
img_vec:
 -0.31761473481207
-0.679174114974847
-0.661697364191813
ply_vec:
-0.160231056766582
 -29.7224716687298
               -25
img_point y<0, exclusion 
img_vec:
-0.599916972254498
-0.599916972254498
-0.529338504930439
ply_vec:
-8.82050807568878
-24.7224318643355
              -15
img_point y<0, exclusion 
img_vec:
-0.599916972254498
-0.599916972254498
-0.529338504930439
ply_vec:
-8.82050807568878
-24.7224318643355
              -15
img_point y<0, exclusion 
img_vec:
-0.788458841279987
-0.298888619162035
-0.537585573599991
ply_vec:
 -17.480760094611
-19.7224353612113
              -15
img_point y<0, exclusion 
img_vec:
-0.788458841279987
-0.298888619162035
-0.537585573599991
ply_vec:
 -17.480760094611
-19.7224353612113
              -15
img_point y<0, exclusion 
img_vec:
-0.440689017283714
-0.702992996224544
-0.558206088559371
ply_vec:
 -3.6243572681199
-29.7224290668348
              -19
img_point y<0, exclusion 
img_vec:
-0.440689017283714
-0.702992996224544
-0.558206088559371
ply_vec:
 -3.6243572681199
-29.7224290668348
              -19
img_point y<0, exclusion 
img_vec:
-0.571119685360574
-0.371077547074839
-0.732204724821248
ply_vec:
-13.1506365851499
-22.2224292826463
              -25
img_point y<0, exclusion 
img_vec:
-0.571119685360574
-0.371077547074839
-0.732204724821248
ply_vec:
-13.1506365851499
-22.2224292826463
              -25
img_point y<0, exclusion 
img_vec:
-0.704666860292478
-0.457848077600711
-0.542051430994214
ply_vec:
-13.1506365851499
-22.2224292826463
              -15
img_point y<0, exclusion 
img_vec:
-0.704666860292478
-0.457848077600711
-0.542051430994214
ply_vec:
-13.1506365851499
-22.2224292826463
              -15
img_point y<0, exclusion 
img_vec:
-0.788458841279987
-0.298888619162035
-0.537585573599991
ply_vec:
 -17.480760094611
-19.7224353612113
              -15
img_point y<0, exclusion 
img_vec:
-0.788458841279987
-0.298888619162035
-0.537585573599991
ply_vec:
 -17.480760094611
-19.7224353612113
              -15
img_point y<0, exclusion 
img_vec:
-0.642317233593673
-0.574704893215391
 -0.50709255283711
ply_vec:
-10.5525588832577
-25.7224318643355
              -15
img_point y<0, exclusion 
img_vec:
-0.642317233593673
-0.574704893215391
 -0.50709255283711
ply_vec:
-10.5525588832577
-25.7224318643355
              -15
img_point y<0, exclusion 
img_vec:
-0.490135441949158
-0.490135441949158
-0.720787414631115
ply_vec:
-8.82050807568878
-24.7224318643355
              -25
img_point y<0, exclusion 
img_vec:
-0.490135441949158
-0.490135441949158
-0.720787414631115
ply_vec:
-8.82050807568878
-24.7224318643355
              -25
img_point y<0, exclusion 
img_vec:
-0.346056931711723
-0.739993723733527
-0.576761552852872
ply_vec:
-0.160231056766582
 -29.7224716687298
               -20
img_point y<0, exclusion 
img_vec:
-0.346056931711723
-0.739993723733527
-0.576761552852872
ply_vec:
-0.160231056766582
 -29.7224716687298
               -20
img_point y<0, exclusion 
img_vec:
-0.444270729412208
-0.653540626581747
-0.612787212982355
ply_vec:
-4.49039456622768
-27.2224084652625
              -20
img_point y<0, exclusion 
img_vec:
-0.444270729412208
-0.653540626581747
-0.612787212982355
ply_vec:
-4.49039456622768
-27.2224084652625
              -20
img_point y<0, exclusion 
img_vec:
-0.399456444161638
-0.854181016176739
-0.332880370134698
ply_vec:
-0.160231056766582
 -29.7224716687298
               -10
img_point y<0, exclusion 
img_vec:
-0.399456444161638
-0.854181016176739
-0.332880370134698
ply_vec:
-0.160231056766582
 -29.7224716687298
               -10
img_point y<0, exclusion 
img_vec:
-0.399456444161638
-0.854181016176739
-0.332880370134698
ply_vec:
-0.160231056766582
 -29.7224716687298
               -10
img_point y<0, exclusion 
img_vec:
-0.399456444161638
-0.854181016176739
-0.332880370134698
ply_vec:
-0.160231056766582
 -29.7224716687298
               -10
img_point y<0, exclusion 
img_vec:
-0.819808661037403
-0.532659956934254
-0.210207348983949
ply_vec:
-13.1506365851499
-22.2224292826463
               -5
img_point y<0, exclusion 
img_vec:
-0.819808661037403
-0.532659956934254
-0.210207348983949
ply_vec:
-13.1506365851499
-22.2224292826463
               -5
img_point y<0, exclusion 
img_vec:
 -0.83903552142564
-0.367417302812816
-0.401277858073132
ply_vec:
-17.4807604983954
-21.7224346618361
              -11
img_point y<0, exclusion 
img_vec:
 -0.83903552142564
-0.367417302812816
-0.401277858073132
ply_vec:
-17.4807604983954
-21.7224346618361
              -11
img_point y<0, exclusion 
img_vec:
-0.684268285762339
-0.612240045155777
-0.396155323336091
ply_vec:
-10.5525588832577
-25.7224318643355
              -11
img_point y<0, exclusion 
img_vec:
-0.684268285762339
-0.612240045155777
-0.396155323336091
ply_vec:
-10.5525588832577
-25.7224318643355
              -11
img_point y<0, exclusion 
translation:: check_sign_sam: 
0

translation:: change_sign before
 0.213707035662251
 0.669020624320981
-0.711857223845919
translation:: change_sign after
-0.213707035662251
-0.669020624320981
 0.711857223845919

translation_t_cross: 
                 0 -0.711857223845919 -0.669020624320981
 0.711857223845919                  0  0.213707035662251
 0.669020624320981 -0.213707035662251                  0

Matrix_R calc from matrix_E: 
  0.934693785549931 -0.0169485511739599   0.355049678027519
 0.0916348954836653  -0.953610830588442  -0.286756743101393
  0.343439329698913   0.300564685878971  -0.889781038468699

calc scale: 
vector_t: 
-0.213707035662251
-0.669020624320981
 0.711857223845919
matrix_R:
  0.934693785549931 -0.0169485511739599   0.355049678027519
 0.0916348954836653  -0.953610830588442  -0.286756743101393
  0.343439329698913   0.300564685878971  -0.889781038468699
point:1 13.2709668681102
img: 
 -0.52417215614756
-0.771078931575384
-0.361498038722455
ply:
-4.49039456622768
-27.2224084652625
              -10
fraction top: 11.4487465788817
fraction bottom:0.862691218557159
scale_s_progress: 13.2709668681102

point:2 9.33527416944954
img: 
-0.490135441949158
-0.490135441949158
-0.720787414631115
ply:
-8.82050807568878
-24.7224318643355
              -25
fraction top: 9.27486697680203
fraction bottom:0.993529146380597
scale_s_progress: 22.6062410375597

point:3 15.5321650062178
img: 
-0.551916320373273
-0.811891745185789
-0.190315972542508
ply:
-4.49039456622768
-27.2224084652625
               -5
fraction top: 11.240620318474
fraction bottom:0.723699517354737
scale_s_progress: 38.1384060437776

point:4 10.3662744587471
img: 
-0.543600057482417
-0.543600057482418
-0.639529479391079
ply:
-8.82050807568878
-24.7224318643355
              -20
fraction top: 10.3600026693295
fraction bottom:0.999394981346236
scale_s_progress: 48.5046805025247

point:5 11.6138813606844
img: 
-0.411839515125085
-0.656971885721071
 -0.63148725652513
ply:
 -3.6243572681199
-29.7224290668348
              -23
fraction top: 11.5432008039125
fraction bottom:0.993914131324671
scale_s_progress: 60.1185618632091

point:6 6.96737706364298
img: 
-0.571119685360574
-0.371077547074839
-0.732204724821248
ply:
-13.1506365851499
-22.2224292826463
              -25
fraction top: 6.80869397265029
fraction bottom:0.977224845226087
scale_s_progress: 67.0859389268521

point:7 19.5263795205418
img: 
-0.819808661037403
-0.532659956934254
-0.210207348983949
ply:
-13.1506365851499
-22.2224292826463
               -5
fraction top: 16.6781792545696
fraction bottom:0.854135772431552
scale_s_progress: 86.6123184473939

point:8 19.0622340849097
img: 
-0.809357881207611
-0.521685111630386
-0.269785960402537
ply:
-14.0166596908265
-23.7224332630858
               -7
fraction top: 16.9871809243657
fraction bottom:0.891143233720608
scale_s_progress: 105.674552532304

point:9 14.8191681187626
img: 
 -0.59051298297011
-0.710842160870508
-0.382096636039483
ply:
-7.08845807568878
-27.7224304655851
              -11
fraction top: 13.207642758124
fraction bottom:0.891253992955366
scale_s_progress: 120.493720651066

point:10 18.6246842590629
img: 
-0.914643168816779
 -0.34672251668817
-0.207873447458359
ply:
 -17.480760094611
-19.7224353612113
               -5
fraction top: 17.1701983560403
fraction bottom:0.921905473253063
scale_s_progress: 139.118404910129

point:11 18.5268539014651
img: 
-0.718646000748622
-0.642999053301399
-0.264764316065282
ply:
-10.5525588832577
-25.7224318643355
               -7
fraction top: 15.6320295218556
fraction bottom:0.843749813378698
scale_s_progress: 157.645258811594

point:12 10.8216110503021
img: 
-0.786380554631243
-0.344359463918911
-0.512856883455159
ply:
-17.4807604983954
-21.7224346618361
              -15
fraction top: 10.8095694066566
fraction bottom:0.998887259615086
scale_s_progress: 168.466869861896

point:13 11.8440120011428
img: 
-0.485980178747542
-0.714896952462271
-0.502738115945733
ply:
-4.49039456622768
-27.2224084652625
              -15
fraction top: 11.2483441831659
fraction bottom:0.949707259844095
scale_s_progress: 180.310881863039

point:14 10.9743760049851
img: 
 -0.31761473481207
-0.679174114974847
-0.661697364191813
ply:
-0.160231056766582
 -29.7224716687298
               -25
fraction top: 10.9455804214341
fraction bottom:0.997376107439918
scale_s_progress: 191.285257868024

point:15 12.0156472402746
img: 
-0.599916972254498
-0.599916972254498
-0.529338504930439
ply:
-8.82050807568878
-24.7224318643355
              -15
fraction top: 11.7352918900828
fraction bottom:0.976667478281817
scale_s_progress: 203.300905108299

point:16 8.68747855004437
img: 
-0.788458841279987
-0.298888619162035
-0.537585573599991
ply:
 -17.480760094611
-19.7224353612113
              -15
fraction top: 8.68572129523393
fraction bottom:0.999797725565557
scale_s_progress: 211.988383658343

point:17 12.0245286154661
img: 
-0.440689017283714
-0.702992996224544
-0.558206088559371
ply:
 -3.6243572681199
-29.7224290668348
              -19
fraction top: 11.6886457067507
fraction bottom:0.972066854389339
scale_s_progress: 224.012912273809

point:18 6.96737706364298
img: 
-0.571119685360574
-0.371077547074839
-0.732204724821248
ply:
-13.1506365851499
-22.2224292826463
              -25
fraction top: 6.80869397265029
fraction bottom:0.977224845226087
scale_s_progress: 230.980289337452

point:19 11.0795436092644
img: 
-0.704666860292478
-0.457848077600711
-0.542051430994214
ply:
-13.1506365851499
-22.2224292826463
              -15
fraction top: 11.0236304974363
fraction bottom:0.994953482399641
scale_s_progress: 242.059832946717

point:20 8.68747855004437
img: 
-0.788458841279987
-0.298888619162035
-0.537585573599991
ply:
 -17.480760094611
-19.7224353612113
              -15
fraction top: 8.68572129523393
fraction bottom:0.999797725565557
scale_s_progress: 250.747311496761

point:21 13.1987199175772
img: 
-0.642317233593673
-0.574704893215391
 -0.50709255283711
ply:
-10.5525588832577
-25.7224318643355
              -15
fraction top: 12.85753177859
fraction bottom:0.97414990687598
scale_s_progress: 263.946031414338

point:22 9.33527416944954
img: 
-0.490135441949158
-0.490135441949158
-0.720787414631115
ply:
-8.82050807568878
-24.7224318643355
              -25
fraction top: 9.27486697680203
fraction bottom:0.993529146380597
scale_s_progress: 273.281305583788

point:23 10.9235078869435
img: 
-0.346056931711723
-0.739993723733527
-0.576761552852872
ply:
-0.160231056766582
 -29.7224716687298
               -20
fraction top: 10.649244101982
fraction bottom:0.974892334239142
scale_s_progress: 284.204813470731

point:24 10.9943396515628
img: 
-0.444270729412208
-0.653540626581747
-0.612787212982355
ply:
-4.49039456622768
-27.2224084652625
              -20
fraction top: 10.8931024847381
fraction bottom:0.990791882911285
scale_s_progress: 295.199153122294

point:25 11.6703353239279
img: 
-0.399456444161638
-0.854181016176739
-0.332880370134698
ply:
-0.160231056766582
 -29.7224716687298
               -10
fraction top: 9.61298125958136
fraction bottom:0.823710801168812
scale_s_progress: 306.869488446222

point:26 11.6703353239279
img: 
-0.399456444161638
-0.854181016176739
-0.332880370134698
ply:
-0.160231056766582
 -29.7224716687298
               -10
fraction top: 9.61298125958136
fraction bottom:0.823710801168812
scale_s_progress: 318.53982377015

point:27 19.5263795205418
img: 
-0.819808661037403
-0.532659956934254
-0.210207348983949
ply:
-13.1506365851499
-22.2224292826463
               -5
fraction top: 16.6781792545696
fraction bottom:0.854135772431552
scale_s_progress: 338.066203290692

point:28 14.2185545892508
img: 
 -0.83903552142564
-0.367417302812816
-0.401277858073132
ply:
-17.4807604983954
-21.7224346618361
              -11
fraction top: 13.9419967677576
fraction bottom:0.980549512275866
scale_s_progress: 352.284757879942

point:29 15.4915239350721
img: 
-0.684268285762339
-0.612240045155777
-0.396155323336091
ply:
-10.5525588832577
-25.7224318643355
              -11
fraction top: 14.3299408452259
fraction bottom:0.925018152202804
scale_s_progress: 367.776281815014

scale_s
12.6819407522419

----RESULT
Essential Matrix:
                   0    0.403954457072036    0.726428829755288
   0.249009983280609 8.09329490682064e-17    0.175128657907796
   0.230727888626152    0.291476857998124    0.279735260522631

Rotation Matrix:
  0.934693785549931 -0.0169485511739599   0.355049678027519
 0.0916348954836653  -0.953610830588442  -0.286756743101393
  0.343439329698913   0.300564685878971  -0.889781038468699

scale
12.6819407522419

translation Vector: 
-2.71021996460591
-8.48447991966654
 9.02773113686932

Rotation_axis
 -0.983150120897985
-0.0194352100905856
  -0.18176389186803

Rotation_degree: 
162.620841393748

corresp_plypoint point_rotated:  0.934693785549931 -0.0169485511739599   0.355049678027519
 0.0916348954836653  -0.953610830588442  -0.286756743101393
  0.343439329698913   0.300564685878971  -0.889781038468699
corresp_plypoint point_transformed:-2.71021996460591 -8.48447991966654  9.02773113686932
