
default_dir_path: ../../ply_data/grid_proj/

corresp_img_file_name: 

corresp_ply_file_name: 
lidar.dat
img.dat

img_file_path: 

ply_file_path: 
transform_rotate_simulation::
Point: corresp_plypoint
     18 -8.6603      10
   20.5 -4.3301      10
23  0 10
   25.5 4.33013      10
     28 8.66025      10
     18 -8.6603       5
   20.5 -4.3301       5
23  0  5
   25.5 4.33013       5
     28 8.66025       5
     18 -8.6603       0
   20.5 -4.3301       0
23  0  0
   25.5 4.33013       0
     28 8.66025       0
     18 -8.6603      -5
   20.5 -4.3301      -5
23  0 -5
   25.5 4.33013      -5
     28 8.66025      -5
     18 -8.6603     -10
   20.5 -4.3301     -10
 23   0 -10
   25.5 4.33013     -10
     28 8.66025     -10
      28 11.33975       10
    25.5 15.66987       10
23 20 10
   20.5 24.3301      10
     18 28.6603      10
      28 11.33975        5
    25.5 15.66987        5
23 20  5
   20.5 24.3301       5
     18 28.6603       5
      28 11.33975        0
    25.5 15.66987        0
23 20  0
   20.5 24.3301       0
     18 28.6603       0
      28 11.33975       -5
    25.5 15.66987       -5
23 20 -5
   20.5 24.3301      -5
     18 28.6603      -5
      28 11.33975      -10
    25.5 15.66987      -10
 23  20 -10
   20.5 24.3301     -10
     18 28.6603     -10

Point: corresp_imgpoint
     20 -8.6603      10
   22.5 -4.3301      10
25  0 10
   27.5 4.33013      10
     30 8.66025      10
     20 -8.6603       5
   22.5 -4.3301       5
25  0  5
   27.5 4.33013       5
     30 8.66025       5
     20 -8.6603       0
   22.5 -4.3301       0
25  0  0
   27.5 4.33013       0
     30 8.66025       0
     20 -8.6603      -5
   22.5 -4.3301      -5
25  0 -5
   27.5 4.33013      -5
     30 8.66025      -5
     20 -8.6603     -10
   22.5 -4.3301     -10
 25   0 -10
   27.5 4.33013     -10
     30 8.66025     -10
      30 11.33975       10
    27.5 15.66987       10
25 20 10
   22.5 24.3301      10
     20 28.6603      10
      30 11.33975        5
    27.5 15.66987        5
25 20  5
   22.5 24.3301       5
     20 28.6603       5
      30 11.33975        0
    27.5 15.66987        0
25 20  0
   22.5 24.3301       0
     20 28.6603       0
      30 11.33975       -5
    27.5 15.66987       -5
25 20 -5
   22.5 24.3301      -5
     20 28.6603      -5
      30 11.33975      -10
    27.5 15.66987      -10
 25  20 -10
   22.5 24.3301     -10
     20 28.6603     -10

pickup point :
7
49
1
29
27
2
31
21
42
45
21
32
46
17
12
22
39
34
27
14
7
28
28
7
7
0
27
34
19
46
7 49 1 29 27 2 31 21 42 45 21 32 46 17 12 22 39 34 27 14 7 28 28 7 7 0 27 34 19 46 Point: pickup_img
   22.5 -4.3301      10
25  0 10
   27.5 4.33013      10
     30 8.66025      10
     20 -8.6603       5
   22.5 -4.3301       5
25  0  5
   27.5 4.33013       5
     30 8.66025       5
     20 -8.6603       0
   22.5 -4.3301       0
25  0  0
   27.5 4.33013       0
     30 8.66025       0
     20 -8.6603      -5
   22.5 -4.3301      -5
25  0 -5
   27.5 4.33013      -5
     30 8.66025      -5
     20 -8.6603     -10
   22.5 -4.3301     -10
 25   0 -10
   27.5 4.33013     -10
     30 8.66025     -10
      30 11.33975       10
    27.5 15.66987       10
25 20 10
   22.5 24.3301      10
     20 28.6603      10
      30 11.33975        5
    27.5 15.66987        5
25 20  5
   22.5 24.3301       5
     20 28.6603       5
      30 11.33975        0
    27.5 15.66987        0
25 20  0
   22.5 24.3301       0
     20 28.6603       0
      30 11.33975       -5
    27.5 15.66987       -5
25 20 -5
   22.5 24.3301      -5
     20 28.6603      -5
      30 11.33975      -10
    27.5 15.66987      -10
 25  20 -10
   22.5 24.3301     -10
     20 28.6603     -10

Point: pickup_ply
   20.5 -4.3301      10
23  0 10
   25.5 4.33013      10
     28 8.66025      10
     18 -8.6603       5
   20.5 -4.3301       5
23  0  5
   25.5 4.33013       5
     28 8.66025       5
     18 -8.6603       0
   20.5 -4.3301       0
23  0  0
   25.5 4.33013       0
     28 8.66025       0
     18 -8.6603      -5
   20.5 -4.3301      -5
23  0 -5
   25.5 4.33013      -5
     28 8.66025      -5
     18 -8.6603     -10
   20.5 -4.3301     -10
 23   0 -10
   25.5 4.33013     -10
     28 8.66025     -10
      28 11.33975       10
    25.5 15.66987       10
23 20 10
   20.5 24.3301      10
     18 28.6603      10
      28 11.33975        5
    25.5 15.66987        5
23 20  5
   20.5 24.3301       5
     18 28.6603       5
      28 11.33975        0
    25.5 15.66987        0
23 20  0
   20.5 24.3301       0
     18 28.6603       0
      28 11.33975       -5
    25.5 15.66987       -5
23 20 -5
   20.5 24.3301      -5
     18 28.6603      -5
      28 11.33975      -10
    25.5 15.66987      -10
 23  20 -10
   20.5 24.3301     -10
     18 28.6603     -10

Point: conversion_unit_sphere
 0.900000168472847 -0.173204032422412  0.400000074876821
0.928476690885259                 0 0.371390676354104
0.929669666486403 0.146385109561555 0.338061696904147
0.914991451759449 0.264135157336659 0.304997150586483
 0.894426478956224 -0.387300081785229  0.223606619739056
0.959403427682821 -0.18463612365375 0.213200761707294
 0.98058067569092                 0 0.196116135138184
 0.97227180844335  0.15309321185072 0.176776692444246
0.948683331224785 0.273861160641315 0.158113888537464
   0.917662166491333   -0.397361483023245 6.12323399573677e-17
   0.981980724894057   -0.188981099416167 6.12323399573677e-17
                   1                    0 6.12323399573677e-17
   0.987829144693916    0.155542858702308 6.12323399573677e-17
   0.960768957288872    0.277349978745365 6.12323399573677e-17
 0.894426478956224 -0.387300081785229 -0.223606619739056
 0.959403427682821  -0.18463612365375 -0.213200761707294
  0.98058067569092                  0 -0.196116135138184
  0.97227180844335   0.15309321185072 -0.176776692444245
 0.948683331224785  0.273861160641315 -0.158113888537464
 0.834057078850673 -0.361159225998524 -0.417028539425337
 0.900000168472847 -0.173204032422412 -0.400000074876821
 0.928476690885259                  0 -0.371390676354104
 0.929669666486403  0.146385109561555 -0.338061696904147
 0.914991451759449  0.264135157336659 -0.304997150586483
0.893003516883775 0.337547887686093 0.297667838961258
0.828480573835956 0.472079377801267 0.301265663213075
 0.74535599249993 0.596284793999944 0.298142396999972
0.650005719344131 0.702875740098429 0.288891430819614
0.550187528429334 0.788426981052162 0.275093764214667
0.924241465939729 0.349355572113001 0.154040244323288
0.858204639589561 0.489016550391465 0.156037207198102
 0.77151674981046 0.617213399848368 0.154303349962092
0.671356568907413 0.725963220318856 0.149190348646092
 0.56649886774693 0.811801374964367 0.141624716936733
   0.935405933895779    0.353575647963155 6.12323399573677e-17
   0.868846991589895    0.495080705749264 6.12323399573677e-17
    0.78086880944303    0.624695047554424 6.12323399573677e-17
   0.678955098254541    0.734179797157458 6.12323399573677e-17
   0.572267079083777    0.820067308333238 6.12323399573677e-17
 0.924241465939729  0.349355572113001 -0.154040244323288
 0.858204639589561  0.489016550391465 -0.156037207198102
  0.77151674981046  0.617213399848368 -0.154303349962092
 0.671356568907413  0.725963220318856 -0.149190348646092
  0.56649886774693  0.811801374964367 -0.141624716936732
 0.893003516883775  0.337547887686093 -0.297667838961258
 0.828480573835956  0.472079377801267 -0.301265663213075
  0.74535599249993  0.596284793999944 -0.298142396999972
 0.650005719344131  0.702875740098429 -0.288891430819614
 0.550187528429334  0.788426981052162 -0.275093764214667

理論値
0.866025403784439                 0               0.5
                0                 1                 0
             -0.5                 0 0.866025403784439

create xi:
Point: conversion_unit_sphere
 0.900000168472847 -0.173204032422412  0.400000074876821
0.928476690885259                 0 0.371390676354104
0.929669666486403 0.146385109561555 0.338061696904147
0.914991451759449 0.264135157336659 0.304997150586483
 0.894426478956224 -0.387300081785229  0.223606619739056
0.959403427682821 -0.18463612365375 0.213200761707294
 0.98058067569092                 0 0.196116135138184
 0.97227180844335  0.15309321185072 0.176776692444246
0.948683331224785 0.273861160641315 0.158113888537464
   0.917662166491333   -0.397361483023245 6.12323399573677e-17
   0.981980724894057   -0.188981099416167 6.12323399573677e-17
                   1                    0 6.12323399573677e-17
   0.987829144693916    0.155542858702308 6.12323399573677e-17
   0.960768957288872    0.277349978745365 6.12323399573677e-17
 0.894426478956224 -0.387300081785229 -0.223606619739056
 0.959403427682821  -0.18463612365375 -0.213200761707294
  0.98058067569092                  0 -0.196116135138184
  0.97227180844335   0.15309321185072 -0.176776692444245
 0.948683331224785  0.273861160641315 -0.158113888537464
 0.834057078850673 -0.361159225998524 -0.417028539425337
 0.900000168472847 -0.173204032422412 -0.400000074876821
 0.928476690885259                  0 -0.371390676354104
 0.929669666486403  0.146385109561555 -0.338061696904147
 0.914991451759449  0.264135157336659 -0.304997150586483
0.893003516883775 0.337547887686093 0.297667838961258
0.828480573835956 0.472079377801267 0.301265663213075
 0.74535599249993 0.596284793999944 0.298142396999972
0.650005719344131 0.702875740098429 0.288891430819614
0.550187528429334 0.788426981052162 0.275093764214667
0.924241465939729 0.349355572113001 0.154040244323288
0.858204639589561 0.489016550391465 0.156037207198102
 0.77151674981046 0.617213399848368 0.154303349962092
0.671356568907413 0.725963220318856 0.149190348646092
 0.56649886774693 0.811801374964367 0.141624716936733
   0.935405933895779    0.353575647963155 6.12323399573677e-17
   0.868846991589895    0.495080705749264 6.12323399573677e-17
    0.78086880944303    0.624695047554424 6.12323399573677e-17
   0.678955098254541    0.734179797157458 6.12323399573677e-17
   0.572267079083777    0.820067308333238 6.12323399573677e-17
 0.924241465939729  0.349355572113001 -0.154040244323288
 0.858204639589561  0.489016550391465 -0.156037207198102
  0.77151674981046  0.617213399848368 -0.154303349962092
 0.671356568907413  0.725963220318856 -0.149190348646092
  0.56649886774693  0.811801374964367 -0.141624716936732
 0.893003516883775  0.337547887686093 -0.297667838961258
 0.828480573835956  0.472079377801267 -0.301265663213075
  0.74535599249993  0.596284793999944 -0.298142396999972
 0.650005719344131  0.702875740098429 -0.288891430819614
 0.550187528429334  0.788426981052162 -0.275093764214667

vector_xi.transpose() :
               0                0                0                0                0                0 8.54198555614439                0 3.71390676354104
 23.7065764954033  4.02559051294277  9.29669666486403  3.73282029381966 0.633866554465777  1.46385109561555  8.62057327105574  1.46385109561555  3.38061696904147
25.6197606492646 7.92405472009977 9.14991451759449 7.39578440542645  2.2874764963248 2.64135157336659 8.53992021642153 2.64135157336659 3.04997150586483
  3.33873331197745  -1.44572160508592  0.834683327994363  0.566947030438938 -0.245496568385517  0.141736757609735   1.30930718116763 -0.566949649053301  0.327326795291907
  8.27060754484179  -1.59166923244086   1.83791278774262   1.40442375875081 -0.270279791900751  0.312094168611292   3.24337550778109 -0.624184012721907  0.720750112840243
25.1222422084955                0  5.0244484416991 7.77017493164726                0 1.55403498632945 8.97222936017697                0 1.79444587203539
  7.1907126787211   1.1322443887822  1.30740230522202  2.22404890985337 0.350197123855396  0.40437252906425  2.56811167097182 0.404372995993644  0.46692939472215
 8.10167995930866  2.33875246225343  1.35027999321811  2.50580620955724 0.723363607543937 0.417634368259541  2.89345712832452 0.835268736519081 0.482242854720754
     3.06382924440601     -1.32668402026647  2.04438453185992e-16     -1.32668402026647     0.574474081035686 -8.85249168063321e-17     0.765957311101504    -0.331671005066618  5.11096132964979e-17
  0.321428935323531  -0.139183550429119  0.0803572338308826  -0.139183550429119  0.0602685650890648 -0.0347958876072796  0.0803572338308826 -0.0347958876072796  0.0200893084577207
  1.71428529465712 -0.742311246865954   0.42857132366428 -0.742311246865954  0.321431904561661 -0.185577811716488   0.42857132366428 -0.185577811716488   0.10714283091607
      8.16994717712011      -1.57229725651768        1.8155438171378  2.42289792720547e-320 -4.66397969674137e-321  5.38531553966959e-321  9.39679154778117e-313 -1.80840209251158e-313  2.08817589949595e-313
-6.62644497834506e-101  1.27525197336586e-101 -1.47254332852112e-101                      0                     -0                      0                      0                     -0                      0
                0                -0                 0                 0                -0                 0  27.7048667406186 -5.33177082104678  6.15663705347079
               0                0                0 93.3016652534476                0 18.6603330506895 595.562356651748                0  119.11247133035
31.2795424887449                0 6.25590849774898 72.2369593724552                0  14.447391874491 29.0046666713817                0 5.80093333427633
5.68719611041206                0 1.13743922208241 13.1340077790091                0 2.62680155580182 77.3457606041231                0 15.4691521208246
10.5261326330025 1.65743718902339 1.91384229690955 24.3090453011862  3.8276845938191 4.41982641839749 184.224337726467 29.0078302370729 33.4953341320849
17.6234852618564 2.77498117225171 3.20427004761025 20.3498574081076 3.20427374758432 3.69997407420138 16.4485862443993 2.58998242743493 2.99065204443623
 5.87449508728546 0.924993724083905  1.06809001587008  6.78328580270253  1.06809124919477  1.23332469140046  21.9314687769603  3.45331312346106  3.98753977762915
21.3993851074325 6.17746749588807 3.56656418457209 24.7098930255275 7.13312836914416 4.11831550425459  27.049348763124 7.80847075419481   4.508224793854
 -3.62269817531535  -1.04578239575916 -0.603783029219226   2.09155466630218  0.603779543294782  0.348592444383697   1.42065938936393  0.410108849224633  0.236776564893989
-0.710333795774282 -0.205055608495141  -0.11838896596238  0.410109231651491  0.118388282446994 0.0683515386085819   3.78842419651596   1.09362335492924   0.63140403275266
    -1.73703691487523     0.752163039694698 -1.15906309286798e-16      1.00287340789305    -0.434259228718807  6.69181837158052e-17      25.3397292648913     -10.9724828676369  1.69083021337585e-15
     2.11164213622909     -0.91437271961924  1.40902386385026e-16     -2.43832952614153      1.05583325976218 -1.62701076632209e-16     -1.86322655841728     0.806805048193058 -1.24326496404252e-16
   -0.207022782649373    0.0896439702289184 -1.38138956459053e-17     0.239050810199965    -0.103512586578738  1.59510122698151e-17      2.48428718283248     -1.07573361447421  1.65767667978024e-16
 -0.200630802655172  0.0868761470117292 -0.0501577006637929   0.231669941404554  -0.100316559677293  0.0579174853511384    8.07501556601657   -3.49660286531867    2.01875389150414
                -0                  0                 -0 -0.699320573063733  0.302816297945192 -0.174830143265933    -1.081480534442  0.468297293621402   -0.2703701336105
                  0                  -0                   0   0.124877952777848 -0.0540740267220999   0.031219488194462   0.720983532680051  -0.312196684403452   0.180245883170013
                0                -0                 0  3.07619217048845 -1.33203735270406 0.769048042622112  12.3269330032361 -5.33774689439628  3.08173325080903
-0.840477743993898  0.363939470315518 -0.210119435998474 -0.970499435344779   0.42024081299582 -0.242624858836195  -1.65093651936412  0.714880276932455 -0.412734129841031
  0.150084444914131 -0.0649888159144924  0.0375211112285327   0.173302470034538 -0.0750425690620056  0.0433256175086346    1.10061901814608  -0.476584544142525    0.27515475453652
  3.30370601712188 -0.635794552210642  0.734156892693751   3.81478849032463 -0.734151806309097  0.847730775627696   66.1902973134844  -12.7382491732053   14.7089549585521
    2.18768293110522     0.82692591726668 1.43207285844832e-16     1.26305991807697    0.477426123533779 8.26808035823635e-17     2.34394599761273      0.8859920542143 1.53436377690892e-16
   0.628492294240163    0.358123365336186 4.42932463299182e-17    0.362860364446848    0.206762717783081 2.55727296151487e-17      2.5139715212391     1.43249479714614 1.77173150533636e-16
   0.652235303850639    0.521788243080511 5.11454592302973e-17    0.376568403828203    0.301254723062563 2.95288584222727e-17 4.78144244019206e-17 3.82515395215365e-17 3.74939945665464e-33
9.68368665848843e-322 1.04741916918344e-321                     0 4.70600186459251e-310 5.08877759847651e-310                     0 4.70600186459251e-310 5.08877759847651e-310                     0
   0.327489609803078    0.469297523191957 3.50412523328676e-17    0.469297523191957    0.672510390196922 5.02146402117843e-17 3.50412523328676e-17 5.02146402117843e-17 3.74939945665464e-33
  0.854222287362419   0.322888906103933   -0.14237038122707   0.322888906103933   0.122049315766403 -0.0538148176839889   -0.14237038122707 -0.0538148176839889  0.0237283968711783
  0.736515203413049   0.419676272382037  -0.133911855166009   0.419676272382037   0.239137186556768 -0.0763047767967341  -0.133911855166009 -0.0763047767967341  0.0243476100301834
  0.595238095238095   0.476190476190476  -0.119047619047619   0.476190476190476   0.380952380952381 -0.0952380952380953  -0.119047619047619 -0.0952380952380953  0.0238095238095238
 0.450719642615134  0.487380176746243 -0.100159920581141  0.487380176746243  0.527022597255723  -0.10830670594361 -0.100159920581141  -0.10830670594361 0.0222577601291424
  0.320920967158554   0.459884559752715 -0.0802302417896384   0.459884559752715   0.659021472394037  -0.114971139938179 -0.0802302417896384  -0.114971139938179  0.0200575604474096
 0.797455281166791  0.301431450820371 -0.265818427055597  0.301431450820371  0.113938576481343 -0.100477150273457 -0.265818427055597 -0.100477150273457 0.0886061423518657
 0.686380061223555  0.391108593816915 -0.249592749535838  0.391108593816915  0.222858938945231 -0.142221306842514 -0.249592749535838 -0.142221306842514 0.0907609998312139
 0.555555555555556  0.444444444444445 -0.222222222222222  0.444444444444445  0.355555555555556 -0.177777777777778 -0.222222222222222 -0.177777777777778 0.0888888888888889
 0.422507435180082  0.456873251052218 -0.187781082302259  0.456873251052218  0.494034306018914  -0.20305477824543 -0.187781082302259  -0.20305477824543 0.0834582588010038
     0.302706316439179       0.43378269205209      -0.15135315821959       0.43378269205209      0.621617104451026     -0.216891346026045   7.8062372042917e-322  1.12152901605963e-321 -3.90311860214585e-322
                     0                      0                      0  1.02518621512059e-320  6.23811866476437e-310  6.23811866476437e-310 -1.97132192690657e-321 -1.20051900579095e-310 -1.20051900579095e-310
               0                0 3.41679486205448                0                0 7.93103448275862                0                0                0
                0  1.37931034482759  8.80440147866812                 0  3.45270646222279   22.039285064016                 0 0.543660648482356    3.470289797609
 1.36089795984667  3.14285705012706  1.26192356276691  3.68338090762657  8.50639797795117  3.41549865979918   1.0632999835091  2.45558443628505 0.985969075617529
 0.193327492964134  0.446470413045645     2.629250284094  0.566947030438938   1.30930718116763   7.71046899741452 -0.245496568385517 -0.566949649053301  -3.33874873291545
 0.327326795291907  0.755928333079855   5.72874807730573   1.40442375875081   3.24337550778109   24.5796861833179 -0.270279791900751 -0.624184012721907   -4.7303332952171
1.68941450213555 1.95076874470777 1.57678686865984 7.77017493164726 8.97222936017697 7.25216326953744                0                0                0
0.448611049678654 0.518011662109817  1.67481614723303  2.22404890985337  2.56811167097182  8.30312367278209 0.350197123855396 0.404372995993644  1.30740381488087
 0.46692939472215  0.53916387485598 0.590210231844796  2.50580620955724  2.89345712832452  3.16740064047793 0.723363607543937 0.835268736519081 0.914349379889966
-0.228588664722759   0.13197502668658 0.0896421995774686  -1.32668402026647  0.765957311101504  0.520265840238424  0.574474081035686 -0.331671005066618 -0.225282912810841
-1.50323293337491e-17  8.67887332641429e-18   8.0171942425879e-17    -0.241072898182213      0.13918276398174      1.28571441487198    0.0463942113963912   -0.0267855682807704    -0.247434310570541
-3.4715653649542e-17 2.00429856064698e-17 5.06428652839722e-16   -0.566949649053301    0.327326795291907     8.27060754484179                   -0                    0                    0
-9.74616315405014e-17  1.12539700631049e-16   8.5996153040034e-17     -1.57229725651768       1.8155438171378      1.38733072039463     -0.24757278252236     0.285874209051015     0.218448086265542
-1.65498641012734e-17  1.91102562311187e-17  1.98599471701852e-16    -0.259676433840738     0.299850388952608      3.11613450470711    -0.074962094538975    0.0865593110308942     0.899550128146324
-3.82202476629417e-17  4.41332159337449e-17  1.53829367540193e-15    -0.558286708719622     0.644657985634999      22.4699986420301     0.241746519176227    -0.279146577649739     -9.72984646197865
                -0   -1.1234999321015  -1.73746255124679                  0   4.82047305718173   7.45473246311751                 -0 -0.927694683773449  -1.43465497949089
                -0 -0.331321442805223  -1.91288613380227                  0   1.52385667694226   8.79799472845624                  0                  0                  0
               -0 -0.35191978913825 -1.41021477943992                 0  1.74468913315756   6.9913272201367                 0 0.274717482042165  1.10084929948111
-0.200154418087474  -0.23111825521113 -0.393160010118109   1.07414137851047   1.24031077416899   2.10991812860655   0.31007776244151  0.358046712733233  0.609080615775495
-0.0553710290074126 -0.0639369129880773    -0.4060541224958   0.292084390144739   0.337269770358787    2.14195171845308  -0.126476922198524   -0.14604286961191   -0.92749722336596
 -0.168635079902277  -0.194722883495735   -3.37863176032201    0.36393576452015   0.420236533914859    7.29151332829088 -0.0700390335088312 -0.0808740540224326    -1.4032436383481
 -0.93550116001972 -0.540112098391918   -1.0023226714497   2.17147714695281   1.25370349987172   2.32658265744944                  0                  0                  0
-0.268650499455687  -0.15510551049663  -1.07460299989005  0.672489203773773  0.388262003853107   2.68995932348216  0.105889660943161 0.0611354527543438  0.423559038741448
-0.282372366438623 -0.163027837786798  -1.03576331338845  0.764263753836875  0.441248089741564   2.80337756828212   0.22062383913886  0.127377292306146   0.80926501952384
    0.404634845909894 -6.23531456920355e-17     0.404634845909894     -1.18473349589146  1.82564257681369e-16     -1.18473349589146    -0.447819388667841  6.90077680347437e-17    -0.447819388667841
    0.171002458241147 -2.63510206799661e-17     0.228000857532161     0.475940616310328 -7.33411738744903e-17      0.63458075263522     0.271197366738281 -4.17907876458422e-17     0.361592650847129
 -0.0999210853099417 1.53975715463332e-17    0.096835501376116   -0.247212971164878 3.80948565448988e-17    0.239578983106266   -0.197770376931902  3.0475885235919e-17    0.191663186485013
-0.0414965173479039  0.0239578983106266 -0.0414965173479039 -0.0904701038175494  0.0522326615807474 -0.0904701038175494 -0.0978287410173937  0.0564811502011441 -0.0978287410173937
  0.017411072002025 -0.0100522337575055    0.02321451625811   0.033159012868335 -0.0191442634021541  0.0442115478728314  0.0475173628255171 -0.0274340166192378  0.0633558112749854
-0.00957213170107704  0.00552644348410392    0.471589194645077  -0.0321598021708262   0.0185673718986791     1.58441355377282  -0.0121561372222209  0.00701831184960156    0.598895119879844
-0.114345805831156 0.0660172314072007 -0.114345805831156 -0.637054956079874  0.367801898363725 -0.637054956079874 -0.363002485259176   0.20957847029501 -0.363002485259176
 0.0501553366921684 -0.0289570434581761  0.0668730724297682   0.247990098292798  -0.143176390132443   0.330649954695432   0.198392078634239  -0.114541112105954   0.264519963756346
-0.0286352780264885  0.0165324977347716    1.26065021844297  -0.124588882939328  0.0719310433468399    5.48494770498617  -0.134722665813428  0.0777817545659089    5.93108116253706
   -0.234571575875166     0.270861615061045 3.61656052755792e-321     -0.89070461557887       1.0285035167535 1.37251436414698e-320     -1.27639307469375      1.47386096706052   1.966875336094e-320
 -6.6204796542727e-322   7.6086109459552e-322  1.33081794307411e-313 -4.36259965277821e-321  5.03946958758071e-321  8.78981457335258e-313 -1.65017925710976e-321   1.9021527364888e-321    3.322476660272e-313
                    -0                      0 -4.05752731622816e-117 -1.57122471767716e-313  1.81430534818427e-313 -5.75736678437107e-101 -8.95304984252637e-314  1.03381559805215e-313 -3.28062505648773e-101
 7.80866623644425e-118 -9.01672736939591e-118                      0  9.95804490182077e-102 -1.14986315579557e-101                      0  7.96643592145661e-102 -9.19890524636453e-102                      0
-0  0  0 -0  0  0 -0  0  0
-0  0  0 -0  0  0 -0  0  0
-0  0  0 -0  0  0 -0  0  0
                0                -0 -4.26766444166902                -0                 0  23.7764451760094                -0                 0  13.5481383625525
 0.831954628336471 -0.960664451555935                 -0  -4.11355049458825   4.74994860925643                  0   -3.2908403956706   3.79995888740514                  0
               -0                -0 -14.3967595056487                 0                 0  62.6386858579026                 0                 0  67.7335773685047
               -0 -2.78394159368456 -88.8521556293624                 0  10.5710575449962  337.385400715909                 0  15.1484840278428  483.478340006908
               -0 -16.8692700357954   -4.429956350879                 0   106.36785580272  27.9327414489647                 0  40.2061630946298  10.5583434948632
               -0 -1.86218276326431  -21.502619589531                 0  5.18289866208031  59.8469175530563                 0    2.953285391199   34.101578834804
               -0 -4.35250309476773 -8.73811014102797                 0  10.7684501096467  21.6188021139773                 0  8.61476008771735  17.2950416911819
               -0 -1.72950416911818 -1.69559428056717                 0  3.77063984481364  3.69670999879954                 0  4.07733531059112  3.99739217519078
                -0 -0.328596444337736  -3.79430229967387                  0  0.625804874336106   7.22616727830465                  0  0.896787771996755   10.3552061023197
                -0 -0.722616727830465  -21.2773364306347                  0                  0                  0                  0                  0                  0
0 0 0 0 0 0 0 0 0
0 0 0 0 0 0 0 0 0
0 0 0 0 0 0 0 0 0
0 0 0 0 0 0 0 0 0
0 0 0 0 0 0 0 0 0
0 0 0 0 0 0 0 0 0
0 0 0 0 0 0 0 0 0
0 0 0 0 0 0 0 0 0
0 0 0 0 0 0 0 0 0
0 0 0 0 0 0 0 0 0
0 0 0 0 0 0 0 0 0
0 0 0 0 0 0 0 0 0
 0  0 -0  0  0 -0  0  0 -0
-0 -0  0 -0 -0  0 -0 -0  0
                    0                     0                     0                     0                     0                     0 1.57606941023358e-321 9.09080788347894e-322 3.71537365672617e-321
 4.65952150082084e-314  2.69017724705505e-314 -8.07057833649621e-314 -1.93500267108598e-101 -1.11717483391702e-101  3.35154385179582e-101  1.87621144920467e-315  1.08323169044522e-315 -3.24971383594889e-315
-0 -0  0 -0 -0  0 -0 -0  0
0 0 0 0 0 0 0 0 0
 0  0 -0  0  0 -0  0  0 -0
 0 -0  0  0 -0  0  0 -0  0
-0  0  0 -0  0  0 -0  0  0
-0  0  0 -0  0  0 -0  0  0
-0  0 -0 -0  0 -0 -0  0 -0
 0 -0 -0  0 -0 -0  0 -0 -0
 0 -0 -0  0 -0 -0  0 -0 -0
 0 -0  0  0 -0  0  0 -0  0
-0  0  0 -0  0  0 -0  0  0
-0  0 -0 -0  0 -0 -0  0 -0
 0 -0  0  0 -0  0  0 -0  0
-0  0  0 -0  0  0 -0  0  0
-0  0 -0 -0  0 -0 -0  0 -0
 0 -0 -0  0 -0 -0  0 -0 -0
 0 -0 -0  0 -0 -0  0 -0 -0
 0 -0  0  0 -0  0  0 -0  0
-0  0  0 -0  0  0 -0  0  0
-0  0  0 -0  0  0 -0  0  0
                    -0                      0                      0                     -0                      0                      0 -2.47032822920623e-322  1.43279037293961e-322                      0
                    -0                      0  3.49506809870307e-313                      0                     -0 -1.45142931636877e-100                     -0                      0                      0
-0  0  0 -0  0  0 -0  0  0
-45.5949568742876  26.3241209163006 -7.17934874945669                -0                 0                -0 -19.8238942931685   11.445269963609 -3.12145597802465
  8.62775889273137  -4.98121248266883  -23.0072191027467   1.46507127898756 -0.845854808140344  -3.90683331974026   3.38343485989466  -1.95341665987013  -9.02243886382224
  1.56868343504207 -0.905674996848878  -6.16264934329039  0.266376596179557 -0.153791783298244  -1.04647344317106  0.615169974526301 -0.355166665430933   -2.4167252326629
  6.16267780732885  -3.55800480776004   1.29381395422799   1.04647827662152 -0.604181308165724  0.219701279122403   2.41673639503092  -1.39529600304315   0.50737802126588
                    -0                      0                      0 -5.92878775009496e-323  3.45845952088873e-323  1.53160350210786e-322  -4.5045318852049e-311  2.60067889403674e-311  1.20120130067074e-310
-5.20138181209949e-311  3.00300325167697e-311  7.62865639408674e-310                     -0                      0                      0                     -0                      0                      0
-0  0  0 -0  0  0 -0  0  0
0 0 0 0 0 0 0 0 0
0 0 0 0 0 0 0 0 0
0 0 0 0 0 0 0 0 0
0 0 0 0 0 0 0 0 0
                    0                     0                     0 8.08291396596279e-321 3.24601129317699e-321 5.53353523342196e-322 2.20353278045196e-321 8.84377506055831e-322 1.48219693752374e-322
 6.81385157541028e-310  4.01265585959225e-309  6.81385157541028e-310 -6.90683896590763e-101 -4.06741584272631e-100 -6.90683896590763e-101  6.21257174637681e-314  3.65856405089366e-313  6.21257174637681e-314
1.50646754614459e-312 1.14166550992125e-311 3.53111026153376e-312                     0                     0                     0 8.20148972096469e-322 6.20052385530764e-321 1.91697470586404e-321
 1.03958311332397e-312  8.40284634671392e-313  2.59895535980676e-313   -4.317173127385e-100 -3.48952786713402e-100 -1.07929227540527e-100    -0.0843936432854078    -0.0682145379311622    -0.0210983911470838
                    0                     0                     0                     0                     0                     0 1.05730048210027e-321 3.41893426922143e-321 1.05730048210027e-321
 1.41968354654457e-309  1.55409476455769e-309 -6.72946344474947e-310 -1.43905770912833e-100 -1.57530321253357e-100  6.82129920575226e-101                      0                      0                     -0
 0  0 -0  0  0 -0  0  0 -0
 1.21071333627709    11.18408303009 -4.84287571327442                 0                 0                -0  0.52639710272917  4.86264479569131 -2.10559813620627
 2.32210853545386e-322  5.92384709363655e-321 -1.14129164189328e-321  3.71897910374109e-314  9.39679154817642e-313 -1.80840209256099e-313  -1.5444149142486e-101 -3.90229270132303e-100  7.50991894488838e-101
 7.80008642395374e-314  5.96036262831678e-314 -1.14706516506758e-314  8.19009072227619e-313  6.25838074221799e-313 -1.20441842008483e-313  1.75501944027107e-312  1.34108158745086e-312 -2.58089661416399e-313
 2.11924003928323e-313  2.20237733666525e-312 -4.23845071357718e-313  1.12584627140497e-313  1.17001296066325e-312 -2.25167694263777e-313  1.45697752698561e-313  1.51413441891722e-312  -2.9139348655102e-313
5.20005760104838e-313 1.81251593616942e-311                     0 2.14120018907095e-313 7.46330091499746e-312                     0 4.28240037646208e-313   1.492660182416e-311                     0
 7.4633009185745e-313  1.1541794960766e-312                     0 1.72922976044436e-322 2.66795448754273e-322                     0 3.62503187204141e-312 5.60601469104305e-312                     0
1.51692162214634e-312 8.75795515226101e-312                     0                     0                     0                     0                     0                     0                     0
 7.16395186469807e-322  2.87546205879605e-321  4.54540394173947e-322  2.03879022341445e-313  8.16985061356663e-313  1.28641873588566e-313 -8.46667308465174e-101 -3.39276956999186e-100 -5.34223029022141e-101
                    0                     0                     0                     0                     0                     0 6.08431056607293e-310 1.03501456496101e-309 1.62972640660896e-310
                     0                      0                      0  -3.9050226792653e-295 -2.48002364088325e-294 -3.90502718839919e-295  5.91878730312895e-315  3.75893653834396e-314  5.91879413605683e-315
                    0                     0                     0  7.4109846876187e-323 1.31915527439613e-321  3.8043054729776e-322 2.17343662985426e-310 3.77112432542306e-309  1.0886293146415e-309
-6.37098028616269e-101 -1.18230604335515e-100 -3.41302197065548e-101      0.540112098391918        1.0023226714497      0.289345497180742  2.22329540628561e-322  4.10074486048235e-322  1.18575755001899e-322
 1.94398091900071e-310  1.34683011622115e-309  3.88796183800142e-310 -1.97051007225859e-101 -1.36521006132057e-100 -3.94102014451717e-101       4.17695226540132       28.9387876705729       8.35390453080264
 7.90505033345994e-323  4.99006302299659e-322 -2.17388884170148e-322  2.24471686038991e-310  1.42613396859065e-309 -6.17537400409279e-310 -2.27535010220096e-101 -1.44559615889432e-100  6.25964820743623e-101
  2.04438453300678e-15      -13.2668402101072       5.74474081357957                      0 -4.24896455423472e-322  1.82804288961261e-322                      0 -6.17537400561767e-310  2.67402957504254e-310
 4.17684111917544e-117 -3.61399039723579e-101  1.56491205185906e-101  -3.54099733509972e-17       0.30638298179305     -0.132668426861118  -8.21933218172361e-17      0.711173509570895     -0.307948797246841
                  0                   0                  -0 1.8981633850383e-17   0.119375709689585 -0.0516914729312359                   0                   0                  -0
 4.44659081257122e-323 -7.90505033345994e-323  3.45845952088873e-323   9.1299239104531e-315 -1.58135760086639e-314  6.84751561483698e-315 -3.79146810408545e-102  6.56705024436225e-102 -2.84363126156252e-102
-0.347958876072796  0.803572338308826 -0.347958876072796 -0.869897190181991   2.00893084577207 -0.869897190181991                 -0                  0                 -0
 0.200893084577207   17.1428529465712  -7.42311246865954  0.552455982587318   47.1428456030708  -20.4135592888137 0.0869893172320299   7.42307818295364  -3.21430419939167
  4.2857132366428 -7.42311246865954  3.21431904561661  12.8571397099284 -22.2693374059786  9.64295713684983  3.71153480576358 -6.42860097567087  2.78368065148012
     -1.85577811716488        4.2857132366428      -1.85577811716488                     -0                      0                     -0 -3.65608577922522e-322  8.49792910846944e-322 -3.65608577922522e-322
 1.21732151186037e-314  9.28242455792927e-313 -1.78639229238729e-313  -5.0552838448202e-102 -3.85479846149324e-100  7.41851680804972e-101        1.0714283091607       81.6994717712011      -15.7229725651768
      45.3885954284451  6.05724481801368e-319 -1.16599492418534e-319                      0                      0                     -0        18.155438171378  2.42289792720547e-319 -4.66397969674137e-320
 1.48096177340914e-319  2.58411767564007e-311 -4.97310575440932e-312  2.33198984837068e-320  4.06893289847704e-312 -7.83061615284277e-313  5.38531553966959e-320  9.39679154778117e-312 -1.80840209251158e-312
 6.26452769848784e-312  -1.98793349350352e-99  3.82575592009759e-100  1.80841253335878e-312 -5.73866701237128e-100  1.10440009023417e-100  2.08817589949595e-312 -6.62644497834506e-100  1.27525197336586e-100
-2.94508665704225e-100                      0                     -0  1.27526669879915e-100                     -0                      0 -7.36271664260562e-101                      0                     -0
 0  0 -0 -0 -0  0  0  0 -0
 0  0 -0  0  0 -0  0  0 -0
 0  0 -0  0  0 -0  0  0 -0
                0  831.146002218557 -159.953124631403                 0  239.931072190442 -46.1744682529703                 0  138.524333703093 -26.6588541052339
 123.132741069416                 0                 0 -53.3183238741731                -0                -0                 0                 0                 0
                0  2099.28746820257                 0                -0 -404.005540713953                -0                 0                 0                 0
466.508326267238 14889.0589162937                0                0                0                0                0                0                0
3275.59296158461 860.187418440486                0 515.772485481687 135.444485316789                0                0                0                0
 187.67725493247 2167.10878117366                0 54.1777315676306 625.590127405305                0                0                0                0
 288.947837489821  580.093333427633                 0 -125.118747850655 -251.189114774167                -0 -72.2369593724552 -145.023333356908                -0
 130.521000021217  127.961912484271                 0 -25.1186214307499 -24.6261278776953                -0 -29.0046666713817 -28.4359805520603                -0
                    0                     0                     0 4.41200621736233e-321 5.09381680862325e-320                     0 1.29232093420845e-313 1.49224265113006e-312                     0
-1.23939486711862e-100  -3.64937878441579e-99                     -0       26.2680155580182       773.457606041231                      0       65.6700388950454       1933.64401510308                      0
               0                0                0 154.691521208246 105.261326330025 16.5743718902339 425.401683322677  289.46864740757 45.5795226981433
8.28718594511696 105.261326330025 16.5743718902339 19.1384229690955 243.090453011862  38.276845938191 57.4152689072866 729.271359035586 114.830537814573
38.2768017399269 1595.42882079563 251.215061810611 44.1982641839749 1842.24337726467 290.078302370729 88.3965283679498 3684.48675452934 580.156604741459
-290.079642184095 -152.624669413255 -24.0321694460515  167.476670660424  88.1174263092819  13.8749058612586   753.64501797191  396.528418391768  62.4370763756636
-13.8748097331571 -88.1169175628467 -13.8748257544149  16.0213502380513  101.749287040538  16.0213687379216  80.1067511902562   508.74643520269  80.1068436896081
               0                0                0 18.4998703710069 82.2429312219964 12.9499121371747 101.749287040538  452.33612172098 71.2245167544606
12.9499121371747 25.4373274123074 4.00534307446744 14.9532602221812 29.3724754364273 4.62496862041952  89.719561333087 176.234852618564 27.7498117225171
9.24992655993889 58.7449508728546 9.24993724083905 5.34045007935042 33.9164290135126 5.34045624597387 21.3618003174017 135.665716054051 21.3618249838955
-10.6809618249354  -189.93309904911 -29.9067276431099                 0                 0                 0  27.7498055565104  493.458047481608   77.699545277874
 -17.266445991112 -92.6614774536934 -26.7490520039449                 0                 0                 0  99.6884944407289  534.984627685812  154.436687397202
               0                0                0                0                0                0 98.0805150757324 679.522058202007 196.161030151464
17.8328415144379 117.127196559666 33.8116934668615                0                0                0 123.549465127638 811.480462893719 234.254122625844
 39.0423537709741 -31.3734718727748 -9.05673699287326                 0                -0                -0  90.1644958770799 -72.4539635063071 -20.9156479151832
 5.22894216794726 -18.1134908765768  -5.2289119787958  3.01891514609613 -10.4577733315109 -3.01889771647391 -13.5851181574326  47.0599799917991  13.5850397241326
-1.50944014342585 -6.15159722188476 -1.77581232802758 -1.74296222191848 -7.10329694681965 -2.05054424612316  8.71481110959242  35.5164847340983  10.2527212306158
                0                -0                -0 -1.18388282446994  3.55166897887141   1.0252780424757  6.51135553458469 -19.5341793837928 -5.63902923361637
-0.512639613182682   1.77582628725107  0.512636653472203  0.591944829811902  -2.05054615825746 -0.591941412234971  -3.55166897887141   12.3032769495447   3.55164847340983
0.591941412234972  32.8087006478773  9.47105165952599 -0.34175769304291 -18.9421209825798 -5.46811677464622  1.36703077217164  75.7684839303192  21.8724670985849
-5.46814834484786   15.043260793894 -6.51395757266799  -6.3140403275266  17.3703691487523 -7.52163039694698  14.2065907369349 -39.0833305846927  16.9236683931307
 5.01885909842762e-16     -4.34254214351768      1.88038588627531  1.15906309286798e-15     -10.0287340789305      4.34259228718807 -2.89765773216994e-15      25.0718351973262     -10.8564807179702
                    0                     0                    -0 -6.69181837158052e-16     -253.397292648913      109.724828676369  1.84025005218464e-15      696.842554784511     -301.743278860015
 7.32151463184515e-15      9.14368496334968     -3.95935274440486 -1.69083021337585e-14     -21.1164213622909       9.1437271961924  5.07249064012754e-14      63.3492640868728     -27.4311815885772
 1.22024989169092e-15     -21.1165432787672      9.14377998785539 -1.40902386385026e-15      24.3832952614153     -10.5583325976218  4.22707159155078e-15      -73.149885784246      31.6749977928653
 -1.8449895337401e-15     -21.1285233658123      9.14896754524723 -1.62701076632209e-15     -18.6322655841728      8.06805048193058 -4.47427960738576e-15     -51.2387303564752      22.1871388253091
 -1.9481800362101e-15     -3.24402009115394      1.40470935977102 -1.24326496404252e-15     -2.07022782649373     0.896439702289184  -3.1081624101063e-15     -5.17556956623433      2.24109925572296
-2.76277912918106e-16      4.78101620399929     -2.07025173157475 -1.38138956459053e-16      2.39050810199965     -1.03512586578738 -3.10812652032869e-16       5.3786432294992      -2.3290331980216
3.88089723625829e-16     60.4429555870325    -26.1727064135189 1.59510122698151e-16     24.8428718283248    -10.7573361447421 3.19020245396303e-16     49.6857436566496    -21.5146722894841
4.75095109455056e-15    -5.75013899333802     2.48989643620026 1.65767667978024e-15    -2.00630802655172    0.868761470117292 4.97303003934072e-15    -6.01892407965515     2.60628441035187
-0.568775786102246   2.62707921804229  -1.13756470760058 -0.250788503318965   1.15834970702277 -0.501582798386464  -1.37933676825431   6.37092338862523  -2.75870539112555
0.907559466179244  126.534444167456  -54.791312341171 0.289587426755692  40.3750778300829 -17.4830143265933  1.44793713377846  201.875389150414 -87.4150716329666
40.3750778300829               -0                0 10.0937694575207               -0                0                0               -0                0
                    -0 -5.36555291383594e-321  2.32210853545386e-321                     -0      -12.5877703151472       5.45069336301346                      0       6.05632595890385      -2.62247998509475
-1.74830143265933   -10.81480534442  4.68297293621402 -3.58401793695163  -22.170350956061  9.60009451923874 0.757032003355818   4.6829188621873 -2.02777411111003
  -2.703701336105                 0                -0 -6.21851307304149                 0                -0                -0                 0                -0
                 0   1.24877952777848 -0.540740267220999                  0   3.18438779583513  -1.37888768141355                  0  0.540737769661944 -0.234147565330167
 0.31219488194462  7.20983532680051 -3.12196684403452 0.874145669444937  20.1875389150414 -8.74150716329666  0.27036857263609  6.24389763889241   -2.703701336105
 1.80245883170013                 0                -0  3.24442589706023                 0                -0 -1.56098342201726                -0                 0
                0  15.3809608524422 -6.66018676352028                 0  63.0619394950132 -27.3067657304331                -0  -13.320219717432  5.76785494094383
 3.84524021311056  61.6346650161805 -26.6887344719814  17.6881049803086   283.51945907443 -122.768178571115                 0                 0                -0
 15.4086662540451 -4.20238871996949  1.81969735157759  78.5841978956302 -21.4321824718444   9.2804564930457  13.3443056013257  -3.6393778936003  1.57590521859733
-1.05059717999237  -4.8524971767239   2.1012040649791 -5.88334420795728 -27.1739841896538  11.7667427638829 -1.81968684560579 -8.40476773494462  3.63939050074705
-1.21312429418097 -8.25468259682061  3.57440138466228 -4.36724745905151 -29.7168573485542  12.8678449847842   2.1012040649791  14.2976055386491 -6.19107766231814
                -0                  0                 -0  -8.46104966174113   3.07673112073968  -1.33227072624709   1.78718005562465 -0.649880654922678  0.281408071791344
                0                 0                -0 0.862985558256253  3.98595681079438 -1.72597908842613                 0                 0                -0
                0                 0                -0  1.10480324647018  28.0657849627251 -12.1529058756344 0.187605556142664  4.76582342904489 -2.06367303212787
                0                 0                -0  7.70433312702257  92.5037684794126  -17.802247461898   2.3829089629749  28.6109200347797 -5.50613977078221
                0                 0                -0  13.2148240684875  68.6661928258434 -13.2147325135637 -6.35801893779569 -33.0372127627584  6.35797488817867
-4.23865387813848 -330.951486567422  63.6912458660264  17.3784809003678  1356.90109492643 -261.134108050708 -3.67075903154549 -286.610606397119  55.1578927448961
-73.5447747927604 -10.9384146555261  -4.1346295863334  338.305964046698    50.31670741542  19.0192960971337                 0                 0                 0
-7.16036429224162e-16     -6.31529959038487     -2.38713061766889  3.65178578904323e-15      32.2080279109628      12.1743661501114  6.20106164655284e-16      5.46921364306264      2.06731718029732
-4.13404017911817e-16     -11.7197299880637      -4.4299602710715  2.31506250030618e-15      65.6304879331566      24.8077775180004  7.16036429224163e-16      20.2991583258257       7.6729126875094
 -7.6718188845446e-16     -3.14246147120082     -1.79061682668093  2.76185479843605e-15      11.3128612963229      6.44622057605134 -1.32880506171643e-15     -5.44293181580808     -3.10145578082097
-4.42932463299182e-16     -3.62860364446848     -2.06762717783081  9.08011549763324e-16      7.43863747116039      4.23863571455317 -1.91794185933179e-16      -1.5712216640913     -0.89530324427252
-2.55727296151487e-16      -25.139715212391     -14.3249479714614   5.8817278114842e-16      57.8213449884992      32.9473803343612                     0                     0                     0
-1.77173150533636e-15     -6.52235303850639     -5.21788243080511  4.51791533860771e-15      16.6320002481913       13.305600198553  7.67182774320212e-16      2.82426365626277      2.25941092501021
-5.11454592302973e-16     -3.76568403828203     -3.01254723062563  1.43207285844832e-15      10.5439153071897      8.43513224575175  4.42932463299182e-16       3.2611765192532      2.60894121540256
-2.95288584222727e-16 -4.78144244019206e-16 -3.82515395215365e-16  8.26808035823634e-16  1.33880388325378e-15  1.07104310660302e-15  3.34849872293966e-16  5.42203619111679e-16  4.33762895289343e-16
 3.74939945665464e-32 9.68368665848843e-321 1.04741916918344e-320  9.56096861446934e-32 2.46934009791455e-320 2.67091888141778e-320  5.87526020638489e-32 1.51727559837847e-320 1.64128607548462e-320
                    0 4.70600186459251e-309 5.08877759847651e-309                     0 1.08238042885628e-308  1.1704188476496e-308                     0 9.41200372918503e-309  1.0177555196953e-308
                    0 4.70600186459251e-309 5.08877759847651e-309                     0 9.64730382241465e-309 1.04319940768768e-308                     0 1.14497495965722e-308 1.23810467848693e-308
               0 3.27489609803078 4.69297523191957                0  5.8948129764554 8.44735541745523                0 9.38595046383914 13.4502078039384
3.50412523328676e-16     4.69297523191957     6.72510390196923 9.81155065320293e-16     13.1403306493748     18.8302909255138 3.97359041141636e-16       5.321716588616     7.62609969723555
2.51073201058921e-16 1.75206261664338e-16 2.51073201058921e-16  1.2804733254005e-15 8.93551934488124e-16  1.2804733254005e-15 7.86856884215432e-16 5.49091868693232e-16 7.86856884215432e-16
1.87469972832732e-32      4.2711114368121     1.61444453051967 8.62361875030568e-32     19.6471126093356     7.42644484039046 7.49879891330929e-32     17.0844457472484     6.45777812207866
-0.711851906135349   1.61444453051967  0.610246578832013  -2.91859281515493   6.61922257513063   2.50201097321125  -3.46388561229273    7.8559193743993   2.96947205752815
-0.269074088419944 -0.711851906135349 -0.269074088419944   -0.9686667183118  -2.56266686208726   -0.9686667183118  -1.54234881926843  -4.08037783708219  -1.54234881926843
0.118641984355892  3.68257601706524  2.09838136191019 0.664395112392993  20.6224256955654   11.750935626697 0.269074088419944  8.35189827790312  4.75902400974421
               -0                 0                 0 -3.41475230673323   10.701744945742  6.09799825719758 -2.09838136191019  6.57627263031112   3.7472486255103
               -0                -0                -0 -1.75500986632488  -3.0799726688182 -1.75500986632488 -1.52609553593468 -2.67823710332018 -1.52609553593468
                0                 0                 0 0.499126005618761   12.202380952381  9.76190476190476 0.592379786795366  14.4822023809524  11.5857619047619
               -0                 0                 0 -2.14285714285714  8.57142857142857  6.85714285714286 -3.41194047619048  13.6477619047619  10.9182095238095
               -0                -0                -0 -2.66666666666667 -3.33333333333333 -2.66666666666667 -1.07997619047619 -1.34997023809524 -1.07997619047619
-0.119047619047619  -2.25359821307567  -2.43690088373122  0.607142857142858   11.4933508866859   12.4281945070292  0.373092142857143   7.06271820622561   7.63718401019066
0.500799602905705 -2.43690088373122 -2.63511298627862 -2.30367817336624  11.2097440651636  12.1215197368816 -2.00319841162282  9.74760353492487  10.5404519451145
0.541533529718048 0.500799602905705 0.541533529718048   -2.220287471844 -2.05327837191339   -2.220287471844 -2.63511298627862 -2.43690088373122 -2.63511298627862
-0.111288800645712  -1.60460483579277  -2.29942279876357  0.400639682324564   5.77657740885397   8.27792207554887  0.637914082629261    9.1976911950543   13.1804294478807
 0.401151208948192  -2.29942279876357  -3.29510736197018  -2.24644677010988    12.876767673076    18.452601227033 -0.909790884334052   5.21497593645585   7.47313874158028
 1.14971139938179 0.802302417896384  1.14971139938179 -2.93176406842356 -2.04587116563578 -2.93176406842356 -1.80158281658307  -1.2571974589122 -1.80158281658307
-0.200575604474096  -7.97455281166791  -3.01431450820371  0.461323890290421   18.3414714668362   6.93292336886852  0.401151208948192   15.9491056233358   6.02862901640741
 2.65818427055597 -3.01431450820371 -1.13938576481343 -5.44927775463974   6.1793447418176  2.33574081786754 -6.46738891210538   7.3338573416047  2.77213695964873
 1.00477150273457  2.65818427055597  1.00477150273457 -1.80858870492222 -4.78473168700075 -1.80858870492222 -2.87970526998236 -7.61843586494153 -2.87970526998236
-0.886061423518657  -6.86380061223555  -3.91108593816915                  0                  0                  0                  0                  0                  0
-0  0  0 -0  0  0 -0  0  0
-0 -0 -0 -0 -0 -0 -0 -0 -0
0 0 0 0 0 0 0 0 0
-0  0  0 -0  0  0 -0  0  0
-0 -0 -0 -0 -0 -0 -0 -0 -0
0 0 0 0 0 0 0 0 0
-0  0  0 -0  0  0 -0  0  0
-0 -0 -0 -0 -0 -0 -0 -0 -0
0 0 0 0 0 0 0 0 0
-0  0  0 -0  0  0 -0  0  0
-0  0  0 -0  0  0 -0  0  0
-0  0  0 -0  0  0 -0  0  0
0 0 0 0 0 0 0 0 0
 0 -0 -0  0 -0 -0  0 -0 -0
-0  0  0  0 -0 -0 -0  0  0
2.62151231683365e-320                     0                     0      68.3358972410896                     0                     0     -29.5904685438504                    -0                    -0
 79.3103448275862                 0                 0  178.448275862069                 0                 0 -34.3421724137931                -0                -0
               0                0 13.7931034482759                0                0 34.4827586206897                0                0                0
88.0440147866812                0 34.5270646222279 242.121040663373                0 94.9494277111268 38.1242029748252                0 14.9506678332648
 220.39285064016                0 5.43660648482356 661.178551920479                0 16.3098194544707 190.865718475644                0 4.70823713101932
   34.70289797609  13.6089795984667  31.4285705012706    69.40579595218  27.2179591969333  62.8571410025411 -30.0537507342332 -11.7857846016601 -27.2180849112153
 6.30961781383455  18.4169045381329  42.5319898897559  28.3932801622555  82.8760704215978  191.393954503901 -5.46425521913699 -15.9494076681138 -36.8335538843264
17.0774932989959  5.3164999175455 12.2779221814253 85.3874664949796 26.5824995877275 61.3896109071264                0                0                0
 4.92984537808765 0.966637464820669  2.23235206522822   27.114149579482  5.31650605651368  12.2779363587552  4.26937427340373 0.837133177108785  1.93327492964134
  13.14625142047 2.83473515219469 6.54653590583814   78.87750852282 17.0084109131681 39.2792154350289  22.769964772825 4.90990302035882  11.338927515707
 38.5523449870726 -1.22748284192758  -2.8347482452665   154.20937994829 -4.90993136771034  -11.338992981066  -66.774974658309  2.12607393118909   4.9099540456963
               -0                 0                 0 -75.1218464905976  7.36485289406791  17.0083874942967  14.4571158883972 -1.41735775629349 -3.27324527506908
               0                0                0 143.218701932643 35.1105939687704 81.0843876945274                0                0                0
                0                -0                -0  675.941370041242 -7.43269427727066 -17.1650603498524   106.43323653297  -1.1703466353032 -2.70279791900751
               -0                 0                 0 -141.909998856513  50.6824350640664  58.5230623412331 -40.9658689199039  14.6307519421194  16.8941450213555
                0                 0                 0  31.5357373731969  155.403498632945  179.444587203539 -13.6554473186548 -67.2920459605447 -77.7021979279406
-36.2608163476872                -0                -0  163.173673564592                 0                 0 -31.4025921734241                -0                -0
               -0 -2.24305524839327 -2.59005831054909                 0  11.2152762419664  12.9502915527454                 0                 0                 0
-8.37408073616517 -11.1202445492669 -12.8405583548591  46.0574440489084  61.1613450209678  70.6230709517251  7.25217164361818  9.63042090602339  11.1202573898252
-41.5156183639104 -1.75098561927698 -2.02186497996822  249.093710183463  10.5059137156619  12.1311898798093  71.9071267872111  3.03279464186869  3.50197123855396
-6.53701907440434 -2.33464697361075  -2.6958193742799  26.1480762976174    9.338587894443  10.7832774971196 -11.3225092580128 -4.04374863711223 -4.66932090541524
-5.90210231844796 -25.0580620955724 -28.9345712832452  13.2797302165079   56.380639715038  65.1027853873017 -2.55566932491115 -10.8503914680038  -12.528958711358
-31.6740064047793 -7.23363607543937 -8.35268736519081  79.1850160119482  18.0840901885984   20.881718412977                 0                 0                 0
 -9.14349379889966   2.28588664722759   -1.3197502668658   25.1446079469741  -6.28618827987586   3.62931323388096   3.95925168034294 -0.989818634775958  0.571469022306363
-0.896421995774686   13.2668402026647  -7.65957311101504   2.68926598732406  -39.8005206079941   22.9787193330451  0.776323858890773  -11.4894152865127    6.6333818034668
-5.20265840238424 -5.74474081035686  3.31671005066618  15.6079752071527  17.2342224310706 -9.95013015199853  5.89968456184367  6.51439246042442 -3.76106627970418
    -2.25282912810841 -1.50323293337491e-16  8.67887332641429e-17     -6.19528010229813 -4.13389056678101e-16  2.38669016476393e-16     -3.53015395696722 -2.35554646457035e-16  1.35996816771379e-16
 8.0171942425879e-16    -2.41072898182213      1.3918276398174 2.00429856064698e-15    -6.02682245455533     3.47956909954351 1.60343884851758e-15    -4.82145796364426     2.78365527963481
  12.8571441487198  0.463942113963912 -0.267855682807704   28.9285743346196    1.0438697564188 -0.602675286317334   31.2815602852768   1.12877580269534 -0.651695554827972
    -2.47434310570541  -3.4715653649542e-16  2.00429856064698e-16     -4.94868621141082  -6.9431307299084e-16  4.00859712129395e-16     -7.09154157124487 -9.94961048291969e-16  5.74437980377105e-16
5.06428652839722e-15    -5.66949649053301     3.27326795291907 1.51928595851917e-14     -17.008489471599     9.81980385875721 5.74277431603924e-15    -6.42906728285217      3.7118040269114
41.3530377242089               -0                0 227.441707483149               -0                0  129.59934504869               -0                0
                    0 -4.87308157702507e-16  5.62698503155247e-16                     0 -2.43654078851254e-15  2.81349251577623e-15                     0 -1.94923263081003e-15  2.25079401262099e-15
 4.2998076520017e-16     -7.8614862825884     9.07771908568902 1.93491344340076e-15    -35.3766882716478     40.8497358856006 2.09229500307933e-15    -38.2541494808008     44.1723626253445
6.93665360197316 -1.2378639126118 1.42937104525508 27.7466144078926 -4.9514556504472  5.7174841810203 39.7613146457263 -7.0955102189256 8.19324059366481
     1.09224043132771 -8.27493205063669e-17  9.55512811555933e-17      6.55344258796626 -4.96495923038202e-16   5.7330768693356e-16      2.47714668622968 -1.87671321442415e-16  2.16705528096828e-16
                   0                   -0                    0 5.46148547180093e-15    -7.14110193062029     8.24588569619673  3.1120279036367e-15    -4.06909596034796     4.69861661433681
                0                -0                 0  77.9033626176777 -1.87405236347438  2.16398277577236  62.3226900941421  -1.4992418907795  1.73118622061788
                    0                    -0                     0      20.2398778832923 -8.59955572416189e-16  9.92997358509259e-16      21.8861445728129 -9.29902447664139e-16  1.07376555698961e-15
                   0                   -0                    0 3.07658735080386e-14    -11.1657341743924        12.8931597127 4.40879582251219e-14     -16.000664557917     18.4760912656948
                0                 0                -0  674.099959260902  7.25239557528682 -8.37439732949218   254.80416710096  2.74134509082862 -3.16545240390363
 48.6492323098932                 0  5.61749966050752 -267.570777704413                -0 -30.8962481327913 -152.465429179165                -0 -17.6050978810394
 8.68731275623397                -0 -24.1023652859086 -43.4365637811698                 0  120.511826429543 -34.7492510249359                 0  96.4094611436346
-37.2736623155876                 0  4.63847341886725  167.731480420144                -0 -20.8731303849026  181.374386300895                -0 -22.5709044256764
      7.17327489745447  -2.0039302595321e-319 -2.28060702120319e-319      -28.6930995898179  8.01572103812838e-319  9.12242808481278e-319      -41.1176421087029  1.14866310132923e-318  1.30725817364427e-318
-0 -0 -0  0  0  0  0  0  0
-0 -0 -0  0  0  0  0  0  0
-85.4198555614439                -0 -37.1390676354104   213.54963890361                 0  92.8476690885259  170.839711122888                 0  74.2781352708208
-237.065764954033 -40.2559051294277 -92.9669666486403  533.397971146574  90.5757865412123  209.175674959441  576.783376790811  97.9430197389489  226.189559525808
-37.3282029381966 -6.33866554465777 -14.6385109561555  74.6564058763932  12.6773310893155   29.277021912311   106.98374946696  18.1668056109555  41.9544115556704
-86.2057327105574 -14.6385109561555 -33.8061696904147                 0                 0                 0                 0                 0                 0
0 0 0 0 0 0 0 0 0
0 0 0 0 0 0 0 0 0
0 0 0 0 0 0 0 0 0
 0 -0  0  0 -0  0  0 -0  0
 0 -0  0  0 -0  0  0 -0  0
 0 -0  0  0 -0  0  0 -0  0
 0 -0  0  0 -0  0  0 -0  0
 0 -0  0  0 -0  0  0 -0  0
 0 -0  0  0 -0  0  0 -0  0
0 0 0 0 0 0 0 0 0
0 0 0 0 0 0 0 0 0
0 0 0 0 0 0 0 0 0
0 0 0 0 0 0 0 0 0
                    0                     0                     0                     0                     0                     0 3.93300957371924e-319 6.19311287062003e-320  7.1511061579062e-320
1.78002026100419e-309 2.80280695737531e-310 3.23640047455307e-310 1.78002026100419e-309 2.80280695737531e-310 3.23640047455307e-310                     0                     0                     0
                0                 0                 0                 0                 0                 0  3.00888839969213 0.868590858781126 0.501481399948689
  2.32957202311864  0.672489203773773  0.388262003853107  0.366812716526062  0.105889660943161 0.0611354527543438  0.847117099315869  0.244541528645008  0.141186183219312
 2.64748853844938 0.764263753836875 0.441248089741564 0.764263753836875  0.22062383913886 0.127377292306146 0.882496179483127 0.254754584612292 0.147082696580521
     2.74037000319718     -1.18662131693443  1.82855165846403e-16     -1.18662131693443     0.513824829552361 -7.91790296389803e-17     0.685092500799295    -0.296655329233607  4.57137914616008e-17
    -1.27282519649568     0.551152402460576 -8.49311086193316e-17     0.244953794815375     -0.10606866746198  1.63448974858919e-17    -0.282850043665706     0.122478311657906 -1.88735796931848e-17
   0.751082937670313    -0.32523017825531 5.01170991405815e-17                    0                   -0                    0    0.150216587534063  -0.0650460356510621 1.00234198281163e-17
   0.31251629223303  -0.135324242281285  0.0781290730582574  0.0492085880904367 -0.0213080567719804  0.0123021470226092  0.0568211440423691 -0.0246044076875064  0.0142052860105923
  -0.132041114272789   0.0571757830968317  -0.0330102785681973  -0.0381169686626974   0.0165052191854779 -0.00952924216567434  -0.0220068523787982  0.00952929718280529 -0.00550171309469955
  0.0737407932904984  -0.0319308696066852   0.0184351983226246  -0.0319308696066852   0.0138265455027388 -0.00798271740167129 4.92046145996629e-18 -2.1306336190873e-18 1.23011536499157e-18
     1.68339511632262     -0.72893533629444     0.420848779080655     -0.32396751969727     0.140282795541714   -0.0809918799243176  1.04969699946361e-16 -4.54534546222735e-17  2.62424249865903e-17
   -0.742311246865954     0.321431904561661    -0.185577811716488                    -0                     0                    -0 -4.54534546222735e-17  1.96820276532638e-17 -1.13633636555684e-17
    0.423355244095626    -0.183319171022067     0.105838811023906    0.0666612088405742   -0.0288653033461013    0.0166653022101436  2.62424249865903e-17 -1.13633636555684e-17  6.56060624664757e-18
     7.84943163046685     -1.51061439569264      1.74431814010374      2.26593467592502    -0.436076610676574     0.503541039094448  5.00264982983155e-16 -9.62754401251271e-17  1.11169996218479e-16
 2.16697192265971e-320 -4.16991405090012e-321  4.81714004695215e-321 -9.38230661452527e-321  1.80828026377896e-321 -2.08495702545006e-321 -5.41990013487847e-321  1.04247851272503e-321 -1.20552017585264e-321
 9.01531402014333e-313 -1.73498716615976e-313  2.00340311559839e-313 -1.73498716615976e-313  3.33896352366147e-314 -3.85552703613015e-314 -2.00340311559839e-313  3.85552703613015e-314 -4.45200692371666e-314
 -6.4977638942943e-101  1.25048744171928e-101  -1.4439475320654e-101                     -0                      0                     -0  1.29955277885886e-101 -2.50097488343856e-102   2.8878950641308e-102
 0 -0  0  0 -0  0 -0  0 -0
 0 -0  0  0 -0  0 -0  0 -0
 0 -0  0 -0  0 -0 -0  0 -0
 0 -0  0 -0  0 -0 -0  0 -0
 25.7233229927466 -4.95042492848409  5.71629399838813                 0                -0                 0 -10.2893291970986  1.98016997139364 -2.28651759935525
 0  0  0  0  0  0 -0 -0 -0
 85.3702261418262                 0  17.0740452283652  24.6442500314917                 0  4.92885000629833 -28.4567420472754                -0 -5.69134840945508
  531.8392790136                0  106.36785580272 201.030815473149                0 40.2061630946298   177.2797596712                0   35.45595193424
25.9144933104016                0 5.18289866208031  14.766426955995                0   2.953285391199  9.4234521128733                0 1.88469042257466
53.8422505482334                0 10.7684501096467 43.0738004385868                0 8.61476008771735 21.5369002192934                0 4.30738004385868
18.8531992240682                0 3.77063984481364 20.3866765529556                0 4.07733531059112 8.37919965514142                0 1.67583993102828
 3.12902437168053                 0 0.625804874336106  4.48393885998378                 0 0.896787771996755  1.56451218584027                 0 0.312902437168053
 12.1389946033352                 0  2.42779892066703  4.58843880177233                 0 0.917687760354466  2.02316576722252                 0 0.404633153444505
 66.378490603042                0 13.2756981206084 37.8233570380323                0 7.56467140760646 12.0688164732804                0 2.41376329465607
 8.12108763708793  1.27874055309031  1.47656138856144  6.49687010967034  1.02299244247225  1.18124911084915  1.62421752741759 0.255748110618062 0.295312277712288
 16.3200372468192  2.56974119576616  2.96727949942168  17.6474728097261  2.77875823409379   3.2086314199502   3.6266749437376 0.571053599059146 0.659395444315928
104.362878733472  16.432902985097 18.9750688606312 149.553570668246 23.5485964711888 27.1915583033174 26.0907196833679 4.10822574627425  4.7437672151578
    16.4851126898653     2.59573385497332     2.99729321633914     6.23123522082999    0.981165766064456     1.13295185833273 1.07912724078765e-15 1.69918590514612e-16 1.96204952870482e-16
    17.6809123883176     2.78402360581912     3.21471134333048     10.0748217675028     1.58637410836788      1.8317857759096  1.2460693868972e-15 1.96205179428552e-16 2.26558070344946e-16
    12.8441879576851     2.02243649458949     2.33530690139729     10.2753503661481     1.61794919567159     1.86824552111783 1.00718542473514e-15 1.58590684480304e-16 1.83124622679116e-16
    3.98851838918372    0.628029204820221    0.725185161669767     4.31293561158572    0.679111704719843    0.784170111197404 3.59709080262549e-16 5.66395301715372e-17 6.54016509568272e-17
    3.88185115290303    0.611233459371636    0.705791118709642     5.56275092987733    0.875906715781445      1.0114092599777 4.15356462299067e-16 6.54017264761839e-17 7.55193567816485e-17
  20.2699728526292   3.19169518357656   3.68544960956895   7.66188082185341   1.20643418193208   1.39306924033698  -3.37832880877154  -0.53194919726276 -0.614241601594825
  18.3650515835623   5.30153126588485   3.06084193059372   10.4646534857351   3.02088384499459   1.74410891428919  -3.33910028792042 -0.963914775615428 -0.556516714653405
  19.0640963552192   5.50332801534289   3.17734939253653   15.2512770841753   4.40266241227431   2.54187951402922  -3.81281927104383  -1.10066560306858 -0.635469878507306
  18.1597579767909   5.24226813395011   3.02662632946515   19.6368323356053   5.66866257448086   3.27280538926756  -4.03550177262019  -1.16494847421113 -0.672583628770033
 -2.05225441450502 -0.592434543107236 -0.342042402417503  -2.94091135980191 -0.848967586790816 -0.490151893300318  0.513063603626254  0.148108635776809 0.0855106006043758
  1.86776567276252   0.53917725558472  0.311294278793753  0.705999859590292  0.203804509467228  0.117666643265049 -0.622588557587506 -0.179725751861573 -0.103764759597918
   1.17698870612567   0.339767214740827   0.196164784354278   0.670664000598452   0.193603930372758   0.111777333433075  -0.427995893136607   -0.12355171445121 -0.0713326488561011
 -0.529451551355583  -0.152839426587573 -0.0882419252259305  -0.423561241084466  -0.122271541270058 -0.0705935401807444   0.211780620542233  0.0611357706350291  0.0352967700903722
  0.266573346129297  0.0769530606938747  0.0444288910215495    0.28825582971824  0.0832122516439129  0.0480426382863734  -0.118477042724132 -0.0342013603083887 -0.0197461737873553
    2.084343745323  0.601697930681117    0.3473906242205   2.98689585220404  0.862242160135001   0.49781597536734   -1.0421718726615 -0.300848965340559  -0.17369531211025

Matrix_M:
 11663321.0054379  10483310.0934416  116476.592287065  1735277.22184052  504071.642383547 -10358.2422717761  -258506.32190622 -42120.9433556126 -34824.4355941896
 10483310.0934416  235365404.358888  263564.140816035  504071.642383547  3188547.78752328  491080.926603858 -42120.9433556126  5966215.96468811  856511.064829532
 116476.592287065  263564.140816035  142456.320881065 -10358.2422717761  491080.926603858  26861.2238970278 -34824.4355941896  856511.064829532  91891.2515806692
 1735277.22184052  504071.642383547 -10358.2422717761  2682280.09478208  392944.836692247  219121.389286202     1159823.74616  424481.528810155  205091.308128526
 504071.642383547  3188547.78752328  491080.926603858  392944.836692247  6880711.08656032   207083.52086137  424481.528810155   8141982.6629169   1276752.3588947
-10358.2422717761  491080.926603858  26861.2238970278  219121.389286202   207083.52086137  501508.110244641  205091.308128526   1276752.3588947  357827.676202858
 -258506.32190622 -42120.9433556126 -34824.4355941896     1159823.74616  424481.528810155  205091.308128526  1865022.02173554  1325457.92800085  436688.784368378
-42120.9433556126  5966215.96468811  856511.064829532  424481.528810155   8141982.6629169   1276752.3588947  1325457.92800085  20964453.9813845  2569960.92229786
-34824.4355941896  856511.064829532  91891.2515806692  205091.308128526   1276752.3588947  357827.676202858  436688.784368378  2569960.92229786  938164.256749848

Essential_Matrix:: Matrix M Eigenvalue :
95183.3839637105
237017.980984897
650359.579798196
907829.197060561
3167223.69042155
3312435.50054319
11533234.9245465
25020957.0607927
236079079.918552

Essential_Matrix:: Matrix M EigenVector: 
  0.00693612186088535   -0.0130944975874089    0.0220547120437474    -0.116100873915537       0.1175311363922    -0.107009503346263     0.978912224628306   -0.0100610992658297    0.0466865079648202
-0.000461847138932995  0.000792164743147567  0.000374504708097396   0.00325777134283396  -0.00362470688410525   0.00574456675345269   -0.0464879890022618   -0.0319117742260666     0.998380074341145
   -0.997191234154744   0.00506720072555166   0.00691127825431511    0.0444695090006331   -0.0126958600158318   -0.0422051250227861   0.00950304188999531    0.0390419557445477    0.0012741470196948
  0.00461908999161715     0.105459676165244    -0.111374224490167     0.598666827845778    -0.334339788141584     0.685101714654137     0.190084620884103    0.0276483292846813   0.00258563368892068
   0.0410114326540401     -0.12054658063203    0.0201255031264901   -0.0341863622036662    -0.817156454660943    -0.378869015557584    0.0537766828993041     0.409644503947088    0.0150295532685228
    -0.01481472220166     -0.81114029472209    -0.560875465461121    -0.060323495914666    0.0771131431332825     0.122215998206746 -0.000733011255904586    0.0521816750031398   0.00225450558934318
   -0.048864294845565    -0.118508730596943     0.354579254251325    -0.689585089479183    -0.187565892140293     0.585772334676935  -0.00381030740296357    0.0631601726849701 -2.14652430780773e-05
   0.0310690753432277    0.0342482288592099    0.0986948349504284    0.0948984334567961     0.401584588575848    0.0930303781036312   -0.0208886757436939     0.898861567685177    0.0283213804635561
  -0.0168986120037557     0.548619331190833    -0.732535339865152    -0.369850680928924   -0.0639277777519952    0.0843087993981552  -0.00198199495132829     0.118822710083033   0.00402701643860805

Essential_Matrix:: min_eigen
95183.3839637105

Essential_Matrix:: min_eigenvector
  0.00693612186088535
-0.000461847138932995
   -0.997191234154744
  0.00461908999161715
   0.0410114326540401
    -0.01481472220166
   -0.048864294845565
   0.0310690753432277
  -0.0168986120037557

Essential Matrix:
  0.00693612186088535 -0.000461847138932995    -0.997191234154744
  0.00461908999161715    0.0410114326540401     -0.01481472220166
   -0.048864294845565    0.0310690753432277   -0.0168986120037557


Translation:: E * E.t Eigenvalue :
0.00119202917454354
0.00387390530053061
  0.994934065524927

Translation:: E * E.t Eigenvec :
-0.00614955077129921   -0.021492655989086    0.999750093155208
   0.899815132137605    0.436016593031979   0.0149083391754376
  -0.436228049306204    0.899681941765711   0.0166581109128284

Translation:: E * E.t min_eigen
0.00119202917454354

Translation:: E * E.t min_eigenvector
-0.00614955077129921
   0.899815132137605
  -0.436228049306204

Translation:: diff scale
-0.00614955077129921
   0.899815132137605
  -0.436228049306204

translation:: check_sign: 
-47.3548437508524

translation:: change_sign
0.00614955077129921
 -0.899815132137605
  0.436228049306204

translation_t_cross: 
                   0   -0.436228049306204   -0.899815132137605
   0.436228049306204                    0 -0.00614955077129921
   0.899815132137605  0.00614955077129921                    0

Matrix_R calc from matrix_E: 
 -0.671532656966901   0.740547521671316 -0.0251646333859047
 -0.675539687238836   -0.59792260079868   0.431433302399572
  0.304450359816229   0.306721260431383   0.901793793950232

calc scale: 
vector_t: 
0.00614955077129921
 -0.899815132137605
  0.436228049306204
matrix_R:
 -0.671532656966901   0.740547521671316 -0.0251646333859047
 -0.675539687238836   -0.59792260079868   0.431433302399572
  0.304450359816229   0.306721260431383   0.901793793950232

point:1 4.79637550108814
img: 
                0
                0
0.371390676354104
ply:
 0
 0
10
fraction top: 0.535675814066044
fraction bottom:0.111683460551518

point:2 -21.9710243717373
img: 
0.929669666486403
0.146385109561555
0.338061696904147
ply:
   25.5
4.33013
     10
fraction top: -21.9608970520764
fraction bottom:0.999539060196304

point:3 -25.730741042289
img: 
0.914991451759449
0.264135157336659
0.304997150586483
ply:
     28
8.66025
     10
fraction top: -25.4785657003966
fraction bottom:0.990199452807131

point:4 -16.7866325329905
img: 
 0.894426478956224
-0.387300081785229
 0.223606619739056
ply:
     18
-8.6603
      5
fraction top: -13.363998875083
fraction bottom:0.796109574020813

point:5 -16.7415901180441
img: 
0.959403427682821
-0.18463612365375
0.213200761707294
ply:
   20.5
-4.3301
      5
fraction top: -15.5655354343849
fraction bottom:0.929752510044333

point:6 -18.3107111965823
img: 
 0.98058067569092
                0
0.196116135138184
ply:
23
 0
 5
fraction top: -18.15713616252
fraction bottom:0.99161283074079

point:7 -21.0358614211896
img: 
 0.97227180844335
 0.15309321185072
0.176776692444246
ply:
   25.5
4.33013
      5
fraction top: -20.9730085655691
fraction bottom:0.997012109256567

point:8 -24.5871116353303
img: 
0.948683331224785
0.273861160641315
0.158113888537464
ply:
     28
8.66025
      5
fraction top: -23.8629646232878
fraction bottom:0.97054769902285

point:9 -14.4671187062001
img: 
   0.917662166491333
  -0.397361483023245
6.12323399573677e-17
ply:
     18
-8.6603
      0
fraction top: -12.5587513834607
fraction bottom:0.868089329914632

point:10 -15.2018745266861
img: 
   0.981980724894057
  -0.188981099416167
6.12323399573677e-17
ply:
   20.5
-4.3301
      0
fraction top: -14.7305167108667
fraction bottom:0.968993441237001

point:11 -17.0360685013063
img: 
                   1
                   0
6.12323399573677e-17
ply:
23
 0
 0
fraction top: -17.0354242487349
fraction bottom:0.999962183025311

point:12 -19.8124174164697
img: 
   0.987829144693916
   0.155542858702308
6.12323399573677e-17
ply:
   25.5
4.33013
      0
fraction top: -19.4572754093119
fraction bottom:0.982074776656857

point:13 -23.3376990161036
img: 
   0.960768957288872
   0.277349978745365
6.12323399573677e-17
ply:
     28
8.66025
      0
fraction top: -21.952187458602
fraction bottom:0.940632041036028

point:14 -11.3307958491806
img: 
 0.894426478956224
-0.387300081785229
-0.223606619739056
ply:
     18
-8.6603
     -5
fraction top: -10.5855770092873
fraction bottom:0.934230671012646

point:15 -13.3168692975411
img: 
 0.959403427682821
 -0.18463612365375
-0.213200761707294
ply:
   20.5
-4.3301
     -5
fraction top: -13.233686898041
fraction bottom:0.993753606974615

point:16 -15.7816782900225
img: 
  0.98058067569092
                 0
-0.196116135138184
ply:
23
 0
-5
fraction top: -15.6818808625072
fraction bottom:0.993676374230847

point:17 -18.8343537234856
img: 
  0.97227180844335
  0.15309321185072
-0.176776692444245
ply:
   25.5
4.33013
     -5
fraction top: -18.0125042478627
fraction bottom:0.95636433892616

point:18 -22.4537261262766
img: 
 0.948683331224785
 0.273861160641315
-0.158113888537464
ply:
     28
8.66025
     -5
fraction top: -20.3019863372401
fraction bottom:0.904170034989495

point:19 -8.81161171003182
img: 
 0.834057078850673
-0.361159225998524
-0.417028539425337
ply:
     18
-8.6603
    -10
fraction top: -8.61811655585332
fraction bottom:0.978040889618615

point:20 -11.9817985595606
img: 
 0.900000168472847
-0.173204032422412
-0.400000074876821
ply:
   20.5
-4.3301
    -10
fraction top: -11.9797407786436
fraction bottom:0.999828257760565

point:21 -15.172965985738
img: 
 0.928476690885259
                 0
-0.371390676354104
ply:
 23
  0
-10
fraction top: -14.8022888897207
fraction bottom:0.975569898702354

point:22 -18.6045764023741
img: 
 0.929669666486403
 0.146385109561555
-0.338061696904147
ply:
   25.5
4.33013
    -10
fraction top: -17.2131719197061
fraction bottom:0.925211708529391

point:23 -22.3782824773596
img: 
 0.914991451759449
 0.264135157336659
-0.304997150586483
ply:
     28
8.66025
    -10
fraction top: -19.3953944895606
fraction bottom:0.866706124975551

point:24 -27.354782816884
img: 
0.893003516883775
0.337547887686093
0.297667838961258
ply:
      28
11.33975
      10
fraction top: -26.5791505125488
fraction bottom:0.97164545924099

point:25 -29.3324783585304
img: 
0.828480573835956
0.472079377801267
0.301265663213075
ply:
    25.5
15.66987
      10
fraction top: -26.8949807661395
fraction bottom:0.916901069094901

point:26 -32.6212130312963
img: 
 0.74535599249993
0.596284793999944
0.298142396999972
ply:
23
20
10
fraction top: -27.3520015690789
fraction bottom:0.838472853319029

point:27 -37.0612154999193
img: 
0.650005719344131
0.702875740098429
0.288891430819614
ply:
   20.5
24.3301
     10
fraction top: -27.7053197666437
fraction bottom:0.747555615565388

point:28 -42.2963130238083
img: 
0.550187528429334
0.788426981052162
0.275093764214667
ply:
     18
28.6603
     10
fraction top: -27.7693749932868
fraction bottom:0.656543632482945

point:29 -26.1193365256193
img: 
0.924241465939729
0.349355572113001
0.154040244323288
ply:
      28
11.33975
       5
fraction top: -24.59631235126
fraction bottom:0.941689783242946

point:30 -27.98702001125
img: 
0.858204639589561
0.489016550391465
0.156037207198102
ply:
    25.5
15.66987
       5
fraction top: -24.2240652161393
fraction bottom:0.865546428537296

point:31 -31.2718345190477
img: 
 0.77151674981046
0.617213399848368
0.154303349962092
ply:
23
20
 5
fraction top: -23.9667283160172
fraction bottom:0.766399819026256

point:32 -35.9075437473984
img: 
0.671356568907413
0.725963220318856
0.149190348646092
ply:
   20.5
24.3301
      5
fraction top: -23.6600902079368
fraction bottom:0.658916977846778

point:33 -41.5735448172473
img: 
 0.56649886774693
0.811801374964367
0.141624716936733
ply:
     18
28.6603
      5
fraction top: -23.1772490703061
fraction bottom:0.557499947916173

point:34 -24.8382380052594
img: 
   0.935405933895779
   0.353575647963155
6.12323399573677e-17
ply:
      28
11.33975
       0
fraction top: -22.414174881414
fraction bottom:0.902405995009306

point:35 -26.6339245765032
img: 
   0.868846991589895
   0.495080705749264
6.12323399573677e-17
ply:
    25.5
15.66987
       0
fraction top: -21.4743596910957
fraction bottom:0.80627845999236

point:36 -29.9086745669373
img: 
    0.78086880944303
   0.624695047554424
6.12323399573677e-17
ply:
23
20
 0
fraction top: -20.6192711828824
fraction bottom:0.689407721386494

point:37 -34.7311241065058
img: 
   0.678955098254541
   0.734179797157458
6.12323399573677e-17
ply:
   20.5
24.3301
      0
fraction top: -19.7645212966198
fraction bottom:0.569072317844084

point:38 -40.8946164531288
img: 
   0.572267079083777
   0.820067308333238
6.12323399573677e-17
ply:
     18
28.6603
      0
fraction top: -18.8389900021246
fraction bottom:0.460671639351766

point:39 -23.9957273435498
img: 
 0.924241465939729
 0.349355572113001
-0.154040244323288
ply:
      28
11.33975
      -5
fraction top: -20.6056810279663
fraction bottom:0.858722918999382

point:40 -25.8646416512383
img: 
 0.858204639589561
 0.489016550391465
-0.156037207198102
ply:
    25.5
15.66987
      -5
fraction top: -19.3254744568391
fraction bottom:0.747177351900944

point:41 -29.2293397471294
img: 
  0.77151674981046
 0.617213399848368
-0.154303349962092
ply:
23
20
-5
fraction top: -18.0679430295442
fraction bottom:0.618144069823495

point:42 -34.3066204672277
img: 
 0.671356568907413
 0.725963220318856
-0.149190348646092
ply:
   20.5
24.3301
     -5
fraction top: -16.8081702225697
fraction bottom:0.48993955084052

point:43 -41.0900204662881
img: 
  0.56649886774693
 0.811801374964367
-0.141624716936732
ply:
     18
28.6603
     -5
fraction top: -15.5256526120323
fraction bottom:0.377844849816274

point:44 -24.0523072537095
img: 
 0.893003516883775
 0.337547887686093
-0.297667838961258
ply:
      28
11.33975
     -10
fraction top: -19.6444523574819
fraction bottom:0.816738791429342

point:45 -26.273170086155
img: 
 0.828480573835956
 0.472079377801267
-0.301265663213075
ply:
    25.5
15.66987
     -10
fraction top: -18.2934266282678
fraction bottom:0.696277859439116

point:46 -30.012269284613
img: 
  0.74535599249993
 0.596284793999944
-0.298142396999972
ply:
 23
 20
-10
fraction top: -16.8587556545932
fraction bottom:0.56172878814054

point:47 -35.624547169799
img: 
 0.650005719344131
 0.702875740098429
-0.288891430819614
ply:
   20.5
24.3301
    -10
fraction top: -15.3454377196643
fraction bottom:0.430754604304796

point:48 -43.3703863618227
img: 
 0.550187528429334
 0.788426981052162
-0.275093764214667
ply:
     18
28.6603
    -10
fraction top: -13.7756040239594
fraction bottom:0.3176269611489
scale_s
-24.8175004853391

----RESULT
Essential Matrix:
  0.00693612186088535 -0.000461847138932995    -0.997191234154744
  0.00461908999161715    0.0410114326540401     -0.01481472220166
   -0.048864294845565    0.0310690753432277   -0.0168986120037557

Rotation Matrix:
 -0.671532656966901   0.740547521671316 -0.0251646333859047
 -0.675539687238836   -0.59792260079868   0.431433302399572
  0.304450359816229   0.306721260431383   0.901793793950232

scale
-24.8175004853391

translation Vector: 
-0.152616479251336
  22.3311624785405
 -10.8260898253753

Rotation_axis
0.0854612718476543
 0.225874872181915
 0.970400388051749

Rotation_degree: 
133.143720084206

corresp_plypoint point_rotated: -0.671532656966901   0.740547521671316 -0.0251646333859047
 -0.675539687238836   -0.59792260079868   0.431433302399572
  0.304450359816229   0.306721260431383   0.901793793950232
corresp_plypoint point_transformed:-0.152616479251336   22.3311624785405  -10.8260898253753
