
default_dir_path: ../../ply_data/less_grid_2/

corresp_img_file_name: 

corresp_ply_file_name: 
s10-t005-r001-d30.dat
s10.dat

img_file_path: 

ply_file_path: 
transform_rotate_simulation::
Point: corresp_plypoint
-3.66025403784439 -13.6602540378444                -5
-3.66025403784439 -13.6602540378444                 5
-3.66025403784439 -13.6602540378444                15
-8.66025403784439                -5                -5
-8.66025403784439                -5                 5
-8.66025403784439                -5                15
-13.6602540378444  3.66025403784439                -5
-13.6602540378444  3.66025403784439                 5
-13.6602540378444  3.66025403784439                15
                5 -8.66025403784439                -5
                5 -8.66025403784439                 5
                5 -8.66025403784439                15
 0  0 -5
 0  0 15
              -5 8.66025403784439               -5
              -5 8.66025403784439                5
              -5 8.66025403784439               15
 13.6602540378444 -3.66025403784439                -5
 13.6602540378444 -3.66025403784439                 5
 13.6602540378444 -3.66025403784439                15
8.66025403784439                5               -5
8.66025403784439                5                5
8.66025403784439                5               15
3.66025403784439 13.6602540378444               -5
3.66025403784439 13.6602540378444                5
3.66025403784439 13.6602540378444               15

Point: corresp_imgpoint
-10 -10 -10
-10 -10   0
-10 -10  10
-10   0 -10
-10   0   0
-10   0  10
-10  10 -10
-10  10   0
-10  10  10
  0 -10 -10
  0 -10   0
  0 -10  10
  0   0 -10
 0  0 10
  0  10 -10
 0 10  0
 0 10 10
 10 -10 -10
 10 -10   0
 10 -10  10
 10   0 -10
10  0  0
10  0 10
 10  10 -10
10 10  0
10 10 10

pickup point :
4 25 1 15 14 1 16 11 21 23 11 17 24 8 6 11 20 18 14 7 3 15 14 3 3 0 14 17 10 24 -10
  0
  0 
10
10
10 
-10
-10
  0 
 0
10
 0 
  0
 10
-10 
-10
-10
  0 
 0
10
10 
  0
-10
 10 
10
 0
 0 
 10
 10
-10 
  0
-10
 10 
 10
-10
-10 
10
10
 0 
-10
 10
 10 
-10
 10
-10 
  0
-10
 10 
 10
  0
-10 
 10
-10
  0 
  0
 10
-10 
-10
 10
  0 
-10
  0
-10 
 0
10
 0 
  0
 10
-10 
-10
  0
-10 
-10
  0
-10 
-10
-10
-10 
  0
 10
-10 
 10
-10
-10 
  0
-10
  0 
10
10
 0 
Point: pickup_img
-10   0   0
10 10 10
-10 -10   0
 0 10  0
  0  10 -10
-10 -10   0
 0 10 10
  0 -10  10
10  0  0
 10  10 -10
  0 -10  10
 10 -10 -10
10 10  0
-10  10  10
-10  10 -10
  0 -10  10
 10   0 -10
 10 -10   0
  0  10 -10
-10  10   0
-10   0 -10
 0 10  0
  0  10 -10
-10   0 -10
-10   0 -10
-10 -10 -10
  0  10 -10
 10 -10 -10
  0 -10   0
10 10  0

Point: pickup_ply
-8.66025403784439                -5                 5
3.66025403784439 13.6602540378444               15
-3.66025403784439 -13.6602540378444                 5
              -5 8.66025403784439                5
              -5 8.66025403784439               -5
-3.66025403784439 -13.6602540378444                 5
              -5 8.66025403784439               15
                5 -8.66025403784439                15
8.66025403784439                5                5
3.66025403784439 13.6602540378444               -5
                5 -8.66025403784439                15
 13.6602540378444 -3.66025403784439                -5
3.66025403784439 13.6602540378444                5
-13.6602540378444  3.66025403784439                15
-13.6602540378444  3.66025403784439                -5
                5 -8.66025403784439                15
8.66025403784439                5               -5
 13.6602540378444 -3.66025403784439                 5
              -5 8.66025403784439               -5
-13.6602540378444  3.66025403784439                 5
-8.66025403784439                -5                -5
              -5 8.66025403784439                5
              -5 8.66025403784439               -5
-8.66025403784439                -5                -5
-8.66025403784439                -5                -5
-3.66025403784439 -13.6602540378444                -5
              -5 8.66025403784439               -5
 13.6602540378444 -3.66025403784439                -5
                5 -8.66025403784439                 5
3.66025403784439 13.6602540378444                5

Point: conversion_img_point
                  -1 1.22464679914735e-16 6.12323399573677e-17
0.577350269189626 0.577350269189626 0.577350269189626
  -0.707106781186547   -0.707106781186548 6.12323399573677e-17
6.12323399573677e-17                    1 6.12323399573677e-17
4.32978028117747e-17    0.707106781186548   -0.707106781186547
  -0.707106781186547   -0.707106781186548 6.12323399573677e-17
4.32978028117747e-17    0.707106781186548    0.707106781186547
4.32978028117747e-17   -0.707106781186548    0.707106781186547
                   1                    0 6.12323399573677e-17
 0.577350269189626  0.577350269189626 -0.577350269189626
4.32978028117747e-17   -0.707106781186548    0.707106781186547
 0.577350269189626 -0.577350269189626 -0.577350269189626
   0.707106781186548    0.707106781186547 6.12323399573677e-17
-0.577350269189626  0.577350269189626  0.577350269189626
-0.577350269189626  0.577350269189626 -0.577350269189626
4.32978028117747e-17   -0.707106781186548    0.707106781186547
 0.707106781186548                  0 -0.707106781186547
   0.707106781186548   -0.707106781186547 6.12323399573677e-17
4.32978028117747e-17    0.707106781186548   -0.707106781186547
  -0.707106781186547    0.707106781186548 6.12323399573677e-17
  -0.707106781186548 8.65956056235493e-17   -0.707106781186547
6.12323399573677e-17                    1 6.12323399573677e-17
4.32978028117747e-17    0.707106781186548   -0.707106781186547
  -0.707106781186548 8.65956056235493e-17   -0.707106781186547
  -0.707106781186548 8.65956056235493e-17   -0.707106781186547
-0.577350269189626 -0.577350269189626 -0.577350269189626
4.32978028117747e-17    0.707106781186548   -0.707106781186547
 0.577350269189626 -0.577350269189626 -0.577350269189626
6.12323399573677e-17                   -1 6.12323399573677e-17
   0.707106781186548    0.707106781186547 6.12323399573677e-17

理論値
0.866025403784439                 0               0.5
                0                 1                 0
             -0.5                 0 0.866025403784439

create xi:
Point: conversion_img_point
                  -1 1.22464679914735e-16 6.12323399573677e-17
0.577350269189626 0.577350269189626 0.577350269189626
  -0.707106781186547   -0.707106781186548 6.12323399573677e-17
6.12323399573677e-17                    1 6.12323399573677e-17
4.32978028117747e-17    0.707106781186548   -0.707106781186547
  -0.707106781186547   -0.707106781186548 6.12323399573677e-17
4.32978028117747e-17    0.707106781186548    0.707106781186547
4.32978028117747e-17   -0.707106781186548    0.707106781186547
                   1                    0 6.12323399573677e-17
 0.577350269189626  0.577350269189626 -0.577350269189626
4.32978028117747e-17   -0.707106781186548    0.707106781186547
 0.577350269189626 -0.577350269189626 -0.577350269189626
   0.707106781186548    0.707106781186547 6.12323399573677e-17
-0.577350269189626  0.577350269189626  0.577350269189626
-0.577350269189626  0.577350269189626 -0.577350269189626
4.32978028117747e-17   -0.707106781186548    0.707106781186547
 0.707106781186548                  0 -0.707106781186547
   0.707106781186548   -0.707106781186547 6.12323399573677e-17
4.32978028117747e-17    0.707106781186548   -0.707106781186547
  -0.707106781186547    0.707106781186548 6.12323399573677e-17
  -0.707106781186548 8.65956056235493e-17   -0.707106781186547
6.12323399573677e-17                    1 6.12323399573677e-17
4.32978028117747e-17    0.707106781186548   -0.707106781186547
  -0.707106781186548 8.65956056235493e-17   -0.707106781186547
  -0.707106781186548 8.65956056235493e-17   -0.707106781186547
-0.577350269189626 -0.577350269189626 -0.577350269189626
4.32978028117747e-17    0.707106781186548   -0.707106781186547
 0.577350269189626 -0.577350269189626 -0.577350269189626
6.12323399573677e-17                   -1 6.12323399573677e-17
   0.707106781186548    0.707106781186547 6.12323399573677e-17

vector_xi.transpose() :
2.11324865405187 7.88675134594813 8.66025403784439 2.11324865405187 7.88675134594813 8.66025403784439 2.11324865405187 7.88675134594813 8.66025403784439
     2.58819045102521      9.65925826289068     -3.53553390593274      2.58819045102521      9.65925826289068     -3.53553390593274 -2.24125919575615e-16 -8.36449319149292e-16  3.06161699786838e-16
-3.06161699786838e-16  5.30287619362453e-16  3.06161699786838e-16                    -5      8.66025403784439                     5 -3.06161699786838e-16  5.30287619362453e-16  3.06161699786838e-16
-2.16489014058873e-16  3.74969971630462e-16 -2.16489014058873e-16     -3.53553390593274      6.12372435695795     -3.53553390593274      3.53553390593274     -6.12372435695795      3.53553390593274
     2.58819045102521      9.65925826289068     -3.53553390593274      2.58819045102521      9.65925826289068     -3.53553390593274 -2.24125919575615e-16 -8.36449319149292e-16  3.06161699786838e-16
-2.16489014058873e-16  3.74969971630462e-16   6.4946704217662e-16     -3.53553390593274      6.12372435695795      10.6066017177982     -3.53553390593274      6.12372435695795      10.6066017177982
 2.16489014058873e-16 -3.74969971630462e-16   6.4946704217662e-16     -3.53553390593274      6.12372435695795     -10.6066017177982      3.53553390593274     -6.12372435695795      10.6066017177982
    8.66025403784439                    5                    5                    0                    0                    0 5.30287619362453e-16 3.06161699786838e-16 3.06161699786838e-16
 2.11324865405187  7.88675134594813 -2.88675134594813  2.11324865405187  7.88675134594813 -2.88675134594813 -2.11324865405187 -7.88675134594813  2.88675134594813
 2.16489014058873e-16 -3.74969971630462e-16   6.4946704217662e-16     -3.53553390593274      6.12372435695795     -10.6066017177982      3.53553390593274     -6.12372435695795      10.6066017177982
 7.88675134594813 -2.11324865405187 -2.88675134594813 -7.88675134594813  2.11324865405187  2.88675134594813 -7.88675134594813  2.11324865405187  2.88675134594813
    2.58819045102521     9.65925826289068     3.53553390593274     2.58819045102521     9.65925826289068     3.53553390593274 2.24125919575615e-16 8.36449319149292e-16 3.06161699786838e-16
 7.88675134594813 -2.11324865405187 -8.66025403784439 -7.88675134594813  2.11324865405187  8.66025403784439 -7.88675134594813  2.11324865405187  8.66025403784439
 7.88675134594813 -2.11324865405187  2.88675134594813 -7.88675134594813  2.11324865405187 -2.88675134594813  7.88675134594813 -2.11324865405187  2.88675134594813
 2.16489014058873e-16 -3.74969971630462e-16   6.4946704217662e-16     -3.53553390593274      6.12372435695795     -10.6066017177982      3.53553390593274     -6.12372435695795      10.6066017177982
 6.12372435695795  3.53553390593274 -3.53553390593274                 0                 0                -0 -6.12372435695795 -3.53553390593274  3.53553390593274
     9.65925826289068     -2.58819045102521      3.53553390593274     -9.65925826289068      2.58819045102521     -3.53553390593274  8.36449319149292e-16 -2.24125919575615e-16  3.06161699786838e-16
-2.16489014058873e-16  3.74969971630462e-16 -2.16489014058873e-16     -3.53553390593274      6.12372435695795     -3.53553390593274      3.53553390593274     -6.12372435695795      3.53553390593274
     9.65925826289068     -2.58819045102521     -3.53553390593274     -9.65925826289068      2.58819045102521      3.53553390593274 -8.36449319149292e-16  2.24125919575615e-16  3.06161699786838e-16
     6.12372435695795      3.53553390593274      3.53553390593274 -7.49939943260923e-16 -4.32978028117747e-16 -4.32978028117747e-16      6.12372435695795      3.53553390593274      3.53553390593274
-3.06161699786838e-16  5.30287619362453e-16  3.06161699786838e-16                    -5      8.66025403784439                     5 -3.06161699786838e-16  5.30287619362453e-16  3.06161699786838e-16
-2.16489014058873e-16  3.74969971630462e-16 -2.16489014058873e-16     -3.53553390593274      6.12372435695795     -3.53553390593274      3.53553390593274     -6.12372435695795      3.53553390593274
     6.12372435695795      3.53553390593274      3.53553390593274 -7.49939943260923e-16 -4.32978028117747e-16 -4.32978028117747e-16      6.12372435695795      3.53553390593274      3.53553390593274
     6.12372435695795      3.53553390593274      3.53553390593274 -7.49939943260923e-16 -4.32978028117747e-16 -4.32978028117747e-16      6.12372435695795      3.53553390593274      3.53553390593274
2.11324865405187 7.88675134594813 2.88675134594813 2.11324865405187 7.88675134594813 2.88675134594813 2.11324865405187 7.88675134594813 2.88675134594813
-2.16489014058873e-16  3.74969971630462e-16 -2.16489014058873e-16     -3.53553390593274      6.12372435695795     -3.53553390593274      3.53553390593274     -6.12372435695795      3.53553390593274
 7.88675134594813 -2.11324865405187 -2.88675134594813 -7.88675134594813  2.11324865405187  2.88675134594813 -7.88675134594813  2.11324865405187  2.88675134594813
 3.06161699786838e-16 -5.30287619362453e-16  3.06161699786838e-16                    -5      8.66025403784439                    -5  3.06161699786838e-16 -5.30287619362453e-16  3.06161699786838e-16
    2.58819045102521     9.65925826289068     3.53553390593274     2.58819045102521     9.65925826289068     3.53553390593274 2.24125919575615e-16 8.36449319149292e-16 3.06161699786838e-16

Matrix_M:
 701.598306414371  163.237143900999  13.8354503153699 -395.213548685034  266.666666666667  109.369630441518 -44.9358737117772   93.301270189222  253.707197738924
 163.237143900999  667.068360252296  142.702963774851  266.666666666667  528.546882018367  43.8995766035927   93.301270189222  78.2692070451105  127.232909936926
 13.8354503153699  142.702963774851  342.666666666667  109.369630441518  43.8995766035927  16.6666666666667  253.707197738924  127.232909936926  16.6666666666667
-395.213548685034  266.666666666667  109.369630441518  651.598306414371  -269.77555799122   27.232909936926  53.8675134594813  113.237143900999 -306.100423396407
 266.666666666667  528.546882018367  43.8995766035927  -269.77555799122   1117.0683602523 -80.5021169820366  113.237143900999 -153.867513459481  496.848152207589
 109.369630441518  43.8995766035927  16.6666666666667   27.232909936926 -80.5021169820366  842.666666666667 -306.100423396407  496.848152207589 -116.666666666667
-44.9358737117772   93.301270189222  253.707197738924  53.8675134594813  113.237143900999 -306.100423396407  513.200846792815 -103.269207045111  95.5341801261479
  93.301270189222  78.2692070451105  127.232909936926  113.237143900999 -153.867513459481  496.848152207589 -103.269207045111  555.465819873852 -98.8033871712585
 253.707197738924  127.232909936926  16.6666666666667 -306.100423396407  496.848152207589 -116.666666666667  95.5341801261479 -98.8033871712585  742.666666666667

Essential_Matrix:: Matrix M Eigenvalue :
 1.0000000000004
 96.924079362535
125.209871700491
 318.66382989227
433.159526772183
 619.06418223211
1162.21389938853
1372.09897948865
2005.66563116323

Essential_Matrix:: Matrix M EigenVector: 
   -0.353553390593274   -0.0421280544179734     0.122645045759732    -0.212494248733359     0.645681053361198    -0.342724539063985     0.280869577244451    -0.309384119778188      0.32258212705937
    0.612372435695795   -0.0526344912814604    0.0686686352426964    -0.237320563598911     0.319822199815689     0.130355462743498    -0.566446653740433    -0.189034285303856      0.29209351283185
-5.68234386611967e-16     0.755666748760461     0.150867041940691     0.192714508650904    -0.105783663529235    -0.524789875899223    -0.282845021307505   -0.0318280700714625    0.0381980260013025
   -0.612372435695795   -0.0439188487368994     0.103586857450684    -0.377692802830306    0.0123114951302856     0.130663263209913    -0.609082299050417    0.0394880018806696    -0.282708390051001
   -0.353553390593274    0.0270321187101829    -0.183125180733948     0.455626099054349    -0.113056888974771     0.342191413017562    -0.207022473354076   -0.0864280922872577     0.673003973021001
-9.61833574326176e-17    -0.173203446210595     0.553599791544035     0.208233782827131    -0.282252270086694     0.068948619563931    0.0117512380120792    -0.715440930098472    -0.154118319964991
  3.8278234846664e-16    -0.613996500137503      0.15072105393992     0.263254259916629    -0.104036632825018    -0.590443878852389     -0.26213364769862     0.294296267819176     0.127344881334042
 1.20504696969186e-16    -0.121350414239913    -0.758906412397775    -0.049394224362498    -0.154670279776548    -0.294538756939114    -0.120803612004541    -0.509903655908571    -0.147051416236984
-3.58367193715204e-16   0.00677808700361491    0.0899353657266955    -0.629313406800907     -0.58504124719882    -0.125873399736015     0.151538635180011   0.00613236609559675     0.463369599777122

Essential_Matrix:: min_eigen
1.0000000000004

Essential_Matrix:: min_eigenvector
   -0.353553390593274
    0.612372435695795
-5.68234386611967e-16
   -0.612372435695795
   -0.353553390593274
-9.61833574326176e-17
  3.8278234846664e-16
 1.20504696969186e-16
-3.58367193715204e-16

Essential Matrix:
   -0.353553390593274     0.612372435695795 -5.68234386611967e-16
   -0.612372435695795    -0.353553390593274 -9.61833574326176e-17
  3.8278234846664e-16  1.20504696969186e-16 -3.58367193715204e-16


Translation:: E * E.t Eigenvalue :
3.36872502731978e-18
                 0.5
   0.500000000000001

Translation:: E * E.t Eigenvec :
-1.23080484727664e-16    -0.490261239632559     0.871575537124549
-5.82867087928207e-16     0.871575537124549     0.490261239632559
                   -1 -4.47671104216088e-16 -3.93031080654766e-16

Translation:: E * E.t min_eigen
3.36872502731978e-18

Translation:: E * E.t min_eigenvector
-1.23080484727664e-16
-5.82867087928207e-16
                   -1

Translation:: diff scale
-1.23080484727664e-16
-5.82867087928207e-16
                   -1

translation:: check_sign: 
205.439031912403

translation:: change_sign
-1.23080484727664e-16
-5.82867087928207e-16
                   -1

translation_t_cross: 
                    0                     1 -5.82867087928207e-16
                   -1                     0  1.23080484727664e-16
 5.82867087928207e-16 -1.23080484727664e-16                     0

Matrix_R calc from matrix_E: 
    0.866025403784439                   0.5   1.2617648226649e-16
                 -0.5     0.866025403784439 -2.80526551373406e-16
 -2.4953531468964e-16  1.79854878792165e-16                     1

calc scale: 
point:1 5
point:2 5
point:3 5
point:4 5
point:5 5
point:6 5.00000000000001
point:7 4.99999999999999
point:8 5
point:9 5
point:10 4.99999999999999
point:11 4.99999999999999
point:12 5
point:13 5.00000000000001
point:14 5
point:15 4.99999999999999
point:16 5
point:17 4.99999999999999
point:18 5
point:19 5
point:20 5
point:21 5
point:22 5
point:23 5
point:24 5
point:25 5
point:26 5
point:27 4.99999999999999
point:28 5
point:29 5
scale_s
5

----RESULT
Essential Matrix:
   -0.353553390593274     0.612372435695795 -5.68234386611967e-16
   -0.612372435695795    -0.353553390593274 -9.61833574326176e-17
  3.8278234846664e-16  1.20504696969186e-16 -3.58367193715204e-16

Rotation Matrix:
    0.866025403784439                   0.5   1.2617648226649e-16
                 -0.5     0.866025403784439 -2.80526551373406e-16
 -2.4953531468964e-16  1.79854878792165e-16                     1

scale
5

translation Vector: 
 -6.1540242363832e-16
-2.91433543964104e-15
                   -5

Rotation_axis
-4.60381430165572e-16
-3.75711796956131e-16
                    1

Rotation_degree: 
30

corresp_plypoint point_rotated:    0.866025403784439                   0.5   1.2617648226649e-16
                 -0.5     0.866025403784439 -2.80526551373406e-16
 -2.4953531468964e-16  1.79854878792165e-16                     1
corresp_plypoint point_transformed: -6.1540242363832e-16 -2.91433543964104e-15                    -5
