732
3439 1838
3439 1845
6719 1253
6719 1251
6719 1239
6719 1232
6719 1221
6719 1218
6719 1211
6719 1205
6719 1202
6719 1194
6719 1189
6719 1175
6719 1174
5720 1177
5720 1176
5720 1174
5720 1173
5899 1227
5899 1225
5899 1223
5899 1221
5899 1219
5899 1217
5899 1215
3226 2282
3226 2294
3672 2390
3672 2397
3672 2411
3672 2417
3672 2418
3672 2431
3672 2437
3672 2438
3672 2445
3672 2451
3672 2457
3672 2458
3672 2464
3672 2465
3672 2471
3672 2472
3672 2478
3672 2479
3672 2480
3672 2486
3672 2487
3672 2492
3672 2493
3672 2499
3672 2500
3672 2507
3672 2514
3672 2520
3672 2521
3672 2527
3672 2528
3672 2535
3672 2540
3672 2541
3672 2542
3672 2549
3672 2555
3306 1870
3306 1891
4969 2475
4969 2476
4969 2477
4969 2483
3219 2141
6235 1586
6235 1569
6235 1551
6235 1517
6235 1469
6235 1464
3165 1805
3165 1807
3165 1813
3165 1814
3165 1819
3165 1820
3165 1826
3165 1827
3165 1828
3165 1834
3165 1835
3165 1841
3165 1842
3165 1848
3165 1849
3165 1850
3165 1855
3165 1856
3165 1861
3165 1862
3165 1869
3165 1870
3165 1877
3165 1883
3165 1890
3165 1897
3165 1898
3165 1905
3165 1911
3165 1912
3165 1919
3165 1926
3165 1927
3165 1933
3165 1934
3165 1940
3165 1941
3165 1947
3165 1948
3165 1953
3165 1954
3165 1955
3165 1961
3165 1962
3165 1963
3165 1968
3165 1969
3165 1970
3165 1975
3165 1976
3165 1982
3165 1983
3165 1989
3165 1990
3165 1991
3165 1996
3165 1997
3165 1998
3165 2003
3165 2004
3165 2010
3165 2011
3165 2017
3165 2018
3165 2019
3165 2025
3165 2026
3165 2038
3165 2039
3165 2045
3165 2046
3165 2047
3165 2053
3165 2054
3165 2059
3165 2061
3165 2066
3165 2067
3165 2073
3165 2074
3165 2081
3165 2082
3165 2087
3165 2093
3165 2094
3165 2095
3165 2100
3165 2101
3165 2107
3165 2108
3165 2114
3165 2115
3165 2120
3165 2121
3165 2127
3165 2135
3165 2136
3165 2141
3165 2142
3165 2147
3165 2148
3165 2154
3165 2155
3165 2160
3165 2161
3165 2162
3165 2168
3165 2169
3165 2174
3165 2180
3165 2181
3165 2186
3165 2187
3165 2193
3165 2195
3165 2201
3165 2207
3165 2208
3165 2214
3165 2215
3165 2222
3165 2223
3165 2228
3165 2229
3165 2235
3165 2249
3165 2250
3165 2256
3165 2262
3165 2263
3165 2269
3165 2282
3165 2323
3165 2336
3165 2357
3165 2363
3165 2370
3165 2385
3165 2390
3165 2404
3165 2405
3165 2410
3165 2424
3165 2432
3165 2445
3165 2451
3165 2466
6396 1178
6396 1177
6396 1176
6396 1175
6396 1174
6396 1173
3214 1879
3214 1884
3214 1885
3214 1891
3214 1892
3214 1899
3214 1906
3214 1907
3214 1914
3214 1919
3214 1934
3214 1941
3214 1948
3214 1955
3214 1963
3214 1969
3214 1977
3214 1984
3214 1998
3214 2027
3214 2040
3214 2047
3214 2049
3214 2075
3214 2076
3214 2082
3214 2088
3214 2096
3214 2103
3214 2109
3214 2129
3214 2130
3214 2209
3214 2217
3214 2229
3214 2244
3214 2251
3214 2257
3214 2277
3214 2296
3214 2351
3214 2386
3214 2391
3214 2419
3214 2452
3227 2314
5031 1780
5031 1802
5031 1822
5031 1857
3676 2425
3676 2487
6082 1214
6082 1204
5111 2428
5558 2176
5558 2189
5558 2194
5558 2195
5558 2208
5558 2210
5558 2317
5558 2318
3899 1751
6258 1923
6258 1922
6258 1916
6258 1915
6258 1908
6258 1907
6258 1894
6258 1887
5033 2227
5033 2228
5033 2234
5033 2240
5033 2255
5033 2260
5033 2267
3162 2287
3218 2142
6262 2340
6723 1254
6723 1253
6723 1251
6723 1250
6723 1248
6723 1246
6723 1244
6723 1243
6723 1241
6723 1239
6723 1238
6723 1237
6723 1236
6723 1234
6723 1232
6723 1230
6723 1228
6723 1227
6723 1226
6723 1224
6723 1223
6723 1221
6723 1219
6723 1218
6723 1216
6723 1215
6723 1214
6723 1212
6723 1210
6723 1209
6723 1207
6723 1205
6723 1204
6723 1202
6723 1201
6723 1199
6723 1198
6723 1197
6723 1196
6723 1195
6723 1194
6723 1192
6723 1191
6723 1190
6723 1189
6723 1188
6723 1187
6723 1186
6723 1185
6723 1184
6723 1183
6723 1182
6723 1179
6723 1178
6723 1175
6723 1174
6723 1173
6084 1218
6084 1217
6084 1214
6084 1211
4243 2574
4243 2608
6086 1216
4965 1695
4965 1701
4965 1702
4965 1707
4965 1708
4965 1713
4965 1714
4965 1721
4965 1722
4965 1727
4965 1728
4965 1733
4965 1734
4965 1739
4965 1740
4965 1741
4965 1747
4965 1748
4965 1754
4965 1761
4965 1762
4965 1767
4965 1768
4965 1769
4965 1774
4965 1775
4965 1782
4965 1783
4965 1787
4965 1788
4965 1789
4965 1790
4965 1795
4965 1796
4965 1803
4965 1810
4965 1811
4965 1817
4965 1818
4965 1823
4965 1824
4965 1825
4965 1829
4965 1831
4965 1839
4965 1844
4965 1845
4965 1846
4965 1852
4965 1853
4965 1858
4965 1859
4965 1860
4965 1867
4965 1873
4965 1874
4965 1880
4965 1881
4965 1886
4965 1887
4965 1888
4965 1894
4965 1895
4965 1902
4965 1903
4965 1908
4965 1909
4965 1910
4965 1915
4965 1916
4965 1917
4965 1922
4965 1923
4965 1924
4965 1931
4965 1932
4965 1938
4965 1944
4965 1945
4965 1951
4965 1952
4965 1959
4965 1960
4965 1965
4965 1966
4965 1967
4965 1973
4965 1979
4965 1980
4965 1981
4965 1986
4965 1987
4965 1988
4965 1994
4965 2000
4965 2001
4965 2002
4965 2007
4965 2008
4965 2014
4965 2016
4965 2021
4965 2022
4965 2023
4965 2028
4965 2029
4965 2035
4965 2036
4965 2042
4965 2043
4965 2049
4965 2050
4965 2051
4965 2056
4965 2057
4965 2058
4965 2064
4965 2070
4965 2071
4965 2077
4965 2078
4965 2084
4965 2085
4965 2091
4965 2092
4965 2098
4965 2099
4965 2105
4965 2106
4965 2111
4965 2112
4965 2113
4965 2117
4965 2118
4965 2119
4965 2124
4965 2125
4965 2126
4965 2131
4965 2138
4965 2139
4965 2144
4965 2145
4965 2151
4965 2152
4965 2158
4965 2159
4965 2160
4965 2165
4965 2166
4965 2177
4965 2178
4965 2183
4965 2185
4965 2190
4965 2191
4965 2192
4965 2197
4965 2203
4965 2204
4965 2205
4965 2218
4965 2219
4965 2224
4965 2225
4965 2226
4965 2231
4965 2232
4965 2239
4965 2240
4965 2245
4965 2253
4965 2259
4965 2266
4965 2267
4965 2272
4965 2293
4965 2299
4965 2305
4965 2333
4965 2341
4965 2346
4965 2353
4965 2360
4965 2367
4965 2374
4965 2387
4965 2388
4965 2400
4965 2409
4965 2415
4965 2421
4965 2427
4965 2434
4965 2441
4965 2456
4965 2463
4965 2469
4965 2470
4965 2483
4965 2484
5562 2317
5562 2318
3231 2153
5874 1230
5874 1228
5874 1226
5874 1220
5874 1218
5874 1216
3161 2262
3161 2282
3161 2289
3161 2295
3161 2302
3230 1875
3230 1933
3230 1968
3230 1974
3230 1995
5873 1227
5873 1223
5873 1220
5873 1218
5873 1217
5873 1216
3166 2091
3166 2092
3166 2098
3166 2106
3166 2112
3166 2113
3166 2119
3166 2125
3166 2126
3166 2127
3166 2132
3166 2133
3166 2140
3166 2141
3166 2146
3166 2152
3166 2153
3166 2158
3166 2159
3166 2166
3166 2167
3166 2172
3166 2173
3166 2178
3166 2179
3166 2185
3166 2186
3166 2191
3166 2192
3166 2193
3166 2200
3166 2206
3166 2212
3166 2213
3166 2214
3166 2220
3166 2221
3166 2226
3166 2227
3166 2233
3166 2240
3166 2241
3166 2248
3166 2254
3166 2260
3166 2267
3166 2274
3166 2281
3166 2300
3166 2308
3166 2315
3166 2322
3166 2328
3166 2342
3166 2347
3166 2349
3166 2360
3166 2362
3166 2368
3166 2395
3166 2402
3166 2423
3166 2451
3166 2456
3166 2458
3166 2464
3166 2478
3166 2484
3166 2485
3166 2486
5724 1192
5724 1187
5724 1186
5724 1184
5724 1183
5724 1182
5724 1181
5724 1180
5724 1179
5724 1178
5724 1177
5724 1176
5724 1175
5724 1174
5528 1750
6497 1174
5870 1230
5870 1228
5870 1226
5870 1222
5870 1220
5870 1218
5877 1230
5877 1228
5877 1226
5877 1224
5877 1220
5877 1218
5877 1217
5877 1216
5877 1215
6260 1176
6260 1175
6260 1174
6260 1173
6058 1220
6058 1211
6058 1210
6058 1209
6058 1208
6058 1207
6058 1206
6230 1177
6230 1176
6230 1175
6230 1174
6230 1173
6065 1218
6065 1211
6065 1206
6065 1205
6065 1204
6424 1179
6424 1178
6424 1177
6424 1176
6424 1175
6424 1174
6424 1173
