2111
3439 1838
3439 1845
3215 2281
3215 2289
3215 2487
3215 2493
6719 1253
6719 1251
6719 1239
6719 1232
6719 1221
6719 1218
6719 1211
6719 1205
6719 1202
6719 1194
6719 1189
6719 1175
6719 1174
5720 1177
5720 1176
5720 1174
5720 1173
3306 2413
5899 1227
5899 1225
5899 1223
5899 1221
5899 1219
5899 1217
5899 1215
3672 2039
3672 2061
3672 2066
3672 2142
3672 2390
3672 2397
3672 2411
3672 2417
3672 2418
3672 2431
3672 2437
3672 2438
3672 2445
3672 2451
3672 2457
3672 2458
3672 2464
3672 2465
3672 2471
3672 2472
3672 2478
3672 2479
3672 2480
3672 2486
3672 2487
3672 2492
3672 2493
3672 2499
3672 2500
3672 2507
3672 2514
3672 2520
3672 2521
3672 2527
3672 2528
3672 2535
3672 2540
3672 2541
3672 2542
3672 2549
3672 2555
3226 2282
3226 2294
3443 1852
3443 1859
3443 1865
3443 1873
3443 1880
3443 1886
3219 2141
4969 2475
4969 2476
4969 2477
4969 2483
6235 1901
6235 1586
6235 1569
6235 1551
6235 1517
6235 1469
6235 1464
3302 1788
3302 1795
3302 1801
3302 1808
3302 1822
3302 1828
3302 1829
3302 1836
3302 1843
3302 1845
3302 1851
3302 1857
3302 1864
3302 1865
3302 1866
3302 1871
3302 1872
3302 1878
3302 1884
3302 1885
3302 1949
3302 1956
3302 1957
3302 1962
3302 1963
3302 1964
3302 1970
3302 1978
3302 1985
3302 1992
3302 1999
3302 2014
3302 2041
3302 2049
3302 2055
3302 2061
3302 2082
3302 2238
3302 2258
3302 2277
3302 2284
3302 2291
3302 2311
3302 2319
3302 2338
3302 2365
3302 2372
3302 2385
3302 2392
3302 2408
3302 2434
5903 1227
5903 1225
5903 1223
5903 1221
5903 1219
5903 1217
5903 1215
3165 2256
3165 2262
3165 2263
3165 2269
3165 2282
3165 2323
3165 2336
3165 2357
3165 2363
3165 2370
3165 2385
3165 2390
3165 2404
3165 2405
3165 2410
3165 2424
3165 2432
3165 2445
3165 2451
3165 2466
6396 1178
6396 1177
6396 1176
6396 1175
6396 1174
6396 1173
3214 1879
3214 1884
3214 1885
3214 1891
3214 1892
3214 1899
3214 1906
3214 1907
3214 1914
3214 1919
3214 1934
3214 1941
3214 1948
3214 1955
3214 1963
3214 1969
3214 1977
3214 1984
3214 1998
3214 2027
3214 2040
3214 2047
3214 2049
3214 2075
3214 2076
3214 2082
3214 2088
3214 2096
3214 2103
3214 2109
3214 2129
3214 2130
3214 2209
3214 2217
3214 2229
3214 2244
3214 2251
3214 2257
3214 2277
3214 2296
3214 2351
3214 2386
3214 2391
3214 2419
3214 2452
3227 2314
6231 1178
6231 1177
6231 1176
6231 1175
6231 1174
6231 1173
5031 1780
5031 1802
5031 1822
5031 1857
6082 1214
6082 1204
5558 2317
5558 2318
5111 2428
6258 1923
6258 1922
6258 1916
6258 1915
6258 1908
6258 1907
6258 1894
6258 1887
5033 2394
6262 2340
3162 2410
3162 2422
3162 2430
3218 2142
5721 1176
5721 1174
4918 2313
6754 1192
6754 1188
6754 1173
4965 1823
4965 1824
4965 1825
4965 1829
4965 1831
4965 1839
4965 1844
4965 1845
4965 1846
4965 1852
4965 1853
4965 1858
4965 1859
4965 1860
4965 1867
4965 1873
4965 1874
4965 1880
4965 1881
4965 1886
4965 1887
4965 1888
4965 1894
4965 1895
4965 1902
4965 1903
4965 1908
4965 1909
4965 1910
4965 1915
4965 1916
4965 1917
4965 1922
4965 1923
4965 1924
4965 1931
4965 1932
4965 1938
4965 1944
4965 1945
4965 1951
4965 1952
4965 1959
4965 1960
4965 1965
4965 1966
4965 1967
4965 1973
4965 1979
4965 1980
4965 1981
4965 1986
4965 1987
4965 1988
4965 1994
4965 2000
4965 2001
4965 2002
4965 2007
4965 2008
4965 2014
4965 2016
4965 2021
4965 2022
4965 2023
4965 2028
4965 2029
4965 2035
4965 2036
4965 2042
4965 2043
4965 2049
4965 2050
4965 2051
4965 2056
4965 2057
4965 2058
4965 2064
4965 2070
4965 2071
4965 2077
4965 2078
4965 2084
4965 2085
4965 2091
4965 2092
4965 2098
4965 2099
4965 2105
4965 2106
4965 2111
4965 2112
4965 2113
4965 2117
4965 2118
4965 2119
4965 2124
4965 2125
4965 2126
4965 2131
4965 2138
4965 2139
4965 2144
4965 2145
4965 2151
4965 2152
4965 2158
4965 2159
4965 2160
4965 2165
4965 2166
4965 2177
4965 2178
4965 2183
4965 2185
4965 2190
4965 2191
4965 2192
4965 2197
4965 2203
4965 2204
4965 2205
4965 2218
4965 2219
4965 2224
4965 2225
4965 2226
4965 2231
4965 2232
4965 2239
4965 2240
4965 2245
4965 2253
4965 2259
4965 2266
4965 2267
4965 2272
4965 2293
4965 2299
4965 2305
4965 2333
4965 2341
4965 2346
4965 2353
4965 2360
4965 2367
4965 2374
4965 2387
4965 2388
4965 2400
4965 2409
4965 2415
4965 2421
4965 2427
4965 2434
4965 2441
4965 2456
4965 2463
4965 2469
4965 2470
4965 2483
4965 2484
6084 1218
6084 1217
6084 1214
6084 1211
1567 2269
1567 2270
1567 2276
1567 2283
6723 1254
6723 1253
6723 1251
6723 1250
6723 1248
6723 1246
6723 1244
6723 1243
6723 1241
6723 1239
6723 1238
6723 1237
6723 1236
6723 1234
6723 1232
6723 1230
6723 1228
6723 1227
6723 1226
6723 1224
6723 1223
6723 1221
6723 1219
6723 1218
6723 1216
6723 1215
6723 1214
6723 1212
6723 1210
6723 1209
6723 1207
6723 1205
6723 1204
6723 1202
6723 1201
6723 1199
6723 1198
6723 1197
6723 1196
6723 1195
6723 1194
6723 1192
6723 1191
6723 1190
6723 1189
6723 1188
6723 1187
6723 1186
6723 1185
6723 1184
6723 1183
6723 1182
6723 1179
6723 1178
6723 1175
6723 1174
6723 1173
5312 2130
4243 2574
4243 2608
3161 2397
6086 1216
4515 1937
4200 1796
4200 1824
4200 1825
4200 1845
4200 1846
4200 1853
4200 1887
3621 2289
3625 1751
3625 1752
3625 1758
3625 1760
3625 1766
3625 1767
3625 1772
3625 1773
3625 1778
3625 1779
3625 1780
3625 1786
3625 1787
3625 1793
3625 1794
3625 1800
3625 1807
3625 1808
3625 1814
3625 1815
3625 1821
3625 1822
3625 1828
3625 1829
3625 1835
3625 1836
3625 1841
3625 1849
3625 1856
3625 1862
3625 1863
3625 1877
3625 1884
3625 1891
3625 1905
3625 1934
3625 1969
3625 1977
3625 1983
3625 1990
3625 2033
3625 2053
3625 2101
3625 2115
3625 2175
3625 2223
3625 2229
3231 2153
5874 1230
5874 1228
5874 1226
5874 1220
5874 1218
5874 1216
6395 1180
6395 1179
6395 1178
6395 1177
6395 1176
6395 1175
6395 1174
6395 1173
4964 2107
4964 2108
4964 2113
4964 2114
4964 2120
4964 2127
4964 2133
4964 2135
4964 2147
4964 2153
4964 2161
4964 2162
4964 2167
4964 2172
4964 2179
4964 2180
4964 2186
4964 2187
4964 2192
4964 2193
4964 2199
4964 2205
4964 2207
4964 2212
4964 2213
4964 2219
4964 2220
4964 2221
4964 2226
4964 2228
4964 2234
4964 2235
4964 2241
4964 2247
4964 2248
4964 2254
4964 2256
4964 2260
4964 2261
4964 2268
4964 2287
4964 2301
4964 2306
4964 2308
4964 2314
4964 2315
4964 2321
4964 2322
4964 2328
4964 2334
4964 2347
4964 2349
4964 2368
4964 2376
4964 2383
4964 2389
4964 2409
4964 2410
4964 2416
4964 2417
4964 2422
4964 2423
4964 2424
4964 2430
4964 2437
4964 2444
4964 2457
4964 2472
4964 2478
4964 2479
6063 1218
6063 1210
6063 1207
6063 1206
6063 1205
6063 1204
6426 2146
6426 1960
6426 1954
6739 1253
6739 1248
6739 1246
6739 1243
6739 1241
6739 1239
6739 1238
6739 1236
6739 1234
6739 1233
6739 1232
6739 1230
6739 1227
6739 1225
6739 1224
6739 1223
6739 1222
6739 1221
6739 1219
6739 1218
6739 1217
6739 1216
6739 1215
6739 1214
6739 1212
6739 1210
6739 1208
6739 1207
6739 1205
6739 1204
6739 1203
6739 1202
6739 1201
6739 1200
6739 1199
6739 1198
6739 1197
6739 1196
6739 1195
6739 1194
6739 1192
6739 1191
6739 1190
6739 1189
6739 1188
6739 1187
6739 1186
6739 1185
6739 1184
6739 1183
6739 1182
6739 1181
6739 1180
6739 1179
6739 1178
6739 1177
6739 1176
6739 1175
6739 1174
6739 1173
3230 1875
3230 1933
3230 1968
3230 1974
3230 1995
6399 1564
6399 1512
6399 1502
6399 1496
6399 1491
6399 1476
6399 1394
6399 1352
6431 2144
6259 1178
6259 1177
6259 1176
6259 1175
6259 1174
6259 1173
6400 1605
6400 1550
6400 1546
6400 1534
6400 1529
6400 1528
6400 1512
6400 1511
6400 1507
6400 1506
6400 1501
6400 1495
6400 1490
6400 1489
6400 1485
6400 1480
6400 1455
6400 1450
6400 1425
6400 1416
6400 1412
6400 1407
6400 1402
6400 1393
6400 1372
6400 1368
6400 1348
6400 1340
6400 1336
6400 1329
6400 1318
5873 1227
5873 1223
5873 1220
5873 1218
5873 1217
5873 1216
4202 2263
4202 2276
4202 2282
5512 1899
5512 1906
5512 1907
5512 2195
5311 1987
5311 2029
3166 2140
3166 2141
3166 2146
3166 2152
3166 2153
3166 2158
3166 2159
3166 2166
3166 2167
3166 2172
3166 2173
3166 2178
3166 2179
3166 2185
3166 2186
3166 2191
3166 2192
3166 2193
3166 2200
3166 2206
3166 2212
3166 2213
3166 2214
3166 2220
3166 2221
3166 2226
3166 2227
3166 2233
3166 2240
3166 2241
3166 2248
3166 2254
3166 2260
3166 2267
3166 2274
3166 2281
3166 2300
3166 2308
3166 2315
3166 2322
3166 2328
3166 2342
3166 2347
3166 2349
3166 2360
3166 2362
3166 2368
3166 2395
3166 2402
3166 2423
3166 2451
3166 2456
3166 2458
3166 2464
3166 2478
3166 2484
3166 2485
3166 2486
6735 1248
6735 1246
6735 1245
6735 1243
6735 1241
6735 1239
6735 1238
6735 1236
6735 1234
6735 1230
6735 1229
6735 1227
6735 1223
6735 1221
6735 1219
6735 1217
6735 1216
6735 1215
6735 1214
6735 1212
6735 1210
6735 1208
6735 1207
6735 1205
6735 1204
6735 1202
6735 1201
6735 1199
6735 1198
6735 1196
6735 1195
6735 1194
6735 1192
6735 1191
6735 1190
6735 1189
6735 1188
6735 1186
6735 1185
6735 1184
6735 1183
6735 1182
6735 1181
6735 1180
6735 1179
6735 1178
6735 1177
6735 1176
6735 1175
6735 1174
6735 1173
5107 2204
3941 2054
3941 2264
3941 2529
3941 2579
3941 2600
3941 2605
3941 2606
5724 1192
5724 1187
5724 1186
5724 1184
5724 1183
5724 1182
5724 1181
5724 1180
5724 1179
5724 1178
5724 1177
5724 1176
5724 1175
5724 1174
4199 1798
5409 2256
5409 2295
5110 1947
5110 1960
5110 1968
5110 1995
5110 2024
5110 2039
5110 2052
5110 2059
5110 2066
5110 2079
5110 2086
5110 2100
5110 2107
5110 2112
5110 2120
5110 2127
5110 2133
5110 2139
5110 2140
5110 2146
5110 2153
5110 2159
5110 2160
5110 2166
5110 2167
5110 2173
5110 2180
5110 2186
5110 2191
5110 2192
5110 2198
5110 2199
5110 2206
5110 2213
5110 2227
5110 2234
5110 2240
5110 2354
5110 2375
5110 2408
5110 2417
5110 2429
5110 2430
5528 1834
3627 2119
3627 2120
3627 2132
3627 2133
3627 2139
3627 2146
3627 2151
3627 2152
3627 2158
3627 2165
3627 2172
3627 2178
3627 2179
3627 2184
3627 2185
3627 2191
3627 2198
3627 2199
3627 2205
3627 2206
3627 2219
3627 2226
3627 2227
3627 2232
3627 2234
3627 2238
3627 2240
3627 2246
3627 2253
3627 2259
3627 2273
3627 2286
3627 2294
3627 2301
3627 2313
3627 2335
3627 2341
3627 2368
3627 2409
3627 2429
3627 2430
3627 2435
3627 2463
3627 2477
3627 2485
3627 2511
3627 2525
3627 2539
3627 2552
5315 2299
5315 2333
5315 2340
6497 2034
6497 2033
6497 2028
6497 2027
6497 2021
6497 1174
3303 1704
3303 1717
3303 1841
3303 1842
3303 1871
3303 1877
3303 1883
3303 1884
3303 1890
3303 1891
3303 1899
3303 1904
3303 1905
3303 1911
3303 1918
3303 1919
3303 1925
3303 1926
3303 1928
3303 1932
3303 1933
3303 1940
3303 1947
3303 1948
3303 1954
3303 1955
3303 1969
3303 2004
3303 2018
3303 2067
3303 2074
3303 2088
3303 2121
3303 2122
3303 2135
3303 2140
3303 2156
3303 2175
3303 2243
3303 2309
3303 2343
3303 2344
3303 2383
3303 2390
3303 2426
3303 2458
5718 1181
5718 1178
5718 1177
5718 1176
5718 1175
5718 1174
5718 1173
6501 2027
6501 2020
6501 1173
6750 1243
6750 1237
6750 1234
6750 1232
6750 1230
6750 1228
6750 1226
6750 1224
6750 1223
6750 1222
6750 1221
6750 1220
6750 1218
6750 1216
6750 1214
6750 1212
6750 1211
6750 1210
6750 1209
6750 1208
6750 1207
6750 1205
6750 1204
6750 1202
6750 1201
6750 1200
6750 1199
6750 1198
6750 1197
6750 1196
6750 1195
6750 1194
6750 1193
6750 1192
6750 1191
6750 1190
6750 1189
6750 1188
6750 1187
6750 1186
6750 1185
6750 1184
6750 1183
6750 1182
6750 1181
6750 1180
6750 1179
6750 1178
6750 1177
6750 1176
6750 1175
6750 1174
6750 1173
6234 1497
5695 2049
5695 2055
5695 2069
1569 2266
1569 2272
1569 2273
1569 2279
1569 2280
1569 2281
1569 2285
1569 2286
6062 1211
6062 1210
6062 1207
6062 1206
6062 1204
3902 1891
3902 1906
3902 1920
6230 1177
6230 1176
6230 1175
6230 1174
6230 1173
6260 2343
6260 2342
6260 1898
5870 1230
5870 1228
5870 1226
5870 1222
5870 1220
5870 1218
6059 1212
6059 1210
6059 1207
6059 1205
6427 2001
6427 1972
6427 1965
6427 1959
6427 1952
6427 1944
6427 1937
6427 1930
6427 1923
6427 1922
6427 1915
6427 1908
6427 1901
6427 1887
6427 1872
6427 1180
6427 1179
6427 1178
6427 1177
6427 1176
6427 1175
6427 1174
6427 1173
3304 1715
3304 1869
3304 1910
3304 2133
3304 2146
3304 2153
3304 2234
5877 1230
5877 1228
5877 1226
5877 1224
5877 1220
5877 1218
5877 1217
5877 1216
5877 1215
5481 2318
6498 2236
6498 2229
6498 2032
6498 2026
6498 2025
6498 2019
6498 2018
6498 1179
6498 1174
6498 1173
6428 1181
6428 1180
6428 1179
6428 1178
6428 1177
6428 1176
6428 1175
6428 1174
6428 1173
6058 1220
6058 1211
6058 1210
6058 1209
6058 1208
6058 1207
6058 1206
3940 2056
3940 2057
3940 2084
3940 2144
3940 2145
3940 2165
3940 2225
3940 2231
3940 2245
3940 2258
3940 2266
3940 2272
3940 2279
3940 2293
3940 2400
3940 2442
3940 2455
3940 2462
3940 2538
3940 2552
3940 2553
3940 2560
3940 2573
3940 2581
3940 2587
3940 2588
3940 2594
3940 2601
3940 2607
3940 2608
6061 1220
6061 1217
6061 1211
6061 1210
6061 1209
6061 1208
6061 1206
6061 1205
6061 1204
3673 2477
3673 2506
3673 2513
3673 2533
3673 2539
3673 2546
3673 2547
1571 2269
1571 2270
1571 2275
1571 2276
1571 2283
5106 2052
5900 1229
5900 1227
5900 1224
5900 1222
5900 1221
5900 1220
5900 1219
5900 1218
5900 1217
5900 1215
5725 1190
5725 1189
5725 1188
5725 1187
5725 1186
5725 1185
5725 1184
5725 1183
5725 1182
5725 1181
5725 1180
5725 1179
5725 1178
5725 1177
5725 1176
4968 2478
1570 2270
1570 2271
1570 2277
1570 2278
1570 2284
1570 2285
3440 2290
3440 2291
3440 2296
3440 2297
3440 2304
3440 2305
3440 2311
3440 2312
3440 2317
3440 2318
3440 2325
3440 2333
3440 2338
3440 2339
3440 2344
3440 2352
3440 2358
3440 2365
3440 2372
3440 2379
3440 2385
3440 2392
3440 2393
3440 2398
3440 2399
3440 2405
3440 2406
3440 2413
3440 2414
3440 2420
3440 2427
3440 2433
3440 2439
3440 2440
3440 2447
3440 2448
3440 2454
3440 2461
3440 2466
3440 2467
3440 2468
3440 2474
3440 2475
3440 2482
3440 2489
3440 2495
3440 2501
3440 2502
6083 1221
6083 1219
6083 1217
6083 1216
6083 1215
6083 1211
6080 1221
6080 1218
6080 1217
6080 1211
5112 2237
5112 2420
1568 2267
1568 2274
1568 2282
6755 1225
6755 1219
6755 1212
6755 1206
6755 1192
6755 1186
6755 1178
6755 1175
5316 2331
5316 2332
6065 1218
6065 1211
6065 1206
6065 1205
6065 1204
5902 1228
5902 1227
5902 1226
5902 1225
5902 1223
5902 1219
5902 1218
5902 1217
5902 1216
5902 1215
5902 1214
5105 1683
5105 1718
5105 1801
5105 1877
5105 1969
5105 2168
5105 2207
5109 1779
5109 1793
5109 1801
5109 1808
5109 1821
5109 1829
5109 1841
5109 1842
5109 1848
5109 1849
5109 1856
5109 1857
5109 1862
5109 1863
5109 1864
5109 1870
5109 1871
5109 1876
5109 1877
5109 1883
5109 1884
5109 1891
5109 1892
5109 1898
5109 1899
5109 1904
5109 1905
5109 1912
5109 1913
5109 1920
5109 1921
5109 1926
5109 1927
5109 1932
5109 1933
5109 1934
5109 1940
5109 1941
5109 1942
5109 1948
5109 1949
5109 1954
5109 1955
5109 1961
5109 1969
5109 1975
5109 1976
5109 1977
5109 1983
5109 1989
5109 1991
5109 1996
5109 1997
5109 2005
5109 2011
5109 2012
5109 2013
5109 2017
5109 2018
5109 2024
5109 2025
5109 2031
5109 2032
5109 2039
5109 2040
5109 2045
5109 2046
5109 2053
5109 2059
5109 2060
5109 2061
5109 2067
5109 2068
5109 2073
5109 2074
5109 2080
5109 2081
5109 2087
5109 2088
5109 2094
5109 2096
5109 2102
5109 2109
5109 2113
5109 2114
5109 2115
5109 2121
5109 2122
5109 2123
5109 2129
5109 2133
5109 2134
5109 2141
5109 2142
5109 2149
5109 2154
5109 2155
5109 2161
5109 2167
5109 2174
5109 2175
5109 2181
5109 2186
5109 2187
5109 2193
5109 2194
5109 2199
5109 2201
5109 2207
5109 2214
5109 2215
5109 2229
5109 2234
5109 2235
5109 2241
5109 2242
5109 2243
5109 2247
5109 2248
5109 2249
5109 2257
5109 2264
5109 2275
5109 2288
5109 2289
5109 2295
5109 2302
5109 2310
5109 2322
5109 2331
5109 2337
5109 2343
5109 2350
5109 2357
5109 2363
5109 2371
5109 2398
5109 2424
5109 2425
1572 2274
1572 2281
1572 2282
5692 2331
6430 2145
6430 1179
6430 1178
6430 1177
6430 1176
6430 1175
6430 1174
6430 1173
5901 1228
5901 1226
5901 1224
5901 1222
5901 1220
5901 1218
5901 1216
5901 1215
5901 1214
6424 1179
6424 1178
6424 1177
6424 1176
6424 1175
6424 1174
6424 1173
5484 2319
1566 2271
1566 2272
1566 2277
1566 2278
1566 2284
1566 2285
6261 1178
6261 1177
6261 1176
6261 1175
6261 1174
6261 1173
5689 2343
3671 1892
3671 1900
3671 1907
3671 1928
3671 1934
3671 1949
3671 1955
3671 1956
3671 1963
3671 1983
3671 2018
3671 2020
3671 2046
3671 2047
3671 2055
3671 2091
3671 2224
3164 2040
3164 2047
3164 2055
3164 2061
3164 2068
3164 2096
3164 2097
3164 2103
3164 2116
3164 2117
3164 2123
3164 2129
3164 2137
3164 2143
3164 2149
3164 2163
3164 2189
3164 2203
3164 2209
3164 2216
3164 2217
3164 2224
3164 2230
3164 2244
3164 2245
3164 2251
5898 1228
5898 1226
5898 1225
5898 1223
5898 1221
5898 1220
5898 1218
5898 1216
5898 1215
5898 1214
3163 2090
3163 2097
3163 2157
3163 2170
5525 2315
3393 2217
3393 2226
3393 2252
3393 2265
3393 2272
3393 2278
3393 2441
4828 1738
4828 1794
4828 1814
4828 1815
4828 1843
4828 1844
4828 1856
4828 1857
4828 1879
4828 1884
4828 1885
4828 1891
4828 1898
4828 1906
4828 1913
4828 1921
4828 1928
4828 1935
4828 1943
4828 1949
4828 1950
4828 1956
4828 1971
4828 1972
4828 2055
4828 2075
4828 2082
4828 2090
4828 2097
4828 2144
4828 2155
4828 2162
4828 2182
4828 2412
4828 2419
4828 2439
4206 2255
4206 2263
4206 2275
6394 1180
6394 1179
6394 1178
6394 1177
6394 1176
6394 1175
6394 1174
6394 1173
3670 1780
3670 1782
3670 1789
3670 1824
3670 1838
3670 1858
3670 1859
3670 1872
3670 1873
3670 1880
3670 1886
3670 1887
3670 1888
3670 1893
3670 1894
3670 1901
3670 1909
3670 1915
3670 1921
3670 1922
3670 1937
3670 1950
3670 1951
3670 1957
3670 1965
3670 1993
3670 2000
3670 2063
3670 2111
3670 2170
3670 2231
5308 1767
5308 1768
5308 1802
5308 1824
5308 1908
5308 1941
5308 2041
5308 2095
5308 2097
5308 2110
5308 2130
5308 2170
5308 2217
5308 2237
5308 2331
3668 1731
3668 1750
3668 1792
3668 1820
3668 1840
3668 1854
3668 1855
3668 1869
3668 1876
3668 1884
3668 1905
3668 1911
3668 1919
3668 1927
3668 1932
3668 1969
3668 1982
3668 1997
3668 2005
3668 2017
3668 2066
3668 2079
3668 2101
3668 2114
3668 2121
3668 2149
3668 2174
3668 2242
3668 2248
3668 2249
3668 2262
3668 2269
3668 2270
3668 2289
6085 1220
6085 1218
6085 1214
6085 1204
6256 1646
6499 2031
6499 2030
6499 2024
6499 1174
6499 1173
6060 1221
6060 1211
6060 1210
6060 1208
6060 1207
6060 1205
3624 1604
3624 1629
3624 1654
3624 1661
3624 1666
3624 1673
3624 1686
3624 1706
3624 1707
3624 1713
3624 1720
3624 1726
3624 1727
3624 1733
3624 1746
3624 1752
3624 1774
3624 1787
3624 1801
3160 2277
3160 2284
3160 2290
4512 1641
4512 1642
4512 1844
4512 1851
3216 2484
5529 2313
6722 1254
6722 1251
6722 1249
6722 1247
6722 1246
6722 1244
6722 1242
6722 1237
6722 1235
6722 1233
6722 1230
6722 1228
6722 1226
6722 1224
6722 1222
6722 1220
6722 1218
6722 1216
6722 1215
6722 1214
6722 1213
6722 1212
6722 1211
6722 1209
6722 1208
6722 1206
6722 1204
6722 1203
6722 1202
6722 1200
6722 1199
6722 1198
6722 1197
6722 1194
6722 1193
6722 1191
6722 1189
6722 1188
6722 1187
6722 1186
6722 1185
6722 1184
6722 1175
6722 1174
6722 1173
6502 1182
6502 1181
6502 1180
6502 1179
6502 1178
6502 1177
6502 1176
6502 1175
6502 1174
6502 1173
5404 1712
5404 1807
5404 1808
5404 1900
5404 1914
5404 1921
5404 1928
5404 1950
5404 1962
5404 1963
5404 1985
5404 1999
5404 2005
5404 2020
5404 2034
5404 2048
5404 2062
5404 2082
5404 2090
5404 2116
5404 2122
5404 2129
5404 2156
5404 2157
4510 1840
4510 1841
4510 1847
4510 1848
4510 1854
4510 1855
1573 2266
1573 2272
1573 2273
1573 2279
1573 2280
1573 2281
1573 2285
1573 2286
1573 2287
5897 1228
5897 1226
5897 1224
5897 1220
5897 1218
5897 1216
5897 1214
6429 1179
6429 1178
6429 1177
6429 1176
6429 1175
6429 1174
6429 1173
5719 1177
5719 1176
5719 1175
5719 1174
5719 1173
5904 1217
4509 1842
4509 1857
5309 1772
5309 1814
5309 1843
5309 1877
5309 1905
5309 1906
5309 1976
5309 2053
5309 2109
5309 2141
5309 2188
5309 2207
6233 1182
6233 1180
6233 1179
6233 1178
6233 1177
6233 1176
6233 1175
6233 1174
6233 1173
1565 2272
1565 2273
1565 2279
1565 2280
1565 2286
4508 1622
4508 1629
4508 1843
6255 1464
3669 1694
3669 1695
3669 1709
3669 1736
3669 1763
3669 1790
3669 1805
3669 1819
3669 1845
3669 1853
3669 1888
3669 1895
3669 1902
3669 1903
3669 1917
3669 1918
3669 1923
3669 1930
3669 1946
3669 1960
3669 1966
3669 1987
3669 1994
3669 2002
3669 2009
3669 2015
3669 2065
3669 2078
3669 2099
3669 2199
6087 1221
6087 1218
6087 1217
6087 1215
6087 1211
6257 1743
5561 2320
6500 2029
6500 2028
6500 2023
6500 2022
6500 2021
6500 2014
6500 1174
4205 2359
4205 2364
6721 1257
6721 1255
6721 1252
6721 1250
6721 1249
6721 1247
6721 1245
6721 1243
6721 1242
6721 1240
6721 1237
6721 1233
6721 1231
6721 1230
6721 1229
6721 1228
6721 1227
6721 1226
6721 1225
6721 1224
6721 1222
6721 1220
6721 1219
6721 1217
6721 1215
6721 1213
6721 1211
6721 1210
6721 1208
6721 1206
6721 1205
6721 1204
6721 1203
6721 1201
6721 1198
6721 1197
6721 1196
6721 1195
6721 1194
6721 1191
6721 1188
6721 1187
6721 1186
6721 1185
6721 1184
6721 1183
6721 1173
6724 1256
6724 1255
6724 1253
6724 1252
6724 1250
6724 1247
6724 1245
6724 1243
6724 1240
6724 1238
6724 1237
6724 1236
6724 1234
6724 1233
6724 1232
6724 1231
6724 1229
6724 1227
6724 1225
6724 1223
6724 1221
6724 1219
6724 1217
6724 1215
6724 1214
6724 1213
6724 1212
6724 1211
6724 1210
6724 1208
6724 1207
6724 1206
6724 1205
6724 1204
6724 1203
6724 1202
6724 1201
6724 1200
6724 1199
6724 1198
6724 1197
6724 1196
6724 1195
6724 1193
6724 1192
6724 1191
6724 1190
6724 1189
6724 1188
6724 1187
6724 1186
6724 1185
6724 1184
6724 1183
6724 1182
6724 1181
6724 1179
6724 1176
6724 1175
6724 1174
6724 1173
