2111
-1.91018 -0.577446 0.133244
-1.91085 -0.577646 0.122445
-1.8871 -0.973589 -0.647583
-1.90894 -0.985276 -0.669093
-1.90627 -0.984741 -1.07537
-1.90985 -0.985744 -1.09037
2.29339 2.14162 1.90335
2.29658 2.14535 1.91457
2.30116 2.14962 1.96161
2.29955 2.14812 1.98395
2.29911 2.14771 2.02215
2.30099 2.15022 2.0358
2.29835 2.147 2.06048
2.29823 2.14613 2.07971
2.30059 2.14834 2.09292
2.29554 2.14437 2.12044
2.30128 2.15049 2.14374
2.30106 2.15028 2.19704
2.30097 2.1487 2.19869
0.003546 1.84713 1.28475
0.003868 1.84668 1.2854
0.003162 1.81165 1.26571
0.003861 1.84354 1.2899
-2.32669 -0.990501 -1.08069
0.305233 2.0448 1.31458
0.308953 2.06725 1.33469
0.310904 2.07288 1.3441
0.308332 2.0631 1.34125
0.307495 2.05259 1.33911
0.304904 2.0426 1.33657
0.305593 2.0399 1.34053
-1.91058 -0.197439 -0.18867
-1.89713 -0.19605 -0.221012
-1.90599 -0.196628 -0.231195
-1.91734 -0.198138 -0.355163
-1.91741 -0.197807 -0.781537
-1.93144 -0.199254 -0.799909
-1.93162 -0.198932 -0.825459
-1.93628 -0.199412 -0.839916
-1.92635 -0.199069 -0.837644
-1.90847 -0.196884 -0.853812
-1.92246 -0.197989 -0.871399
-1.91276 -0.197327 -0.868631
-1.93522 -0.199303 -0.89152
-1.93055 -0.198822 -0.901694
-1.92605 -0.197679 -0.911506
-1.92551 -0.198303 -0.912519
-1.93875 -0.198983 -0.931265
-1.93787 -0.199576 -0.932965
-1.92443 -0.197513 -0.938111
-1.91509 -0.197229 -0.93442
-1.93738 -0.198841 -0.957048
-1.91863 -0.197594 -0.949911
-1.91806 -0.198212 -0.950921
-1.93061 -0.198828 -0.970621
-1.92097 -0.198513 -0.967497
-1.92628 -0.197703 -0.979418
-1.92498 -0.198588 -0.981783
-1.92907 -0.19867 -0.995797
-1.91971 -0.197705 -0.992239
-1.9226 -0.198342 -1.0083
-1.91679 -0.197743 -1.01941
-1.9117 -0.196544 -1.02916
-1.91983 -0.198395 -1.03489
-1.93259 -0.19835 -1.0535
-1.9312 -0.199229 -1.05588
-1.93439 -0.199558 -1.07085
-1.92982 -0.198067 -1.07933
-1.92032 -0.197768 -1.07581
-1.9195 -0.198361 -1.07716
-1.92221 -0.197963 -1.09284
-1.90774 -0.1958 -1.09831
-2.50206 -1.26224 -0.855182
-2.52812 -1.27538 -0.896062
-1.90383 -0.568642 0.110391
-1.91407 -0.571338 0.099443
-1.91455 -0.57148 0.088982
-1.91493 -0.571959 0.076776
-1.91532 -0.572076 0.065264
-1.91594 -0.571168 0.054099
-2.02201 -1.0365 -0.416206
-1.28168 1.82297 -1.08833
-1.28188 1.8219 -1.08988
-1.27174 1.80615 -1.08264
-1.27341 1.80919 -1.09825
1.23344 2.73432 0.046075
1.22656 2.7216 0.835736
1.22559 2.71944 0.880165
1.22841 2.72443 0.930262
1.22947 2.72551 1.02253
1.23088 2.72991 1.15611
1.23223 2.73418 1.17229
-2.1011 -0.902268 0.2476
-2.11159 -0.906773 0.234643
-2.10347 -0.903287 0.222443
-2.09565 -0.899497 0.207947
-2.10656 -0.905049 0.182457
-2.10799 -0.903919 0.17125
-2.10778 -0.904702 0.169649
-2.1088 -0.904704 0.156435
-2.10035 -0.90108 0.14379
-2.09091 -0.898327 0.139588
-2.09152 -0.898586 0.128465
-2.10163 -0.902064 0.116257
-2.11152 -0.90587 0.104335
-2.08387 -0.89444 0.101787
-2.08362 -0.895195 0.100203
-2.08436 -0.89465 0.08912
-2.08411 -0.895402 0.087536
-2.10343 -0.901966 0.078322
-2.0946 -0.89818 0.06565
-2.09432 -0.898925 0.064457
-2.09472 -0.898662 -0.054512
-2.09454 -0.898153 -0.068037
-2.10337 -0.902807 -0.069933
-2.10337 -0.901939 -0.080319
-2.10316 -0.902283 -0.081917
-2.11214 -0.906575 -0.083478
-2.09335 -0.898509 -0.094681
-2.10161 -0.902922 -0.10987
-2.09199 -0.898359 -0.122108
-2.09111 -0.898413 -0.136013
-2.09056 -0.897744 -0.148325
-2.10696 -0.905222 -0.176854
-2.11207 -0.906981 -0.229429
-2.11071 -0.906394 -0.243866
-2.1095 -0.905878 -0.255891
-2.10844 -0.904987 -0.267507
-2.1135 -0.906285 -0.306835
-2.11316 -0.907448 -0.612779
-2.1039 -0.903036 -0.650025
-2.11137 -0.906677 -0.692874
-2.09938 -0.901095 -0.701959
-2.11316 -0.907013 -0.72109
-2.11049 -0.905863 -0.762668
-2.10601 -0.904376 -0.776684
-2.10309 -0.902688 -0.816745
-2.11241 -0.906253 -0.876372
-2.10715 -0.904432 -0.890797
-2.107 -0.903933 -0.918879
-2.11061 -0.905916 -0.935442
-2.10779 -0.905577 -0.968118
-2.11304 -0.907833 -1.0302
0.31688 2.06841 1.33104
0.310713 2.03289 1.31316
0.316762 2.07247 1.34337
0.312952 2.04515 1.3308
0.315177 2.05969 1.34489
0.312908 2.04964 1.34237
0.311051 2.03036 1.33544
-1.90641 -1.08607 -0.620033
-1.90451 -1.08323 -0.630748
-1.91153 -1.08899 -0.635818
-1.90142 -1.08147 -0.642975
-1.91209 -1.08754 -0.671687
-1.89907 -1.08102 -0.749012
-1.9083 -1.08627 -0.779303
-1.89594 -1.08011 -0.817126
-1.9097 -1.08618 -0.834118
-1.88909 -1.0749 -0.839551
-1.90413 -1.08433 -0.876428
-1.90941 -1.08602 -0.889735
-1.89953 -1.08171 -0.915742
-1.90712 -1.08604 -0.920755
-1.90447 -1.08321 -0.929558
-1.90251 -1.08254 -0.959509
-1.89701 -1.08028 -0.972863
-1.91167 -1.08775 -1.00932
-1.90736 -1.08529 -1.02006
-1.90385 -1.08417 -1.05112
1.67952 2.70879 2.2127
1.68371 2.71449 2.22008
1.68174 2.71343 2.22286
1.67667 2.70419 2.22048
1.66695 2.68956 2.21069
1.66208 2.68066 2.20772
-1.90825 -0.987875 0.072034
-1.90919 -0.986672 0.063032
-1.89987 -0.983117 0.059752
-1.9095 -0.986831 0.049903
-1.90918 -0.987509 0.048778
-1.9094 -0.987627 0.035647
-1.90084 -0.982778 0.02353
-1.90068 -0.983115 0.02241
-1.9093 -0.988419 0.010132
-1.90113 -0.982505 0.000747
-1.90082 -0.982768 -0.025397
-1.90954 -0.987276 -0.037898
-1.90932 -0.98716 -0.050278
-1.90902 -0.987005 -0.063032
-1.90863 -0.986804 -0.076534
-1.90825 -0.986606 -0.087783
-1.90737 -0.986999 -0.101279
-1.89813 -0.981794 -0.113118
-1.90592 -0.985405 -0.137621
-1.90211 -0.984276 -0.18888
-1.90923 -0.987536 -0.212655
-1.90852 -0.986327 -0.224282
-1.90752 -0.987496 -0.227656
-1.90325 -0.984026 -0.273712
-1.88482 -0.975748 -0.273771
-1.90178 -0.983262 -0.286421
-1.89188 -0.977728 -0.295506
-1.90695 -0.9872 -0.312878
-1.90559 -0.986075 -0.324492
-1.89595 -0.979828 -0.333057
-1.90817 -0.986568 -0.371432
-1.90731 -0.987388 -0.373681
-1.90832 -0.987068 -0.517789
-1.90506 -0.985801 -0.532027
-1.90895 -0.986969 -0.556969
-1.90268 -0.984149 -0.582808
-1.90824 -0.987445 -0.597067
-1.89734 -0.981388 -0.604462
-1.90519 -0.985447 -0.64556
-1.90475 -0.984381 -0.682204
-1.89246 -0.978025 -0.784199
-1.90408 -0.985294 -0.860105
-1.89298 -0.978711 -0.865316
-1.90769 -0.985895 -0.929701
-1.90833 -0.986648 -1.00086
-2.34648 -1.18118 -0.878475
1.30326 2.91758 2.2184
1.30248 2.91581 2.22119
1.30333 2.915 2.22175
1.29872 2.90468 2.22048
1.29825 2.90362 2.22215
1.29209 2.89527 2.21919
-1.27164 2.01698 0.273352
-1.27401 2.02074 0.231281
-1.27523 2.02424 0.19039
-1.27761 2.02802 0.121841
0.600415 1.9541 1.33213
0.596915 1.94392 1.3485
-0.424196 3.22209 -1.09687
-0.424516 3.21152 -1.0965
-1.16465 2.14681 -1.07875
1.2488 2.63947 -0.008664
1.25782 2.65734 -0.006671
1.25308 2.64851 0.009205
1.26256 2.66614 0.011327
1.26158 2.66649 0.027288
1.25869 2.65677 0.029248
1.24472 2.62965 0.060942
1.24838 2.63858 0.076437
-1.39227 2.21861 -1.07158
1.3214 2.77038 -1.0984
-2.16583 -1.23888 -1.05757
-2.16405 -1.23786 -1.08764
-2.13461 -1.22102 -1.09026
-1.91639 -0.983198 -0.396089
0.005456 1.8387 1.27936
0.005151 1.84444 1.28862
-1.36853 1.7835 -0.750443
2.2487 1.9832 2.02847
2.24862 1.98451 2.04508
2.24876 1.98395 2.09824
-1.26187 1.78154 0.172969
-1.26869 1.78918 0.171079
-1.26874 1.78925 0.16993
-1.26208 1.7825 0.161154
-1.25768 1.77366 0.157382
-1.25827 1.77449 0.142579
-1.26311 1.78395 0.134841
-1.26955 1.79173 0.133924
-1.27025 1.79138 0.132007
-1.26997 1.79231 0.121657
-1.26487 1.78379 0.119578
-1.26968 1.79323 0.110538
-1.27004 1.79308 0.109004
-1.25945 1.77616 0.106873
-1.25339 1.76892 0.093897
-1.26458 1.78602 0.084069
-1.26555 1.78542 0.08216
-1.25423 1.76945 0.069676
-1.25457 1.76928 0.067783
-1.25927 1.77853 0.058967
-1.25991 1.77812 0.057446
-1.26602 1.78608 0.056563
-1.25977 1.77858 0.044894
-1.26041 1.77816 0.043752
-1.26569 1.78694 0.031342
-1.26601 1.78673 0.029813
-1.25968 1.7791 0.020165
-1.2603 1.77867 0.019024
-1.26093 1.77824 0.017502
-1.24847 1.76263 0.007163
-1.26644 1.78667 0.006116
-1.27254 1.79461 0.004992
-1.25973 1.77918 -0.004946
-1.26004 1.77895 -0.006088
-1.26675 1.78645 -0.007645
-1.26638 1.78659 -0.021404
-1.26669 1.78637 -0.022169
-1.24865 1.76223 -0.032043
-1.26525 1.78697 -0.044335
-1.26069 1.77791 -0.045654
-1.2651 1.78676 -0.055799
-1.26053 1.77767 -0.057826
-1.27064 1.79459 -0.070255
-1.27182 1.79361 -0.073709
-1.25308 1.7698 -0.080652
-1.25944 1.77745 -0.082925
-1.26549 1.78534 -0.084833
-1.25397 1.76843 -0.095411
-1.26431 1.78499 -0.106981
-1.26488 1.78447 -0.10889
-1.25939 1.77607 -0.109153
-1.25786 1.77654 -0.118652
-1.26418 1.78415 -0.121486
-1.26477 1.78365 -0.122631
-1.25742 1.77592 -0.131946
-1.26852 1.7916 -0.145036
-1.26943 1.79089 -0.145803
-1.2639 1.78243 -0.147047
-1.26286 1.78228 -0.157342
-1.25186 1.76546 -0.157794
-1.25655 1.77338 -0.169144
-1.25703 1.77275 -0.172179
-1.26111 1.78113 -0.182493
-1.26712 1.78896 -0.184474
-1.2622 1.78004 -0.18554
-1.26659 1.7882 -0.195185
-1.26135 1.77949 -0.196201
-1.25469 1.77076 -0.206292
-1.26677 1.78647 -0.209332
-1.25916 1.77838 -0.219032
-1.27149 1.7938 -0.222951
-1.26414 1.7854 -0.233017
-1.26438 1.78508 -0.234163
-1.25916 1.7764 -0.234619
-1.25765 1.77624 -0.243737
-1.26391 1.78377 -0.246376
-1.25869 1.77508 -0.246776
-1.25736 1.77451 -0.257407
-1.26741 1.79003 -0.271245
-1.26219 1.78133 -0.271542
-1.26649 1.78872 -0.283873
-1.2618 1.77947 -0.285254
-1.26035 1.77875 -0.295911
-1.26662 1.78626 -0.298403
-1.25313 1.76986 -0.305546
-1.27133 1.79291 -0.312417
-1.26405 1.78397 -0.32208
-1.26461 1.78343 -0.322843
-1.25184 1.76607 -0.331639
-1.25776 1.77378 -0.334292
-1.26138 1.78151 -0.345339
-1.26792 1.78876 -0.34805
-1.26809 1.78834 -0.34958
-1.24894 1.76395 -0.353158
-1.26083 1.77941 -0.357906
-1.2556 1.77072 -0.357802
-1.26499 1.78661 -0.36908
-1.25977 1.77791 -0.368939
-1.2602 1.77721 -0.370841
-1.26936 1.79278 -0.384169
-1.26245 1.78302 -0.394272
-1.2626 1.78258 -0.395797
-1.26124 1.78131 -0.405706
-1.26738 1.78866 -0.409064
-1.25999 1.77955 -0.417128
-1.26666 1.78633 -0.421301
-1.26479 1.78501 -0.432379
-1.27087 1.79226 -0.436235
-1.26498 1.78395 -0.436197
-1.26355 1.7826 -0.445735
-1.26939 1.79018 -0.448883
-1.25532 1.77098 -0.464974
-1.26109 1.77847 -0.468591
-1.26999 1.79368 -0.482004
-1.2709 1.79231 -0.484689
-1.25714 1.77553 -0.489877
-1.26352 1.78255 -0.4936
-1.26932 1.79007 -0.496952
-1.26722 1.7891 -0.505757
-1.27088 1.79493 -0.520296
-1.27135 1.79426 -0.521448
-1.26619 1.78566 -0.520287
-1.26728 1.78984 -0.545978
-1.2683 1.78864 -0.547509
-1.25441 1.77166 -0.55252
-1.26606 1.7868 -0.5586
-1.26646 1.78604 -0.560129
-1.2582 1.77701 -0.567156
-1.26991 1.79157 -0.574881
-1.26226 1.78143 -0.583788
-1.26264 1.78066 -0.585312
-1.26543 1.78723 -0.597845
-1.26435 1.78307 -0.612356
-1.26817 1.78845 -0.625775
-1.26557 1.7861 -0.637628
-1.27142 1.79304 -0.642343
-1.26337 1.78367 -0.6487
-1.26881 1.78935 -0.691623
-1.27196 1.79446 -0.705772
-1.2694 1.79217 -0.716129
-1.27098 1.79308 -0.773552
-1.26853 1.78897 -0.786963
-1.2715 1.79381 -0.800711
-1.2637 1.78215 -0.809885
-1.27149 1.7938 -0.829515
-1.26339 1.78238 -0.8382
-1.26636 1.78591 -0.854023
-1.26533 1.78709 -0.880251
-1.27101 1.79312 -0.886667
-1.26509 1.78675 -0.907724
-1.26788 1.78804 -0.927263
-1.25952 1.77691 -0.934403
-1.26653 1.78879 -0.95301
-1.26882 1.79202 -0.968892
-1.27116 1.79466 -0.985612
-1.2627 1.78272 -0.993739
-1.27222 1.79483 -1.03196
-1.26886 1.78943 -1.04538
-1.26548 1.78531 -1.05647
-1.27057 1.79184 -1.06235
-1.26811 1.79101 -1.08936
-1.26869 1.78919 -1.09165
0.602237 1.95033 1.31849
0.604169 1.95659 1.32678
0.604781 1.95373 1.33071
0.592779 1.91851 1.3145
0.65071 -2.50708 -0.762322
0.651484 -2.50646 -0.763678
0.64689 -2.49415 -0.77255
0.646128 -2.48943 -0.788276
2.30636 2.1417 1.90689
2.30022 2.13525 1.90226
2.29668 2.13271 1.90937
2.29068 2.12565 1.90526
2.29362 2.13062 1.91538
2.29753 2.13351 1.92663
2.30093 2.13741 1.93735
2.29494 2.13036 1.93319
2.29783 2.13378 1.94501
2.29546 2.13083 1.95103
2.30815 2.14111 1.9627
2.29284 2.12915 1.95595
2.29929 2.13365 1.96234
2.29629 2.13235 1.96727
2.29401 2.12874 1.97383
2.30387 2.13789 1.98998
2.30045 2.13696 1.99492
2.29525 2.12914 1.99065
2.30433 2.14057 2.00522
2.29585 2.13269 2.00477
2.3088 2.14247 2.01665
2.30042 2.13395 2.01674
2.29156 2.12647 2.01625
2.29517 2.13131 2.02549
2.30524 2.13991 2.04185
2.29343 2.12746 2.0315
2.2906 2.12633 2.03587
2.29428 2.13049 2.0457
2.29943 2.13303 2.05555
2.3026 2.13821 2.06487
2.29458 2.12927 2.06485
2.29284 2.12691 2.06922
2.29098 2.12519 2.07304
2.30647 2.14256 2.09237
2.30471 2.14017 2.09676
2.29694 2.13146 2.09614
2.30132 2.13627 2.10444
2.29287 2.12993 2.10215
2.30018 2.13372 2.10828
2.29744 2.13342 2.11156
2.30189 2.13755 2.12044
2.29989 2.13644 2.12373
2.30582 2.13895 2.13262
2.29121 2.12763 2.12413
2.30244 2.13657 2.13866
2.3006 2.13635 2.14085
2.2997 2.13402 2.14414
2.3039 2.13942 2.15198
2.29648 2.13253 2.14906
2.29585 2.13045 2.1518
2.30004 2.13584 2.15965
2.30572 2.13961 2.16752
2.30786 2.14159 2.18089
2.29942 2.13525 2.17848
2.30348 2.13678 2.19022
2.30612 2.14148 2.20034
2.30518 2.14136 2.20144
-0.961898 2.78408 -0.513554
-1.63152 0.620409 -1.0364
-1.62793 0.62002 -1.09955
-2.27837 -1.30589 -1.08132
0.604751 1.94642 1.32312
-1.61589 1.07319 -0.028102
-1.93027 0.658622 0.206809
-1.93422 0.659968 0.160484
-1.93474 0.659017 0.157987
-1.9271 0.657542 0.124539
-1.93675 0.660455 0.123721
-1.92796 0.657458 0.111032
-1.93004 0.658545 0.053401
-2.20133 -0.319178 -0.69366
-1.82415 -0.25864 0.255325
-1.81442 -0.257908 0.252673
-1.81576 -0.257774 0.243074
-1.816 -0.258455 0.240513
-1.82705 -0.259702 0.232476
-1.82709 -0.259708 0.232154
-1.8085 -0.256744 0.221371
-1.80853 -0.257391 0.220414
-1.8293 -0.259371 0.214428
-1.80973 -0.256919 0.210846
-1.81955 -0.258961 0.211351
-1.83064 -0.25956 0.202492
-1.81096 -0.257416 0.199357
-1.8219 -0.258646 0.190487
-1.81209 -0.257899 0.18818
-1.8032 -0.25567 0.178895
-1.80412 -0.256121 0.16872
-1.814 -0.258171 0.168363
-1.81489 -0.257975 0.158767
-1.81499 -0.258311 0.157167
-1.80597 -0.256385 0.147082
-1.80598 -0.256707 0.146446
-1.81663 -0.257898 0.137641
-1.82653 -0.259628 0.137423
-1.82719 -0.259723 0.128083
-1.81736 -0.258649 0.126109
-1.80812 -0.256689 0.117138
-1.80883 -0.25679 0.105342
-1.82916 -0.259676 0.096177
-1.81974 -0.258016 0.086997
-1.79999 -0.255536 0.084465
-1.82066 -0.25847 0.063252
-1.81112 -0.256793 0.053012
-1.82123 -0.258551 0.04335
-1.82165 -0.258286 0.021837
-1.82161 -0.258605 -0.021516
-1.81037 -0.256687 -0.074718
-1.81974 -0.25834 -0.086034
-1.80943 -0.256553 -0.095137
-1.80886 -0.256472 -0.105661
-1.80407 -0.255794 -0.169674
-1.82076 -0.25816 -0.201725
-1.83105 -0.259619 -0.277049
-1.80822 -0.256382 -0.295143
-1.81122 -0.256808 -0.387837
-1.81398 -0.257522 -0.463951
-1.83085 -0.259591 -0.478226
-2.05494 -1.02725 -0.444488
0.266311 2.07028 1.32058
0.267093 2.07636 1.32958
0.267159 2.07401 1.33323
0.26456 2.05951 1.33766
0.263161 2.04017 1.33078
0.265069 2.05496 1.34454
1.68399 2.72024 2.21282
1.68413 2.71834 2.21505
1.68263 2.71699 2.21785
1.67229 2.70134 2.20977
1.67175 2.69941 2.21254
1.6704 2.69934 2.21365
1.66601 2.69014 2.21069
1.65995 2.68244 2.20717
-1.26968 1.78927 -0.338863
-1.25873 1.77252 -0.337328
-1.26324 1.77952 -0.348768
-1.26912 1.78715 -0.351876
-1.26749 1.78617 -0.362584
-1.26696 1.7841 -0.374428
-1.2651 1.78281 -0.386644
-1.26553 1.78209 -0.388551
-1.26311 1.77868 -0.411418
-1.2733 1.79303 -0.425877
-1.26613 1.78294 -0.43696
-1.27186 1.79034 -0.441219
-1.27037 1.78891 -0.45118
-1.269 1.78764 -0.459984
-1.2732 1.79356 -0.473945
-1.27363 1.79284 -0.475481
-1.26542 1.78392 -0.48368
-1.26637 1.78262 -0.48597
-1.25851 1.77351 -0.493674
-1.26457 1.78074 -0.497412
-1.2631 1.77867 -0.50846
-1.26639 1.78529 -0.521051
-1.26727 1.78388 -0.523725
-1.26464 1.78281 -0.533649
-1.27056 1.78983 -0.538319
-1.26871 1.78789 -0.54904
-1.26349 1.77922 -0.548134
-1.2692 1.78659 -0.5521
-1.26717 1.78506 -0.561657
-1.2619 1.77632 -0.561074
-1.26541 1.78192 -0.5754
-1.27109 1.78926 -0.579479
-1.25744 1.77201 -0.584239
-1.26644 1.78535 -0.601284
-1.26155 1.77649 -0.600157
-1.26479 1.78236 -0.6135
-1.26529 1.78109 -0.61617
-1.26266 1.78003 -0.624554
-1.26328 1.77892 -0.626458
-1.26679 1.78387 -0.641448
-1.27144 1.79174 -0.680512
-1.27281 1.79235 -0.70961
-1.27022 1.79067 -0.718429
-1.26514 1.78155 -0.717989
-1.27347 1.79393 -0.736531
-1.27372 1.79296 -0.73845
-1.25957 1.77566 -0.741971
-1.26591 1.78197 -0.747105
-1.26879 1.78668 -0.761823
-1.27137 1.7923 -0.774703
-1.26629 1.78513 -0.799199
-1.2724 1.79111 -0.805314
-1.26421 1.78089 -0.840106
-1.26706 1.78358 -0.857842
-1.26426 1.77965 -0.870048
-1.26676 1.78382 -0.884835
-1.26822 1.7872 -0.92841
-1.26332 1.77899 -0.925271
-1.25976 1.77594 -0.935923
-1.26012 1.77448 -0.938203
-1.26212 1.77926 -0.951689
-1.26225 1.77814 -0.953592
-1.27279 1.79231 -0.96314
-1.26475 1.781 -0.969814
-1.26699 1.78349 -0.986871
-1.26872 1.78725 -1.00209
-1.2672 1.78576 -1.03039
-1.27107 1.78989 -1.06503
-1.26729 1.78523 -1.07727
-1.27278 1.79164 -1.08284
0.570875 1.96753 1.32535
0.560296 1.92729 1.3159
0.566259 1.94781 1.33802
0.569562 1.963 1.35082
0.570182 1.96258 1.35118
0.569931 1.96044 1.35438
1.66288 2.54115 -0.57053
1.66915 2.55073 -0.101123
1.66897 2.55143 -0.085161
2.29625 2.07482 1.87796
2.28371 2.06421 1.88568
2.28758 2.06772 1.89629
2.27212 2.05302 1.89277
2.28108 2.06401 1.90812
2.27861 2.06177 1.91348
2.29215 2.07111 1.92513
2.26971 2.053 1.91461
2.27954 2.06189 1.93112
2.28011 2.06024 1.9322
2.27692 2.06025 1.93595
2.26235 2.04562 1.93114
2.28427 2.06617 1.95846
2.28256 2.06245 1.96437
2.2862 2.06791 1.97298
2.28006 2.06163 1.96812
2.27106 2.05494 1.96701
2.2774 2.05996 1.97295
2.29354 2.07456 1.99457
2.28489 2.06745 1.99345
2.29158 2.07205 1.99942
2.28914 2.07058 2.00373
2.28997 2.06914 2.00427
2.28085 2.06308 2.00258
2.27851 2.06096 2.00741
2.28274 2.06406 2.01772
2.27445 2.05656 2.01652
2.27927 2.05947 2.0263
2.2768 2.05797 2.03059
2.28007 2.06309 2.03987
2.26888 2.05009 2.02935
2.27939 2.05959 2.04416
2.27699 2.05958 2.04684
2.27136 2.05233 2.04236
2.28103 2.06324 2.05668
2.27916 2.06155 2.06044
2.27962 2.06052 2.06098
2.28372 2.06567 2.06923
2.28256 2.06318 2.073
2.2805 2.06276 2.07568
2.27319 2.05471 2.07383
2.28386 2.06435 2.08826
2.28287 2.06273 2.09095
2.28079 2.0623 2.09363
2.27872 2.06187 2.09632
2.28348 2.06618 2.10464
2.26988 2.05388 2.09603
2.26492 2.04651 2.09091
2.27355 2.05719 2.1065
2.28504 2.06686 2.11997
2.27864 2.05891 2.11699
2.27555 2.05901 2.1202
2.28091 2.06313 2.12803
2.26798 2.05071 2.11879
2.27242 2.05473 2.12769
2.26506 2.04952 2.12305
2.2635 2.04738 2.12678
2.27038 2.05145 2.13304
2.26674 2.05103 2.13731
2.27333 2.05484 2.14411
-2.05557 -1.02846 0.083077
-2.05644 -1.02979 -0.024487
-2.05476 -1.0294 -0.0911
-2.05488 -1.02811 -0.10233
-2.04386 -1.02304 -0.141796
1.63271 2.61695 0.924224
1.63581 2.62191 1.06892
1.63554 2.6225 1.09812
1.63812 2.62561 1.11661
1.64004 2.62971 1.13354
1.62258 2.60173 1.16475
1.64032 2.63017 1.42114
1.62784 2.61015 1.53975
1.72823 2.61702 -0.583521
1.36945 2.88796 2.21729
1.36795 2.8861 2.22063
1.36595 2.87668 2.21659
1.35943 2.86813 2.2142
1.36094 2.86613 2.21587
1.35844 2.86474 2.21919
1.62358 2.60029 0.807088
1.62454 2.5988 0.954573
1.63684 2.6205 0.975365
1.63638 2.62079 1.00808
1.63413 2.61718 1.02101
1.63979 2.62421 1.02578
1.62642 2.60484 1.06399
1.63168 2.61225 1.06834
1.63378 2.61765 1.0824
1.6243 2.60043 1.07792
1.62678 2.60441 1.09464
1.62866 2.60843 1.11197
1.62643 2.60384 1.12591
1.632 2.61073 1.13097
1.62923 2.60731 1.14278
1.63174 2.61134 1.15863
1.63283 2.6151 1.23186
1.6246 2.60294 1.24155
1.6308 2.61286 1.31756
1.63601 2.61918 1.34918
1.63247 2.61554 1.36049
1.63982 2.6263 1.38046
1.63766 2.6208 1.39342
1.64131 2.62868 1.42276
1.63718 2.62207 1.48637
1.63438 2.6186 1.49554
1.62652 2.60398 1.55156
1.63955 2.62689 1.588
1.62795 2.60729 1.58854
1.642 2.62877 1.62586
1.63817 2.62366 1.65919
0.263675 2.06689 1.3264
0.262051 2.05416 1.32791
0.263886 2.06854 1.34234
0.263604 2.05775 1.34055
0.265498 2.07254 1.35433
0.265468 2.0723 1.35469
-2.04463 0.70123 -0.624713
-2.06562 0.708427 -0.655563
-2.05351 0.704277 -0.663305
-0.545837 3.20337 0.054452
-0.543642 3.19386 0.03619
-0.545884 3.20365 0.034033
-0.544676 3.19993 -0.743423
-0.964302 2.78316 -0.163131
-0.965142 2.78559 -0.2657
-1.89019 -1.07421 -0.396671
-1.90698 -1.0842 -0.401026
-1.90564 -1.08255 -0.411742
-1.89564 -1.07644 -0.419792
-1.91183 -1.08695 -0.425493
-1.91077 -1.08502 -0.435085
-1.90172 -1.08032 -0.435051
-1.90002 -1.07848 -0.446879
-1.8908 -1.07456 -0.445634
-1.8981 -1.07739 -0.45755
-1.90609 -1.08281 -0.460367
-1.89587 -1.07657 -0.468591
-1.90364 -1.08186 -0.472603
-1.91047 -1.08486 -0.485455
-1.90139 -1.08058 -0.484443
-1.90017 -1.07857 -0.4936
-1.89976 -1.07877 -0.494744
-1.89908 -1.07926 -0.496269
-1.8963 -1.07812 -0.509222
-1.89475 -1.07593 -0.519496
-1.90937 -1.08379 -0.536021
-1.90874 -1.08432 -0.53717
-1.90796 -1.08475 -0.539086
-1.89769 -1.0776 -0.547753
-1.90506 -1.0831 -0.552482
-1.9036 -1.08095 -0.561657
-1.89473 -1.07636 -0.560313
-1.90925 -1.08416 -0.576414
-1.89802 -1.07779 -0.586074
-1.90605 -1.08279 -0.589432
-1.90289 -1.08099 -0.602812
-1.90849 -1.08417 -0.616969
-1.90641 -1.08211 -0.626923
-1.9113 -1.08533 -0.642727
-1.90815 -1.08354 -0.654992
-1.90427 -1.08265 -0.66762
-1.91233 -1.08547 -0.707691
-1.90775 -1.08419 -0.721877
-1.91216 -1.08714 -0.737683
-1.90081 -1.07981 -0.746342
-1.90572 -1.0826 -0.760676
-1.89755 -1.07839 -0.786634
-1.91156 -1.08504 -0.802629
-1.91007 -1.08596 -0.804931
-1.91216 -1.08538 -0.829515
-1.91071 -1.08588 -0.8322
-1.89117 -1.0739 -0.836136
-1.90704 -1.08291 -0.898546
-1.91026 -1.08474 -0.915773
-1.91226 -1.08631 -0.960838
-1.90016 -1.08032 -1.01508
-1.9126 -1.08607 -1.03311
-1.89521 -1.0775 -1.02727
-1.90743 -1.08269 -1.04614
-1.91224 -1.08586 -1.08015
-1.90697 -1.08287 -1.09242
-1.9063 -1.08249 -1.09395
-1.89765 -1.07845 -1.09063
2.28935 2.08387 1.89559
2.28701 2.08102 1.90153
2.28689 2.08018 1.90261
2.27754 2.07385 1.90167
2.28112 2.07711 1.91285
2.27224 2.0683 1.91402
2.29118 2.08482 1.93042
2.27615 2.07113 1.92522
2.27978 2.07371 1.93698
2.28054 2.07586 1.95254
2.27477 2.06915 1.94773
2.29061 2.0843 1.96919
2.29225 2.08579 1.9843
2.28274 2.07859 1.9843
2.28044 2.07649 1.98915
2.28505 2.07924 1.99942
2.27606 2.07251 1.99829
2.28273 2.07712 2.00427
2.2742 2.06936 2.00366
2.28487 2.07835 2.01889
2.27552 2.07201 2.01772
2.28615 2.08097 2.033
2.2785 2.07328 2.03127
2.28231 2.07674 2.04163
2.27429 2.06945 2.03987
2.27788 2.07417 2.04916
2.2887 2.08329 2.06402
2.27463 2.06976 2.05722
2.27846 2.07469 2.06601
2.27731 2.07219 2.06977
2.28798 2.0819 2.08417
2.28059 2.07445 2.08181
2.28438 2.07936 2.09064
2.28924 2.08305 2.09949
2.28213 2.07585 2.09657
2.2743 2.06946 2.09363
2.27915 2.07314 2.10249
2.28354 2.07786 2.11082
2.27453 2.07112 2.10948
2.28035 2.07423 2.11782
2.29081 2.08447 2.13185
2.28925 2.08452 2.13347
2.28924 2.08232 2.13563
2.26916 2.0655 2.12074
2.27904 2.07522 2.13587
2.2725 2.06854 2.13179
2.28934 2.08387 2.15159
2.2828 2.07718 2.1475
2.26853 2.06348 2.1409
2.2734 2.06864 2.14823
2.27891 2.07365 2.15503
-1.14307 2.09219 -0.564454
-1.73746 0.20349 -0.193438
-1.73629 0.202739 -0.506544
-1.73545 0.203562 -0.952292
-1.72958 0.201955 -1.0434
-1.72846 0.201824 -1.0836
-1.73246 0.202905 -1.0959
-1.73178 0.202212 -1.09712
0.010257 1.89578 1.28452
0.010053 1.85803 1.26891
0.009524 1.88168 1.28747
0.009885 1.8879 1.29608
0.01021 1.88699 1.2974
0.009463 1.86962 1.28737
0.00978 1.86782 1.28998
0.009819 1.87537 1.29665
0.010097 1.86624 1.29226
0.009722 1.85667 1.28852
0.009761 1.86421 1.29519
0.009472 1.87129 1.30253
0.00979 1.86969 1.30482
0.009544 1.88564 1.31692
-1.99709 0.679476 0.210558
-0.863785 3.33521 -0.972959
-0.86043 3.32225 -1.08733
-1.16547 2.14296 -0.054931
-1.16034 2.13353 -0.080991
-1.16487 2.14185 -0.095794
-1.15875 2.1306 -0.150888
-1.16117 2.13593 -0.207569
-1.16975 2.15083 -0.239199
-1.16365 2.13962 -0.265449
-1.16734 2.1473 -0.279333
-1.16214 2.13683 -0.293062
-1.16016 2.13408 -0.319789
-1.16439 2.14097 -0.334711
-1.15737 2.12896 -0.361287
-1.1521 2.11838 -0.372444
-1.15091 2.11708 -0.383382
-1.16856 2.14953 -0.405475
-1.16309 2.13858 -0.417868
-1.16146 2.13736 -0.428486
-1.16033 2.13529 -0.441641
-1.16063 2.13496 -0.44249
-1.15906 2.13295 -0.456055
-1.16695 2.14836 -0.472128
-1.16579 2.14623 -0.484496
-1.16136 2.13718 -0.483824
-1.16548 2.14298 -0.499407
-1.16034 2.13442 -0.498249
-1.15958 2.13213 -0.509692
-1.16745 2.14661 -0.528312
-1.16579 2.14444 -0.540673
-1.16428 2.14255 -0.551318
-1.16945 2.15028 -0.55566
-1.16279 2.13981 -0.564928
-1.16795 2.14752 -0.569321
-1.16562 2.14501 -0.583392
-1.16414 2.1423 -0.596166
-1.16606 2.14404 -0.62755
-1.15932 2.13253 -0.639051
-1.16715 2.14694 -0.655239
-1.16818 2.14973 -0.908919
-1.1694 2.15197 -0.958344
-1.16062 2.1367 -1.02814
-1.16229 2.13801 -1.04905
-1.16561 2.145 -1.0813
-1.1699 2.152 -1.08749
-0.522209 3.33096 0.237542
-1.82719 -0.25647 -0.304132
-1.82703 -0.256448 -0.305098
-1.82409 -0.255711 -0.322793
-1.80418 -0.253882 -0.320931
-1.81232 -0.254382 -0.332253
-1.82013 -0.255478 -0.344631
-1.80894 -0.253586 -0.350761
-1.82822 -0.256615 -0.355177
-1.82634 -0.256025 -0.365161
-1.81465 -0.254387 -0.373138
-1.82232 -0.255462 -0.385095
-1.82998 -0.256536 -0.396824
-1.80064 -0.253064 -0.391477
-1.82815 -0.255954 -0.405528
-1.81781 -0.2558 -0.405625
-1.82576 -0.255945 -0.416153
-1.82329 -0.255597 -0.427086
-1.82293 -0.256521 -0.42805
-1.80158 -0.252875 -0.432734
-1.82046 -0.256173 -0.438645
-1.81549 -0.255474 -0.459153
-1.82273 -0.25552 -0.471547
-1.83199 -0.25747 -0.474998
-1.82047 -0.254879 -0.480536
-1.82929 -0.257416 -0.485323
-1.82752 -0.255866 -0.492734
-1.82688 -0.256751 -0.494666
-1.82429 -0.255738 -0.504641
-1.8311 -0.256692 -0.517294
-1.82871 -0.256032 -0.526002
-1.80341 -0.252491 -0.542172
-1.82613 -0.255996 -0.569751
-1.83176 -0.257763 -0.584661
-1.82858 -0.256666 -0.594983
-1.83175 -0.256784 -0.617453
-1.82989 -0.2575 -0.653294
-1.82696 -0.256112 -0.661995
-1.82098 -0.255274 -0.706948
-1.82363 -0.256295 -0.780177
-1.82028 -0.255176 -0.813372
-1.82821 -0.257264 -0.819675
-1.82507 -0.255848 -0.82708
-1.82386 -0.256002 -0.877278
-1.82242 -0.256124 -0.90316
-1.82542 -0.256871 -0.919489
-1.83171 -0.256779 -0.973134
-1.82937 -0.256451 -0.998811
-1.82709 -0.255806 -1.02391
-1.82426 -0.255409 -1.04941
-0.988536 2.88235 -0.977161
-0.977924 2.85628 -1.06081
-0.979478 2.85919 -1.08155
1.8618 2.51149 -0.292772
1.8623 2.51125 -0.291681
1.8553 2.50546 -0.278239
1.85134 2.49648 -0.273011
1.87445 2.53041 -0.262773
1.86796 2.52256 2.19461
-2.10846 -0.903688 0.408204
-2.11272 -0.904638 0.383358
-2.11024 -0.902705 0.148424
-2.1006 -0.900317 0.144987
-2.10315 -0.901413 0.091103
-2.09439 -0.897656 0.078378
-2.09501 -0.897056 0.068037
-2.09474 -0.897806 0.066446
-2.11373 -0.905073 0.054589
-2.09507 -0.897949 0.052523
-2.09548 -0.89769 0.038996
-2.11448 -0.904519 0.028902
-2.08675 -0.893091 0.027336
-2.11443 -0.904936 0.016458
-2.11448 -0.904959 0.002409
-2.10498 -0.901759 0.000799
-2.11462 -0.904579 -0.01124
-2.09607 -0.897076 -0.012734
-2.11396 -0.906046 -0.015254
-2.11453 -0.904542 -0.023684
-2.08662 -0.893464 -0.025356
-2.09548 -0.89769 -0.038996
-2.11395 -0.90473 -0.05178
-2.10425 -0.901884 -0.053153
-2.10428 -0.901027 -0.065139
-2.10392 -0.901739 -0.067137
-2.11226 -0.905317 -0.093506
-2.10896 -0.903903 -0.158838
-2.10724 -0.902729 -0.186058
-2.10774 -0.903376 -0.278317
-2.10659 -0.902015 -0.29112
-2.11237 -0.904924 -0.31847
-2.10377 -0.900808 -0.380913
-2.11234 -0.905349 -0.383759
-2.10849 -0.903264 -0.409005
-2.10744 -0.901507 -0.418209
-2.11076 -0.904672 -0.449299
-2.11324 -0.905298 -0.486988
-2.11167 -0.904627 -0.622006
-2.10389 -0.900858 -0.755124
-2.10976 -0.903371 -0.828524
-2.09175 -0.896527 -0.822924
-2.10072 -0.899069 -0.911173
-2.11319 -0.904843 -0.930629
-2.10372 -0.901656 -1.00567
-2.11218 -0.903535 -1.08349
0.000961 1.83537 1.26661
0.000964 1.84049 1.27679
0.000645 1.84736 1.28443
0 1.83871 1.27936
0.000321 1.83669 1.28225
-0.000957 1.8276 1.2778
-0.000632 1.81077 1.26697
1.8647 2.49896 -0.273886
1.86602 2.49982 -0.256468
1.87607 2.51511 2.19625
2.27807 2.02186 1.88119
2.26962 2.01648 1.89711
2.26735 2.01305 1.90346
2.26496 2.01022 1.90928
2.26191 2.00963 1.91351
2.26663 2.01099 1.92521
2.26331 2.01017 1.92996
2.27364 2.01934 1.94549
2.26124 2.00691 1.93577
2.25921 2.00512 1.93999
2.26535 2.00986 1.94645
2.27589 2.01921 1.96151
2.25987 2.00782 1.9549
2.26986 2.01669 1.97106
2.25553 2.00396 1.96386
2.2727 2.0178 1.985
2.26367 2.01119 1.98377
2.2583 2.0036 1.97934
2.26793 2.01427 1.99401
2.26213 2.0077 1.98905
2.26655 2.01163 1.99825
2.26991 2.01674 2.00746
2.26807 2.01511 2.01117
2.26685 2.01119 2.01646
2.2707 2.01673 2.02465
2.26911 2.01532 2.02783
2.27577 2.01981 2.03392
2.26726 2.01368 2.03154
2.26611 2.01124 2.03524
2.26619 2.0106 2.03577
2.26974 2.01588 2.04453
2.263 2.00777 2.04211
2.26672 2.0139 2.04982
2.25485 2.00125 2.03967
2.25247 2.00124 2.0423
2.26359 2.01041 2.0567
2.26921 2.01328 2.06549
2.25542 2.00175 2.05634
2.26651 2.01089 2.07079
2.25786 2.00603 2.06725
2.26884 2.01579 2.0812
2.26229 2.00855 2.07766
2.26163 2.00656 2.08029
2.2602 2.00599 2.0824
2.25864 2.00391 2.08609
2.2695 2.01425 2.09958
2.26763 2.01471 2.10117
2.26738 2.01166 2.10435
2.26586 2.01172 2.10593
2.25201 1.99873 2.0982
2.26268 2.01031 2.11069
2.25567 2.00198 2.10866
2.2547 2.00252 2.10918
1.26218 2.80586 1.10767
-0.061104 3.24127 -0.343592
-0.061637 3.23954 -0.35943
-0.060988 3.23513 -0.397294
0.644531 -2.50122 -0.751388
0.645899 -2.50653 -0.768197
0.647044 -2.50554 -0.770455
0.641961 -2.49305 -0.780192
0.642695 -2.4923 -0.781989
0.640637 -2.48252 -0.780424
0.640968 -2.48919 -0.793212
0.646942 -2.50696 -0.800465
0.563123 1.94461 1.32581
0.561343 1.93594 1.32103
0.567078 1.95699 1.34246
0.568877 1.9632 1.35082
0.563373 1.94548 1.34262
-1.79303 0.152771 0.041465
-1.79342 0.152489 0.020106
-1.7935 0.152812 -0.001257
1.29993 2.91695 2.22119
1.29631 2.90746 2.21826
1.29183 2.89878 2.21476
1.29019 2.89782 2.21697
1.29158 2.8955 2.21919
1.2916 2.71887 -1.08606
1.29683 2.72743 -1.08788
1.29138 2.71841 0.052006
0.260857 2.07949 1.32593
0.256694 2.04342 1.3085
0.259613 2.07544 1.3325
0.260775 2.07884 1.34556
0.259134 2.06867 1.34307
0.256454 2.05019 1.33513
0.563027 1.96351 1.33463
0.553291 1.92956 1.31555
0.563847 1.96637 1.34832
0.56137 1.95644 1.34566
1.73928 2.65385 -0.210751
1.74744 2.66529 -0.136921
1.74192 2.65787 -0.117636
1.73125 2.6416 -0.101463
1.73702 2.65041 -0.083534
1.73227 2.64215 -0.062318
1.73745 2.65107 -0.044813
1.74305 2.6596 -0.02664
1.73214 2.64296 -0.009376
1.74952 2.66744 -0.006681
1.73808 2.65101 0.011065
1.74349 2.65927 0.030525
1.75434 2.67581 0.04803
1.74295 2.65844 0.084907
1.74728 2.66606 0.12357
1.74897 2.66864 2.20769
1.74927 2.66706 2.20936
1.75275 2.67136 2.21896
1.74239 2.65759 2.20866
1.73191 2.64161 2.20111
1.74074 2.65406 2.2142
1.73993 2.65181 2.21753
1.73388 2.6446 2.21345
-2.11288 -0.90253 0.387368
-2.11298 -0.903441 0.095512
-2.1057 -0.899897 0.017186
-2.1098 -0.901647 -0.405802
-2.11497 -0.903421 -0.43165
-2.11257 -0.902829 -0.444488
-2.10735 -0.901036 -0.603407
0.272121 2.06975 1.32021
0.271128 2.06779 1.32349
0.271549 2.0654 1.32713
0.27308 2.07986 1.34154
0.273223 2.07534 1.34849
0.269738 2.05719 1.34019
0.270915 2.06337 1.34889
0.272338 2.07141 1.35469
0.27249 2.07817 1.36269
-0.62596 3.1788 -1.09537
1.8723 2.5229 -0.831844
1.86359 2.51116 -0.808727
1.85783 2.50248 -0.288032
1.8587 2.50366 -0.271709
1.86516 2.51145 -0.270939
1.87146 2.52084 -0.255915
1.87748 2.52895 -0.255078
1.87672 2.527 2.18199
1.8766 2.52684 2.19979
1.87614 2.52622 2.20089
1.7535 2.66843 2.20435
1.75717 2.67401 2.21226
1.75606 2.67335 2.21394
1.751 2.66361 2.21214
1.75036 2.66264 2.21381
1.74841 2.66069 2.2177
1.74217 2.6522 2.21531
1.7377 2.64439 2.21069
1.73639 2.64341 2.2129
0.561143 1.9647 1.31528
0.554032 1.93852 1.32033
0.552618 1.92975 1.31555
0.560416 1.96086 1.33962
0.559965 1.95928 1.34211
0.560585 1.95886 1.34246
0.557157 1.94946 1.33944
-1.72743 0.201398 -0.194767
-1.73723 0.20162 -0.197406
-1.72258 0.199919 -0.235081
-1.7286 0.201535 -0.322861
-1.73816 0.20142 -0.326517
-1.71317 0.198827 -0.350888
-1.72274 0.199938 -0.443036
-1.72046 0.199977 -0.451809
-1.7343 0.201893 -0.477001
-1.72937 0.201013 -0.494955
-1.72602 0.200318 -0.506794
-1.72354 0.20003 -0.515279
-1.73025 0.200809 -0.527558
-1.7338 0.200914 -0.549987
-1.73401 0.202165 -0.724186
-1.73593 0.201161 -0.795296
-1.73631 0.202127 -0.818095
-1.73124 0.200924 -0.829062
-1.73734 0.202246 -0.969925
-1.73524 0.202309 -0.994043
-1.73417 0.200957 -0.996177
-1.7291 0.200676 -1.005
-1.73476 0.201333 -1.03488
-1.73714 0.201609 -1.05037
-1.72299 0.199966 -1.05462
-1.72247 0.199602 -1.05553
-1.72523 0.199922 -1.07014
-1.71976 0.199896 -1.07892
-1.71424 0.199861 -1.08767
-1.71371 0.199496 -1.08857
0.567313 1.96293 1.31528
0.565479 1.95915 1.32169
0.564151 1.95327 1.33093
0.567373 1.96829 1.34403
0.568273 1.96754 1.34475
0.568095 1.96564 1.34761
0.566674 1.96458 1.34975
0.566151 1.96276 1.3526
0.560104 1.93799 1.33674
-1.92905 -0.196966 -0.951623
-1.933 -0.19771 -1.01021
-1.93594 -0.198353 -1.02605
-1.93564 -0.198322 -1.06881
-1.93934 -0.198359 -1.08283
-1.93298 -0.197027 -1.09438
-1.92349 -0.196738 -1.09082
0.644804 -2.51864 -0.764692
0.640852 -2.49958 -0.759949
0.636275 -2.48713 -0.76923
0.63741 -2.48615 -0.77147
0.633194 -2.47329 -0.781524
-1.14685 2.09216 -0.260031
0.311379 2.07112 1.32812
0.309489 2.061 1.32567
0.310653 2.06629 1.33579
0.309773 2.05555 1.33403
0.308454 2.0541 1.33657
0.311639 2.07039 1.34776
0.3085 2.05197 1.33983
0.30793 2.04332 1.33477
0.306617 2.04187 1.33729
0.305025 2.03127 1.33544
0.011902 1.8942 1.28684
0.010856 1.88482 1.28287
0.011178 1.88369 1.28451
0.010843 1.88258 1.28615
0.012149 1.88122 1.28812
0.011486 1.88032 1.28944
0.011104 1.87118 1.28509
0.011576 1.895 1.3034
0.011191 1.88586 1.29905
0.011308 1.85113 1.27894
0.012002 1.85846 1.28592
0.012155 1.88221 1.30431
0.011993 1.85711 1.28787
0.011484 1.87994 1.30759
0.011249 1.89567 1.32
-1.26716 1.79632 -1.08169
0.644011 -2.50826 -0.76413
0.641963 -2.49847 -0.762651
0.636161 -2.47589 -0.770823
0.639276 -2.48442 -0.775501
0.639871 -2.49033 -0.79052
0.638256 -2.48045 -0.788922
-2.04725 -0.615763 -0.668732
-2.04659 -0.616733 -0.669851
-2.05278 -0.618207 -0.682952
-2.03397 -0.61293 -0.678364
-2.04874 -0.616992 -0.696035
-2.03908 -0.614857 -0.694057
-2.04487 -0.615826 -0.708347
-2.02612 -0.610564 -0.703528
-2.04163 -0.614072 -0.719147
-2.04989 -0.617729 -0.723838
-2.04587 -0.616516 -0.736157
-2.04153 -0.615207 -0.749196
-2.04748 -0.616223 -0.762221
-2.04676 -0.616783 -0.763714
-2.04402 -0.615181 -0.772289
-2.03862 -0.614719 -0.786801
-2.04447 -0.615315 -0.799964
-2.04834 -0.617261 -0.81693
-2.04408 -0.615977 -0.828493
-2.03969 -0.613878 -0.840775
-2.05366 -0.618081 -0.858234
-2.03977 -0.614289 -0.867175
-2.03025 -0.612196 -0.864515
-2.04446 -0.614923 -0.882136
-2.04365 -0.615459 -0.883626
-2.05715 -0.619524 -0.901787
-2.04761 -0.617041 -0.899409
-2.03397 -0.612929 -0.907411
-2.04205 -0.615755 -0.912829
-2.05497 -0.619257 -0.932324
-2.03248 -0.612867 -0.935855
-2.04551 -0.616407 -0.954748
-2.05878 -0.619232 -0.973426
-2.03165 -0.612231 -0.962533
-2.0437 -0.615862 -0.983105
-2.05196 -0.618742 -0.988037
-2.04725 -0.616933 -0.998872
-2.05036 -0.61787 -1.01545
-2.05461 -0.618366 -1.02986
-2.05387 -0.618928 -1.03099
-2.05318 -0.61872 -1.03248
-2.04837 -0.616489 -1.04332
-2.04763 -0.617046 -1.04444
-2.05049 -0.618297 -1.06081
-2.05262 -0.61894 -1.07874
-2.04747 -0.616998 -1.08958
-2.04304 -0.614496 -1.09927
-2.03376 -0.61248 -1.0958
0.602574 1.95263 1.31492
0.600738 1.95152 1.31742
0.603896 1.95692 1.32642
0.599925 1.94767 1.32347
0.600129 1.94712 1.32418
0.598901 1.94314 1.33058
0.596778 1.95441 1.31492
0.596448 1.95211 1.31849
0.596522 1.94992 1.32169
0.588924 1.92869 1.31963
-1.16378 2.15057 -0.649266
-1.16682 2.1535 -1.06295
0.648481 -2.5093 -0.756895
0.643786 -2.48576 -0.767438
0.642598 -2.48117 -0.783109
2.2453 1.97811 1.91003
2.24492 1.97708 1.93005
2.24894 1.97992 1.95923
2.24911 1.97937 1.97779
2.24395 1.97552 2.02339
2.24951 1.97972 2.04874
2.24981 1.98138 2.08206
2.24688 1.97811 2.08833
-0.986448 2.88446 -1.06756
-0.98022 2.86625 -1.06201
0.575254 1.96721 1.32391
0.568551 1.94303 1.32581
0.573805 1.96226 1.35011
0.572381 1.9612 1.35225
0.573617 1.96035 1.35296
0.314819 2.06943 1.32995
0.314199 2.06052 1.32531
0.314109 2.06718 1.3336
0.316064 2.07518 1.33934
0.31064 2.03957 1.32143
0.315075 2.06868 1.34958
0.309024 2.03373 1.33078
0.312585 2.04993 1.342
0.30997 2.03995 1.33945
0.309384 2.03132 1.33437
0.31505 2.07095 1.36452
-1.15141 2.09961 0.4685
-1.15407 2.10099 0.398556
-1.15446 2.10257 0.2335
-1.15368 2.10288 0.08334
-1.15379 2.10222 -0.097153
-1.14952 2.0953 -0.491882
-1.1455 2.08883 -0.571941
-1.15994 2.12837 0.279601
-1.16139 2.13102 0.252085
-1.1669 2.14114 0.237376
-1.16752 2.14227 0.223753
-1.16864 2.14433 0.196487
-1.15491 2.11913 0.1785
-1.15973 2.12975 0.155121
-1.16532 2.13823 0.153634
-1.16969 2.14804 0.142313
-1.17049 2.14772 0.140605
-1.16014 2.13139 0.127176
-1.1661 2.13966 0.125148
-1.16008 2.13216 0.114045
-1.15608 2.12305 0.111888
-1.16643 2.14028 0.110686
-1.16115 2.13236 0.098368
-1.16192 2.132 0.097096
-1.16539 2.14193 0.087283
-1.16694 2.1412 0.084304
-1.166 2.14216 0.07196
-1.15721 2.12424 0.069681
-1.15701 2.12476 0.055748
-1.16696 2.14214 0.054931
-1.15677 2.12519 0.043079
-1.16746 2.14217 0.041732
-1.16127 2.13435 0.030535
-1.1624 2.13376 0.027991
-1.15178 2.11691 0.014301
-1.1724 2.15124 0.012401
-1.16614 2.1433 0
-1.17242 2.15126 -0.002566
-1.1709 2.15205 -0.012828
-1.16761 2.14244 -0.015331
-1.1613 2.13441 -0.024174
-1.17122 2.15175 -0.026511
-1.16277 2.13355 -0.028839
-1.16597 2.143 -0.040881
-1.16634 2.14277 -0.042158
-1.17223 2.15091 -0.044469
-1.16619 2.14251 -0.05706
-1.15736 2.12452 -0.057859
-1.16089 2.13365 -0.069121
-1.16602 2.14219 -0.070683
-1.15627 2.12428 -0.082768
-1.16629 2.1409 -0.099624
-1.16492 2.14106 -0.111537
-1.16563 2.14058 -0.113238
-1.16156 2.13133 -0.114469
-1.17046 2.14856 -0.127369
-1.16424 2.13981 -0.139181
-1.16088 2.1301 -0.141151
-1.16386 2.13911 -0.152359
-1.16493 2.13841 -0.154059
-1.16477 2.13724 -0.170631
-1.168 2.14582 -0.183698
-1.16355 2.13677 -0.184222
-1.15471 2.11877 -0.183976
-1.16243 2.13648 -0.194412
-1.16348 2.13575 -0.19611
-1.16662 2.14418 -0.209698
-1.16767 2.14344 -0.211402
-1.16602 2.14309 -0.223753
-1.16125 2.13431 -0.223264
-1.16094 2.13286 -0.238102
-1.1667 2.14078 -0.241631
-1.16002 2.13206 -0.249543
-1.16068 2.1315 -0.251237
-1.16435 2.13913 -0.266299
-1.15855 2.12935 -0.277908
-1.15408 2.12025 -0.278455
-1.16425 2.13717 -0.282021
-1.16244 2.13649 -0.294335
-1.16858 2.14422 -0.297242
-1.16643 2.14383 -0.30832
-1.16712 2.14332 -0.309172
-1.17032 2.15099 -0.323254
-1.16186 2.13277 -0.322333
-1.16468 2.14062 -0.335987
-1.16569 2.1398 -0.337688
-1.16405 2.13857 -0.350867
-1.16026 2.12895 -0.35198
-1.16341 2.1365 -0.36531
-1.16306 2.13409 -0.380163
-1.16096 2.13379 -0.388221
-1.1663 2.14181 -0.391502
-1.17164 2.14984 -0.394796
-1.1692 2.14893 -0.406756
-1.1651 2.13961 -0.406817
-1.15627 2.12164 -0.40521
-1.15955 2.12853 -0.419985
-1.16247 2.13656 -0.42976
-1.1627 2.13609 -0.431458
-1.15653 2.12564 -0.442388
-1.1672 2.14169 -0.448539
-1.16128 2.13083 -0.460291
-1.16419 2.13793 -0.473631
-1.16008 2.12861 -0.473414
-1.16767 2.14433 -0.488332
-1.16171 2.13338 -0.499521
-1.16003 2.13118 -0.512657
-1.16093 2.13018 -0.514774
-1.16864 2.14523 -0.531297
-1.16649 2.14395 -0.541099
-1.16734 2.14284 -0.543655
-1.16508 2.14134 -0.554297
-1.16098 2.13204 -0.553774
-1.16828 2.14723 -0.569748
-1.16935 2.14563 -0.573587
-1.16687 2.14375 -0.585522
-1.16497 2.14114 -0.598719
-1.16092 2.13193 -0.597605
-1.17176 2.15095 -0.633461
-1.16463 2.14052 -0.642022
-1.16973 2.14812 -0.646705
-1.16789 2.14562 -0.658224
-1.15886 2.12816 -0.654289
-1.15939 2.12735 -0.655981
-1.17051 2.15134 -0.67323
-1.16637 2.14195 -0.672708
-1.1669 2.14113 -0.674411
-1.16496 2.13758 -0.688869
-1.16764 2.14249 -0.705657
-1.16818 2.14526 -0.731917
-1.16858 2.14689 -0.760853
-1.16488 2.13743 -0.759581
-1.16278 2.13446 -0.771043
-1.1604 2.13097 -0.784183
-1.17219 2.15084 -0.8101
-1.16746 2.14394 -0.834855
-1.16983 2.14652 -0.855606
-1.1724 2.15123 -0.870464
-1.16563 2.1388 -0.880308
-1.17224 2.15093 -0.900801
-1.16959 2.14697 -0.913615
-1.17146 2.15129 -0.929525
-1.16932 2.14557 -0.945324
-1.17227 2.15099 -1.01069
-1.16907 2.14868 -1.07021
-1.16994 2.14671 -1.0732
0.633601 -2.47848 -0.764574
0.633635 -2.48404 -0.781319
0.634801 -2.48318 -0.783109
-0.067262 3.1327 -1.09731
1.75964 2.6666 -0.596169
1.7603 2.66964 2.21505
1.7545 2.66084 2.2127
1.74846 2.65268 2.20977
1.74739 2.65107 2.21254
1.74651 2.65073 2.21365
1.74189 2.64071 2.2118
1.73603 2.63384 2.20717
0.309875 2.0538 1.31813
0.308367 2.03418 1.31173
0.3117 2.0659 1.33615
0.312969 2.07186 1.3452
0.313701 2.06937 1.34885
0.308608 2.04299 1.33513
0.309258 2.04006 1.33945
0.306408 2.03083 1.3358
0.30798 2.03883 1.34161
1.72008 2.63658 2.18144
1.7145 2.62904 2.17739
1.70832 2.62055 2.17496
1.71243 2.62585 2.18286
1.70603 2.61705 2.18097
1.69687 2.60299 2.17006
1.69604 2.60172 2.17223
-0.617491 3.17967 -1.09763
0.654235 -2.51525 -0.767867
0.655821 -2.51414 -0.770135
0.64876 -2.49241 -0.776597
0.649928 -2.49154 -0.778394
0.64525 -2.47892 -0.788028
0.651232 -2.49655 -0.79571
1.37029 2.87804 2.21214
1.37383 2.88288 2.22119
1.3703 2.87418 2.21715
1.3678 2.8728 2.22048
1.36344 2.86365 2.21753
1.36746 2.86952 2.22492
-0.072106 3.03723 -1.09678
-1.8893 -0.196906 0.042111
-1.87958 -0.195893 0.030346
-1.88967 -0.196945 0.018902
-1.88972 -0.19695 -0.013264
-1.87971 -0.195576 -0.02309
-1.87927 -0.195861 -0.045517
-1.87916 -0.194523 -0.05508
-1.88892 -0.196867 -0.056697
-1.88854 -0.196828 -0.068297
-1.88735 -0.195371 -0.098776
-1.88371 -0.194994 -0.1537
-1.88344 -0.195964 -0.155683
-1.88958 -0.195936 -0.197992
-1.8893 -0.196907 -0.199649
-1.86821 -0.194709 -0.209693
-1.88113 -0.196055 -0.266481
-1.8798 -0.195254 -0.480329
-1.90215 -1.08409 -0.215829
-1.90074 -1.08373 -0.229581
-1.89108 -1.07778 -0.241458
-1.89859 -1.08206 -0.254006
-1.89729 -1.08132 -0.266588
-1.89971 -1.08358 -0.317882
-1.90816 -1.0884 -0.320471
-1.8978 -1.08293 -0.331236
-1.90383 -1.08504 -0.355701
-1.88614 -1.07584 -0.353634
-1.91056 -1.08932 -0.368824
-1.90005 -1.08377 -0.37901
-1.90649 -1.08744 -0.394516
-1.90524 -1.08585 -0.404854
-1.89465 -1.08025 -0.414464
-1.88993 -1.07843 -0.439939
-1.89831 -1.08322 -0.490548
-1.89416 -1.07953 -0.51417
-1.89997 -1.08329 -0.528306
-1.89746 -1.08185 -0.540132
-1.90502 -1.08704 -0.54483
-1.91095 -1.08999 -0.559536
-1.90885 -1.08791 -0.570664
-1.90292 -1.08453 -0.596316
-1.89361 -1.08054 -0.595212
-1.90789 -1.08824 -0.611604
0.305505 2.05399 1.31886
0.307613 2.06816 1.3336
0.309509 2.07593 1.33971
0.307991 2.06575 1.33725
0.3066 2.06383 1.34052
0.307199 2.07034 1.34885
0.304457 2.05186 1.34092
0.303204 2.04096 1.33945
0.302646 2.03233 1.33437
0.305032 2.05574 1.35325
-1.90898 -1.09019 -0.309348
-1.90745 -1.08931 -0.321621
-1.89159 -1.08026 -0.428159
-1.89608 -1.08238 -0.454121
-0.516702 3.2295 -1.09813
-1.93698 -0.664689 -0.508311
-1.93303 -0.664841 -0.522952
-1.93143 -0.663159 -0.569397
-1.93447 -0.664204 -0.594608
-1.9315 -0.663184 -0.605309
-1.93775 -0.664951 -0.618528
-1.92834 -0.662475 -0.92749
-1.32979 1.49095 0.298575
-1.32452 1.48452 0.204543
-1.32632 1.48706 0.171877
-1.32688 1.48664 0.171182
-1.32197 1.48219 0.124953
-1.32947 1.48902 0.123839
-1.32282 1.48314 0.102761
-1.3234 1.48274 0.101027
-1.33104 1.4913 0.065961
-1.33068 1.49195 0.058286
-1.3307 1.49197 0.057239
-1.33089 1.49218 0.046073
-1.33104 1.49236 0.034556
-1.33143 1.49226 0.021293
-1.33149 1.49233 0.010123
-1.33176 1.49211 -0.002094
-1.32455 1.48508 -0.013545
-1.31782 1.47753 -0.025226
-1.33178 1.49161 -0.038395
-1.33061 1.49239 -0.047468
-1.33161 1.49142 -0.049562
-1.31734 1.477 -0.059085
-1.33032 1.49103 -0.0841
-1.33055 1.49075 -0.085495
-1.32966 1.49081 -0.222658
-1.32728 1.48762 -0.255748
-1.32579 1.48699 -0.266878
-1.31838 1.47816 -0.277309
-1.32463 1.4836 -0.290503
-1.32256 1.4818 -0.368116
-1.32586 1.48706 -0.389429
-1.33112 1.49245 -0.402872
-1.32712 1.48691 -0.435278
-1.3225 1.4833 -0.846408
-1.3255 1.48615 -0.862159
-1.32788 1.48934 -0.90261
-1.62776 0.564297 -0.485878
-1.65224 0.572785 -0.504407
-1.62914 0.564778 -0.516647
1.67844 2.71445 2.20658
1.67628 2.71307 2.20992
1.67412 2.71168 2.21326
1.67581 2.71019 2.21381
1.66865 2.70178 2.21199
1.66925 2.69959 2.2142
1.66231 2.69152 2.2118
1.66164 2.69148 2.21235
-1.88735 -0.19737 0.216881
-1.88751 -0.198385 0.214562
-1.88881 -0.197856 0.203296
-1.88385 -0.197668 0.148411
-1.88541 -0.197831 0.126913
-1.87737 -0.196657 0.094303
-1.8873 -0.198363 0.093477
-1.87834 -0.196095 0.074201
-1.88827 -0.197798 0.072937
-1.87874 -0.1968 0.061015
-1.87909 -0.196174 0.051453
-1.87905 -0.196833 0.050134
-1.88898 -0.198206 0.049736
-1.87932 -0.196529 0.040571
-1.8793 -0.196859 0.039581
-1.88944 -0.197921 0.029181
-1.88952 -0.198597 0.015917
-1.88965 -0.197943 0.006301
-1.88973 -0.197285 -0.00199
-1.88969 -0.197614 -0.003316
-1.88943 -0.198253 -0.027523
-1.88911 -0.197553 -0.047416
-1.88905 -0.19788 -0.04841
-1.87892 -0.196156 -0.057388
-1.88841 -0.19748 -0.069954
-1.87633 -0.196548 -0.113406
-1.88561 -0.197187 -0.124928
-1.87679 -0.195933 -0.222004
-1.88604 -0.197565 -0.300354
-1.88901 -0.19721 -0.395397
-1.88654 -0.196952 -0.493725
-0.970575 2.78242 0.370183
-0.972137 2.78221 0.367611
-0.971408 2.78168 0.283189
-0.970074 2.77631 0.231454
-0.96973 2.77533 0.028222
-0.970975 2.78513 -0.052514
-0.964498 2.7619 -0.292
-0.970878 2.78485 -0.427093
-0.972673 2.78375 -0.430181
-0.969546 2.77947 -0.463606
-0.970244 2.78147 -0.512012
-0.97213 2.78219 -0.611933
-0.969057 2.77651 -0.729944
-0.96856 2.77353 -0.781684
-0.969856 2.78036 -1.0312
-1.88649 -0.201274 0.295057
-1.88107 -0.1997 0.26417
-1.88896 -0.200204 0.199649
-1.87321 -0.198535 0.154206
-1.87543 -0.199763 0.122295
-1.88674 -0.199969 0.101094
-1.88674 -0.200635 0.099769
-1.88771 -0.201071 0.078238
-1.88817 -0.200787 0.066972
-1.88847 -0.201486 0.055371
-1.88914 -0.201557 0.022549
-1.88938 -0.200248 0.012601
-1.87937 -0.200183 0.00033
-1.88925 -0.201568 -0.010943
-1.88928 -0.200571 -0.019896
-1.88776 -0.201077 -0.076913
-1.87702 -0.199269 -0.09595
-1.88545 -0.201163 -0.120957
-1.8847 -0.201083 -0.132206
-1.88325 -0.200596 -0.152047
-1.88576 -0.199865 -0.228138
-1.88311 -0.199584 -0.249305
-1.88831 -0.200802 -0.283463
-1.88499 -0.200449 -0.304987
-1.88334 -0.199609 -0.315569
-1.88553 -0.200839 -0.35966
-1.88739 -0.200704 -0.401361
-1.87199 -0.199397 -0.508312
-1.88865 -0.200505 -0.523146
-1.87867 -0.199777 -0.521809
-1.88237 -0.200503 -0.545319
-1.88905 -0.201214 -0.558041
-1.86955 -0.199467 -0.553717
-1.86996 -0.19951 -0.586813
0.603148 1.94246 1.31129
0.604415 1.94894 1.31956
0.603523 1.94486 1.32596
0.60542 1.94977 1.35438
1.2755 2.70813 0.681199
1.85882 2.50199 -0.285856
1.86584 2.50962 -0.282949
1.86021 2.50295 -0.267899
1.87727 2.52682 2.19924
1.87656 2.52495 2.20198
0.56312 1.9561 1.3088
0.562574 1.9542 1.33022
0.559132 1.9448 1.32722
0.564197 1.95856 1.34139
0.56509 1.96552 1.34903
0.563223 1.95518 1.34673
-1.81851 -0.259136 0.485668
-1.82793 -0.26113 0.447737
-1.81739 -0.2593 0.405305
-1.82916 -0.261306 0.397469
-1.82142 -0.259875 0.38638
-1.82348 -0.260494 0.376098
-1.81767 -0.25934 0.35457
-1.79392 -0.255633 0.319513
-1.81361 -0.259084 0.321387
-1.81508 -0.258971 0.31307
-1.81684 -0.259221 0.302505
-1.81832 -0.25911 0.293533
-1.81844 -0.259773 0.292251
-1.82976 -0.261064 0.284148
-1.82289 -0.260085 0.262719
-1.80462 -0.257156 0.250671
-1.81842 -0.259447 0.22033
-1.82079 -0.25946 0.199799
-1.80317 -0.256951 0.177305
-2.34174 -1.34439 -0.813185
-2.36216 -1.35721 -0.837064
-2.38352 -1.36893 -0.859798
-1.51178 0.99873 0.420307
-1.53677 1.01447 0.4258
-1.50753 0.995543 0.111128
-1.51598 1.00188 0.102229
-1.90946 -0.984279 -1.07012
-0.506056 3.24272 -1.09558
2.30548 2.14314 1.90634
2.29618 2.13374 1.90882
2.29924 2.13808 1.91951
2.29041 2.13062 1.91921
2.30328 2.14034 1.93131
2.3003 2.13907 1.93625
2.29745 2.13567 1.94337
2.30439 2.14213 1.966
2.29567 2.13402 1.96618
2.29316 2.13168 1.97164
2.30288 2.13997 1.98889
2.29947 2.13904 1.99382
2.30421 2.14121 2.00468
2.30153 2.13946 2.00962
2.29907 2.13643 2.01564
2.29615 2.13596 2.01948
2.30687 2.14443 2.03525
2.29812 2.1363 2.03531
2.29555 2.1354 2.03914
2.30218 2.14006 2.04514
2.30584 2.14422 2.05499
2.30607 2.14293 2.05609
2.29698 2.13673 2.05446
2.30163 2.14031 2.06378
2.29952 2.13834 2.06816
2.30362 2.14141 2.07861
2.30149 2.13943 2.083
2.30562 2.14402 2.09182
2.29353 2.13202 2.0813
2.3016 2.14028 2.10005
2.29589 2.13422 2.0945
2.29972 2.13853 2.10389
2.29848 2.13663 2.10718
2.29497 2.13337 2.1143
2.29325 2.13251 2.11703
2.29633 2.13537 2.12865
2.29479 2.1332 2.13248
2.29948 2.13756 2.14085
2.29839 2.13654 2.14304
2.29701 2.13526 2.14578
2.29564 2.13399 2.14852
2.30672 2.14353 2.16257
2.30678 2.14359 2.19759
2.30519 2.14361 2.19924
2.29853 2.13592 2.19625
1.90307 2.54481 2.19132
1.90126 2.54425 2.19354
1.89477 2.5374 2.18952
1.90054 2.54143 2.19742
1.88844 2.52709 2.18934
1.8873 2.52556 2.19209
1.89172 2.52963 2.20111
1.89037 2.52968 2.20221
1.88899 2.52783 2.20552
1.8883 2.5269 2.20717
-0.854569 3.25049 0.576309
-0.862831 3.28424 0.312021
-0.860914 3.27462 0.309333
-0.864961 3.28768 0.054592
-0.865636 3.28792 0.016615
-0.861956 3.27858 -0.004733
-0.857417 3.25901 -0.024703
-0.86226 3.27741 -0.0846
-0.858325 3.26709 -0.117371
-0.862543 3.27617 -0.121857
-0.864961 3.28302 -0.183275
-0.861292 3.27142 -0.219355
-0.863506 3.27983 -0.238948
-0.862736 3.2769 -0.278591
-0.861876 3.27363 -0.317014
-0.860905 3.26994 -0.355397
-0.865419 3.28476 -0.397235
-0.861076 3.26828 -0.452764
-0.8629 3.2752 -0.474199
-0.862051 3.2743 -0.548392
-0.862649 3.28122 -0.568356
-0.86376 3.28778 -0.589003
-0.858336 3.26482 -0.661686
-0.861886 3.27367 -0.665383
-1.51694 0.998717 0.117766
-1.51751 0.997956 0.116815
-1.51727 0.999317 0.107938
-1.5177 0.998839 0.106352
-1.51779 0.999662 0.096837
-1.52673 1.0044 0.095775
0.636573 -2.50285 -0.75274
0.635625 -2.49912 -0.765802
0.634 -2.4891 -0.764748
0.631335 -2.48589 -0.777291
0.632102 -2.48527 -0.778634
0.630474 -2.47525 -0.777512
0.628472 -2.4728 -0.786869
0.636303 -2.49996 -0.797061
0.634244 -2.49005 -0.795903
0.30378 2.05471 1.31813
0.302889 2.04376 1.31675
0.305569 2.06682 1.33615
0.305314 2.0626 1.34271
0.303417 2.05226 1.34055
0.302525 2.0413 1.33909
0.302799 2.04808 1.34707
1.7521 2.66427 2.21047
1.75644 2.66986 2.21785
1.74365 2.6474 2.2024
1.74529 2.65292 2.21199
1.73997 2.64383 2.20959
1.73412 2.63694 2.20497
1.73306 2.63533 2.20772
0.002876 1.83094 1.27301
0.001611 1.84624 1.28604
0.001596 1.82894 1.27588
0.002564 1.83602 1.28321
0.001922 1.83512 1.28449
0.311122 2.02374 1.32713
-1.50147 0.98628 0.113336
-1.49417 0.981483 0.090873
-0.96964 2.78443 0.357321
-0.966054 2.77569 0.254545
-0.968728 2.78024 0.185232
-0.969578 2.78425 0.101924
-0.963031 2.767 0.034262
-0.970586 2.78558 0.031921
-0.969597 2.78274 -0.136907
-0.960176 2.76035 -0.319559
-0.968303 2.78058 -0.459495
-0.966734 2.77764 -0.538726
-0.96982 2.78338 -0.657764
-0.968489 2.78268 -0.706825
1.30799 2.91449 2.20212
1.30724 2.91145 2.20658
1.30962 2.91813 2.21394
1.30902 2.91543 2.21785
1.30487 2.90617 2.21493
1.30306 2.90486 2.2177
1.29641 2.88733 2.20959
1.29878 2.89398 2.21697
1.29445 2.88567 2.2129
0.656597 -2.51352 -0.771495
0.654912 -2.5035 -0.770455
0.650259 -2.49104 -0.779743
0.650991 -2.49028 -0.78154
0.654011 -2.50541 -0.799561
-1.48506 0.974386 0.440547
-1.50298 0.986521 0.436268
-1.50188 0.985799 0.112082
1.2758 2.71367 1.17333
-1.87711 -0.197623 0.351869
-1.87726 -0.19797 0.350881
-1.88115 -0.198381 0.329113
-1.88784 -0.199086 0.287771
-1.88389 -0.198337 0.244347
-1.87896 -0.198481 0.200253
-1.8811 -0.199039 0.178476
-1.88305 -0.199245 0.156344
-1.88611 -0.198238 0.11533
-1.88672 -0.198968 0.103412
-1.87898 -0.197821 0.048815
-1.88916 -0.198892 0.038796
-1.88936 -0.198913 0.027523
-1.87937 -0.198524 0.025729
-1.87957 -0.198214 0.003958
-1.88945 -0.199923 0.002653
-1.88955 -0.198933 -0.005637
-1.87954 -0.197879 -0.016493
-1.889 -0.199875 -0.041448
-1.88847 -0.199486 -0.062332
-1.88819 -0.19879 -0.072274
-1.88661 -0.198957 -0.105399
-1.88601 -0.19856 -0.116323
-1.88513 -0.199133 -0.128898
-1.8845 -0.198733 -0.138491
-1.88381 -0.198329 -0.14808
-1.86613 -0.197455 -0.225094
-1.88355 -0.198302 -0.246991
-1.88896 -0.198871 -0.280479
-1.88886 -0.199193 -0.441639
0.607684 1.95105 1.31492
0.610865 1.95645 1.32391
0.605041 1.93899 1.31555
0.603547 1.93777 1.31803
0.603456 1.93272 1.32546
1.25892 2.66688 0.428123
-0.415302 3.20202 -1.09667
1.86818 2.50818 -0.28022
1.86873 2.50801 -0.278036
1.86212 2.50187 -0.264633
1.85721 2.49345 -0.260532
1.86411 2.5009 -0.259734
1.87695 2.51812 -0.242213
1.87945 2.52424 2.20034
-1.79615 0.620921 -0.713575
-1.81945 0.628975 -0.733201
2.3016 2.14253 1.89238
2.29782 2.14125 1.89842
2.2949 2.13853 1.90499
2.29798 2.1414 1.91732
2.29898 2.13934 1.91841
2.29504 2.13866 1.92389
2.29931 2.14114 1.93515
2.30231 2.14543 1.94589
2.30218 2.14457 1.94699
2.29373 2.13519 1.9483
2.3034 2.1442 1.9649
2.29849 2.13888 1.97642
2.29472 2.13836 1.98135
2.29571 2.13629 1.98245
2.29862 2.142 1.99163
2.29898 2.14008 1.99328
2.29694 2.13819 1.99766
2.29668 2.13795 1.99821
2.30006 2.14259 2.00797
2.30055 2.14155 2.00852
2.29798 2.13916 2.014
2.30182 2.14273 2.02434
2.2936 2.13508 2.02331
2.29752 2.13798 2.03421
2.30121 2.14216 2.04404
2.29235 2.13466 2.04352
2.2959 2.13946 2.05281
2.30029 2.14281 2.06268
2.30451 2.14524 2.07366
2.30153 2.14471 2.07751
2.29994 2.14323 2.0808
2.30053 2.14153 2.0819
2.29867 2.13979 2.08574
2.30262 2.14348 2.09566
2.30522 2.1459 2.10836
2.30286 2.1452 2.11166
2.29564 2.13698 2.10992
2.29924 2.14258 2.11824
2.28795 2.12982 2.10761
2.30154 2.14247 2.13372
2.30236 2.14549 2.14758
2.28518 2.12649 2.13176
2.29495 2.13858 2.14468
2.30056 2.14081 2.15417
2.30465 2.14687 2.16147
2.30402 2.14477 2.16422
2.30266 2.14351 2.20198
2.30377 2.1363 1.89677
2.29775 2.12923 1.8927
2.28807 2.12175 1.89352
2.30124 2.13171 1.90499
2.29756 2.1298 1.91156
2.29549 2.12565 1.91866
2.29204 2.12542 1.92303
2.28994 2.12125 1.93012
2.28709 2.11787 1.93719
2.30291 2.13327 1.95851
2.29681 2.12687 1.95376
2.29406 2.12581 1.95813
2.30348 2.13604 1.97368
2.29788 2.12861 1.96946
2.3007 2.13346 1.97971
2.30143 2.13115 1.98135
2.28675 2.11755 1.97557
2.29659 2.12667 1.99174
2.30022 2.13003 2.00259
2.2978 2.12853 2.00696
2.28868 2.12083 2.00701
2.29869 2.1301 2.02276
2.29614 2.12922 2.02659
2.30092 2.13067 2.03804
2.30374 2.13628 2.04733
2.29856 2.12849 2.04297
2.30138 2.13409 2.05227
2.29621 2.12631 2.04789
2.29426 2.12525 2.05116
2.30452 2.13401 2.06707
2.30118 2.1339 2.0709
2.29602 2.12613 2.06649
2.29443 2.12466 2.06976
2.30357 2.13612 2.08409
2.29794 2.12941 2.07911
2.28386 2.11636 2.07186
2.29373 2.12699 2.08622
2.29421 2.12595 2.08676
2.29769 2.13066 2.09614
2.31083 2.13985 2.10836
2.29093 2.12143 2.09494
2.3015 2.13121 2.10937
2.29903 2.13116 2.11211
2.29798 2.12795 2.11648
2.29551 2.1279 2.11922
2.29527 2.12544 2.12195
2.29933 2.12995 2.13084
2.30291 2.13551 2.13921
2.29126 2.12322 2.12849
2.29064 2.12115 2.13122
2.29412 2.12735 2.13904
2.29312 2.12568 2.14177
2.29891 2.12881 2.15016
2.29744 2.12819 2.15234
2.2956 2.12575 2.15671
2.30053 2.13032 2.16458
2.30379 2.13333 2.17574
2.30044 2.13023 2.18232
2.29765 2.12988 2.1856
2.29764 2.12764 2.18778
2.29503 2.1282 2.18997
