1714
1285 1568
1286 1568
1287 1567
1288 1570
1289 1568
1289 1569
1290 1567
1290 1568
1292 1569
1292 1570
1293 1568
1293 1569
1295 1570
1295 1571
1296 1569
1296 1570
1297 1568
1298 1571
1299 1570
1300 1569
1302 1571
1302 1572
1303 1569
1303 1570
1304 1258
1304 1272
1304 1273
1305 1258
1305 1272
1305 1573
1306 1257
1306 1258
1306 1272
1306 1274
1306 1570
1306 1571
1306 1572
1307 1244
1307 1249
1307 1257
1307 1273
1307 1274
1307 1570
1308 1243
1308 1244
1308 1272
1308 1273
1308 1275
1309 1243
1309 1272
1309 1275
1309 1573
1310 1227
1310 1228
1310 1236
1310 1237
1310 1242
1310 1243
1310 1274
1310 1570
1310 1571
1310 1572
1311 1226
1311 1228
1311 1273
1311 1274
1312 1226
1312 1227
1312 1228
1312 1272
1312 1273
1312 1275
1312 1573
1313 1221
1313 1227
1313 1272
1313 1275
1313 1572
1313 1573
1314 1217
1314 1274
1314 1571
1314 1572
1315 1211
1315 1213
1315 1273
1315 1274
1315 1570
1316 1210
1316 1211
1316 1212
1316 1272
1316 1273
1316 1275
1316 1573
1317 1203
1317 1204
1317 1210
1317 1211
1317 1212
1317 1272
1317 1275
1317 1572
1317 1573
1318 1203
1318 1204
1318 1210
1318 1211
1318 1274
1318 1571
1319 1203
1319 1204
1319 1273
1319 1274
1319 1570
1320 1199
1320 1203
1320 1204
1320 1272
1320 1273
1320 1275
1321 1178
1321 1182
1321 1183
1321 1272
1321 1274
1321 1275
1322 1177
1322 1178
1322 1179
1322 1272
1322 1274
1322 1571
1323 1173
1323 1174
1323 1176
1323 1177
1323 1178
1323 1273
1323 1274
1323 1569
1323 1570
1324 1173
1324 1174
1324 1175
1324 1177
1324 1272
1324 1273
1324 1275
1324 1568
1325 1173
1325 1174
1325 1175
1325 1272
1325 1274
1325 1275
1326 1173
1326 1174
1326 1272
1326 1274
1327 1273
1327 1274
1327 1569
1327 1570
1328 1272
1328 1273
1328 1275
1328 1567
1328 1568
1329 1272
1329 1274
1329 1275
1329 1567
1330 1273
1330 1274
1330 1570
1331 1273
1331 1569
1332 1272
1332 1273
1332 1568
1333 1272
1333 1274
1333 1571
1334 1271
1334 1273
1334 1274
1334 1570
1335 1272
1335 1273
1335 1569
1336 1272
1336 1572
1336 1573
1337 1271
1337 1272
1337 1274
1337 1571
1337 1572
1338 1271
1338 1273
1338 1274
1338 1570
1339 1272
1339 1273
1340 1272
1340 1274
1341 1271
1341 1274
1342 1271
1342 1273
1343 1272
1343 1273
1344 1271
1344 1272
1344 1274
1345 1271
1345 1273
1345 1274
1346 1273
1347 1272
1348 1271
1348 1272
1348 1274
1349 1271
1349 1273
1349 1274
1350 1273
1351 1272
1351 1568
1352 1271
1352 1274
1352 1570
1352 1571
1353 1271
1353 1273
1353 1274
1353 1570
1354 1272
1354 1273
1354 1569
1355 1272
1356 1274
1356 1571
1356 1572
1357 1273
1357 1274
1357 1570
1358 1272
1358 1273
1358 1274
1358 1275
1358 1569
1359 1272
1359 1275
1360 1272
1360 1274
1360 1275
1360 1571
1360 1572
1361 1273
1361 1274
1361 1570
1361 1571
1362 1273
1362 1275
1363 1272
1363 1573
1364 1272
1364 1274
1364 1571
1364 1572
1365 1271
1365 1273
1365 1274
1365 1570
1366 1273
1367 1272
1367 1573
1368 1271
1368 1272
1368 1274
1368 1571
1368 1572
1369 1271
1369 1273
1369 1274
1369 1570
1370 1272
1370 1273
1371 1272
1371 1274
1371 1573
1372 1271
1372 1571
1372 1572
1373 1271
1373 1273
1373 1570
1374 1272
1374 1273
1375 1271
1375 1272
1375 1274
1375 1572
1376 1271
1376 1272
1376 1274
1376 1571
1377 1271
1377 1273
1377 1568
1377 1569
1377 1570
1378 1272
1378 1568
1379 1271
1379 1272
1379 1274
1379 1571
1380 1271
1380 1273
1380 1274
1380 1570
1381 1272
1381 1273
1381 1568
1381 1569
1382 1272
1382 1572
1383 1271
1383 1274
1383 1570
1383 1571
1383 1572
1384 1271
1384 1273
1384 1274
1384 1570
1385 1272
1385 1273
1386 1272
1386 1572
1386 1573
1387 1271
1387 1570
1387 1571
1388 1270
1388 1273
1388 1569
1389 1270
1389 1272
1389 1273
1389 1568
1390 1271
1390 1272
1390 1571
1391 1270
1391 1271
1391 1570
1392 1270
1392 1273
1392 1569
1393 1270
1393 1272
1393 1273
1393 1568
1394 1271
1394 1272
1395 1270
1395 1271
1395 1570
1396 1270
1396 1273
1396 1568
1396 1569
1397 1272
1397 1567
1398 1271
1398 1272
1399 1270
1399 1271
1399 1570
1400 1270
1400 1273
1400 1568
1400 1569
1401 1272
1401 1567
1402 1271
1402 1272
1403 1270
1403 1271
1403 1569
1403 1570
1404 1270
1404 1273
1404 1568
1404 1569
1405 1270
1405 1272
1405 1273
1405 1567
1406 1271
1406 1272
1407 1271
1407 1569
1407 1570
1408 1270
1408 1273
1408 1568
1408 1569
1409 1272
1409 1273
1409 1567
1410 1271
1410 1272
1411 1270
1411 1271
1411 1273
1411 1570
1412 1270
1412 1273
1412 1569
1412 1570
1413 1272
1413 1567
1414 1271
1414 1272
1414 1571
1415 1270
1415 1271
1415 1273
1415 1570
1416 1270
1416 1273
1416 1569
1417 1272
1418 1271
1418 1272
1418 1571
1418 1572
1419 1270
1419 1271
1419 1273
1419 1569
1419 1570
1420 1270
1420 1272
1420 1273
1420 1573
1421 1272
1421 1572
1421 1573
1422 1271
1422 1272
1422 1273
1422 1570
1422 1571
1423 1270
1423 1273
1423 1569
1423 1570
1424 1270
1424 1272
1425 1271
1425 1272
1425 1571
1426 1270
1426 1271
1426 1570
1427 1270
1428 1272
1429 1271
1430 1270
1431 1270
1431 1273
1432 1271
1433 1271
1434 1270
1434 1271
1435 1270
1438 1270
1439 1270
1442 1270
1446 1270
1449 1271
1450 1270
1451 1269
1451 1270
1451 1272
1452 1269
1452 1271
1452 1272
1453 1271
1454 1269
1454 1270
1455 1269
1455 1272
1456 1269
1456 1271
1456 1272
1457 1271
1458 1270
1459 1269
1459 1272
1460 1269
1460 1271
1460 1272
1460 1571
1461 1270
1461 1271
1461 1569
1461 1570
1462 1270
1462 1568
1463 1269
1463 1272
1464 1269
1464 1271
1464 1272
1464 1570
1464 1571
1465 1270
1465 1271
1465 1569
1465 1570
1466 1269
1466 1270
1466 1272
1466 1568
1467 1269
1467 1271
1467 1272
1467 1571
1468 1271
1468 1570
1469 1270
1469 1569
1470 1269
1470 1270
1470 1272
1470 1572
1471 1269
1471 1271
1471 1272
1471 1571
1471 1572
1472 1270
1472 1271
1472 1570
1473 1270
1473 1272
1474 1269
1474 1272
1475 1271
1476 1270
1476 1271
1477 1269
1477 1270
1477 1272
1478 1269
1478 1272
1479 1271
1480 1270
1480 1271
1481 1269
1481 1272
1482 1269
1482 1272
1483 1271
1484 1270
1485 1269
1485 1270
1485 1272
1486 1269
1486 1271
1486 1272
1486 1571
1486 1572
1487 1271
1487 1570
1487 1571
1488 1270
1488 1570
1489 1269
1489 1270
1489 1272
1490 1269
1490 1271
1490 1272
1490 1572
1490 1573
1491 1271
1491 1570
1491 1571
1492 1270
1492 1271
1492 1570
1493 1269
1493 1270
1493 1272
1494 1269
1494 1272
1494 1572
1494 1573
1495 1269
1495 1271
1495 1272
1496 1270
1496 1271
1497 1269
1497 1270
1497 1272
1498 1269
1498 1272
1499 1269
1499 1271
1500 1270
1500 1271
1501 1269
1501 1270
1501 1272
1502 1269
1502 1271
1502 1272
1503 1271
1504 1270
1504 1271
1505 1269
1505 1270
1505 1272
1506 1269
1506 1271
1506 1272
1506 1571
1507 1271
1507 1569
1507 1570
1508 1269
1508 1270
1508 1272
1508 1569
1508 1573
1509 1269
1509 1270
1509 1271
1509 1272
1509 1571
1509 1572
1510 1269
1510 1271
1510 1570
1510 1571
1511 1270
1511 1271
1511 1570
1512 1269
1512 1270
1512 1272
1512 1573
1513 1269
1513 1271
1513 1272
1513 1572
1514 1269
1514 1270
1514 1271
1514 1570
1514 1571
1515 1269
1515 1270
1515 1271
1515 1272
1516 1269
1516 1270
1516 1272
1516 1572
1517 1269
1517 1271
1517 1272
1517 1571
1517 1572
1518 1269
1518 1270
1518 1271
1518 1569
1518 1570
1519 1269
1519 1270
1519 1272
1519 1568
1519 1569
1520 1269
1520 1272
1520 1567
1521 1269
1521 1271
1522 1270
1522 1271
1522 1569
1523 1269
1523 1270
1523 1568
1524 1269
1524 1271
1524 1566
1524 1567
1525 1268
1525 1269
1525 1271
1525 1566
1526 1268
1526 1270
1526 1271
1526 1569
1527 1269
1527 1270
1527 1568
1528 1269
1528 1271
1528 1567
1529 1268
1529 1269
1529 1271
1529 1571
1530 1268
1530 1270
1530 1271
1530 1569
1530 1570
1531 1269
1531 1270
1531 1568
1531 1569
1532 1269
1533 1268
1533 1269
1533 1271
1533 1571
1534 1268
1534 1270
1534 1271
1534 1569
1534 1570
1535 1269
1535 1270
1535 1568
1536 1269
1537 1268
1537 1269
1537 1271
1537 1571
1537 1572
1538 1268
1538 1270
1538 1271
1538 1570
1539 1269
1539 1270
1540 1269
1540 1572
1540 1573
1541 1269
1541 1271
1541 1571
1541 1572
1542 1270
1542 1271
1542 1569
1543 1269
1543 1270
1543 1271
1543 1272
1543 1568
1544 1269
1544 1271
1544 1272
1544 1567
1544 1568
1545 1271
1545 1570
1546 1270
1546 1271
1546 1569
1546 1570
1547 1269
1547 1270
1547 1272
1547 1567
1547 1568
1548 1269
1548 1271
1548 1272
1549 1269
1549 1270
1549 1271
1549 1570
1550 1270
1550 1271
1550 1568
1550 1569
1551 1269
1551 1270
1551 1567
1552 1268
1552 1269
1552 1271
1553 1268
1553 1270
1553 1271
1553 1569
1554 1268
1554 1269
1554 1270
1554 1568
1555 1269
1555 1270
1555 1271
1555 1567
1556 1268
1556 1269
1556 1271
1556 1570
1557 1268
1557 1270
1557 1271
1557 1568
1557 1569
1557 1570
1558 1269
1558 1270
1558 1567
1558 1568
1559 1268
1559 1269
1559 1271
1560 1268
1560 1269
1560 1270
1560 1271
1560 1570
1561 1268
1561 1270
1561 1569
1562 1269
1562 1270
1562 1567
1562 1568
1563 1268
1563 1269
1563 1271
1564 1268
1564 1271
1565 1268
1565 1270
1565 1271
1566 1269
1566 1270
1566 1271
1567 1268
1567 1269
1567 1271
1568 1268
1568 1270
1569 1268
1569 1269
1569 1270
1570 1269
1571 1268
1571 1269
1572 1268
1572 1270
1573 1267
1573 1268
1573 1270
1574 1269
1575 1268
1575 1269
1576 1268
1576 1270
1577 1267
1577 1270
1578 1269
1579 1268
1579 1269
1580 1267
1580 1268
1580 1270
1581 1267
1581 1270
1582 1269
1583 1268
1583 1269
1584 1267
1584 1268
1585 1267
1585 1269
1585 1270
1586 1269
1587 1268
1587 1269
1588 1267
1588 1268
1588 1270
1589 1267
1589 1269
1589 1270
1589 1568
1590 1269
1591 1268
1591 1269
1591 1570
1591 1571
1592 1267
1592 1268
1592 1270
1592 1568
1592 1569
1592 1570
1593 1267
1593 1269
1593 1270
1593 1568
1594 1269
1594 1571
1595 1268
1595 1269
1595 1570
1596 1267
1596 1268
1596 1270
1596 1568
1596 1569
1597 1267
1597 1269
1597 1270
1597 1568
1598 1268
1598 1269
1599 1268
1599 1270
1600 1267
1600 1270
1601 1267
1601 1269
1602 1268
1602 1269
1603 1267
1603 1268
1603 1270
1604 1267
1604 1269
1604 1270
1605 1268
1605 1269
1606 1268
1607 1267
1607 1268
1607 1270
1608 1267
1608 1269
1608 1270
1609 1269
1610 1268
1611 1267
1611 1268
1611 1270
1612 1269
1613 1269
1614 1266
1614 1268
1615 1267
1615 1268
1616 1266
1616 1269
1617 1268
1617 1269
1618 1268
1620 1269
1640 1269
1641 1268
1642 1268
1642 1270
1741 1270
1742 1267
1742 1269
1742 1270
1743 1269
1744 1266
1744 1268
1745 1267
1745 1268
1746 1266
1746 1267
1747 1266
1747 1573
1748 1265
1748 1268
1748 1570
1748 1571
1748 1572
1748 1573
1749 1265
1749 1267
1749 1268
1749 1570
1750 1266
1750 1267
1751 1266
1751 1572
1751 1573
1752 1265
1752 1266
1752 1268
1752 1571
1752 1572
1753 1265
1753 1267
1753 1570
1754 1266
1754 1267
1755 1266
1755 1572
1755 1573
1756 1265
1756 1268
1756 1570
1756 1571
1757 1265
1757 1267
1757 1268
1757 1570
1758 1266
1758 1267
1758 1573
1759 1265
1759 1266
1759 1268
1759 1572
1760 1265
1760 1268
1760 1571
1760 1572
1761 1265
1761 1267
1761 1268
1761 1568
1761 1569
1761 1570
1762 1266
1762 1568
1763 1265
1763 1266
1763 1571
1764 1265
1764 1268
1764 1570
1765 1267
1765 1568
1765 1569
1766 1266
1767 1265
1767 1266
1767 1268
1767 1570
1767 1571
1768 1265
1768 1268
1768 1569
1768 1570
1769 1267
1769 1568
1770 1266
1770 1568
1771 1265
1771 1266
1771 1268
1771 1570
1771 1571
1772 1265
1772 1267
1772 1268
1772 1569
1773 1267
1773 1568
1774 1266
1774 1571
1775 1265
1775 1266
1775 1570
1776 1265
1776 1267
1776 1268
1776 1569
1777 1266
1777 1267
1778 1266
1778 1268
1778 1571
1779 1265
1779 1268
1779 1570
1780 1265
1780 1267
1780 1568
1780 1569
1781 1266
1781 1267
1782 1266
1782 1268
1782 1571
1783 1265
1783 1267
1783 1268
1783 1569
1783 1570
1784 1265
1784 1266
1784 1267
1784 1568
1784 1569
1785 1266
1786 1265
1786 1266
1786 1571
1787 1265
1787 1268
1787 1569
1787 1570
1788 1265
1788 1267
1788 1568
1789 1266
1790 1265
1790 1266
1790 1268
1790 1571
1791 1265
1791 1267
1791 1268
1791 1570
1792 1267
1792 1569
1793 1266
2018 1262
2019 1262
2019 1265
2020 1263
2020 1264
2021 1263
2022 1262
2022 1265
2023 1262
2023 1265
2024 1264
2024 1567
2024 1568
2025 1263
2025 1567
2025 1570
2026 1265
2026 1569
2026 1570
2027 1264
2027 1265
2027 1568
2027 1569
2028 1263
2028 1264
2028 1266
2028 1568
2029 1263
2029 1266
2030 1265
2030 1569
2030 1570
2031 1264
2031 1265
2031 1568
2032 1263
2032 1264
2032 1266
2032 1571
2033 1263
2033 1265
2033 1266
2033 1570
2034 1265
2034 1569
2034 1570
2035 1264
2035 1266
2036 1263
2036 1266
2036 1571
2037 1263
2037 1265
2037 1266
2037 1569
2037 1570
2038 1265
2038 1568
2038 1569
2039 1264
2039 1567
2039 1568
2040 1263
2040 1264
2041 1262
2041 1263
2041 1265
2042 1262
2042 1265
2042 1569
2043 1262
2043 1264
2043 1567
2043 1568
2044 1263
2044 1264
2044 1566
2045 1262
2045 1263
2045 1265
2046 1262
2046 1265
2046 1569
2047 1262
2047 1264
2047 1567
2047 1568
2048 1263
2048 1264
2048 1566
2049 1262
2049 1263
2049 1265
2050 1262
2050 1264
2050 1265
2050 1568
2050 1569
2050 1570
2051 1262
2051 1264
2051 1567
2051 1568
2052 1263
2052 1566
2053 1262
2053 1265
2054 1262
2054 1264
2054 1265
2055 1263
2055 1264
2055 1567
2055 1568
2056 1263
2056 1265
2056 1565
2056 1566
2056 1567
2057 1262
2057 1265
2057 1565
2058 1262
2058 1264
2058 1568
2059 1263
2059 1264
2059 1567
2059 1568
2060 1263
2060 1265
2060 1566
2060 1567
2061 1262
2061 1265
2073 1182
2073 1183
2074 1181
2074 1182
2074 1183
2074 1207
2074 1208
2075 1181
2075 1182
2075 1183
2075 1210
2075 1211
2076 1181
2076 1182
2315 1253
2316 1253
2317 1240
2317 1252
2318 1239
2318 1241
2318 1252
2319 1239
2319 1240
2319 1241
2320 1238
2320 1240
2321 1238
2321 1239
2321 1240
2321 1260
2322 1239
2322 1240
2322 1241
2322 1259
2322 1260
2322 1262
2323 1238
2323 1239
2323 1240
2323 1241
2323 1259
2323 1261
2323 1262
2323 1562
2323 1563
2323 1627
2324 1238
2324 1240
2324 1261
2324 1561
2324 1731
2325 1239
2325 1240
2325 1259
2325 1260
2325 1262
2325 1736
2325 1737
2326 1239
2326 1241
2326 1259
2326 1262
2326 1563
2326 1735
2327 1240
2327 1241
2327 1247
2327 1248
2327 1261
2327 1562
2327 1563
2327 1732
2327 1733
2327 1734
2328 1253
2328 1260
2328 1261
2328 1560
2328 1561
2328 1731
2328 1732
2329 1260
2329 1560
2329 1735
2330 1563
2331 1561
2331 1562
2332 1560
2334 1562
2334 1563
2335 1561
2335 1562
2336 1560
2338 1562
2338 1563
2339 1555
2340 1554
2341 1553
2343 1544
2343 1550
2344 1543
2344 1549
2344 1550
2346 1539
2346 1540
2347 1538
2347 1539
2347 1544
2348 1537
2351 1537
2351 1538
2352 1531
2352 1532
2352 1536
2352 1537
2353 1530
2355 1521
2355 1522
2355 1526
2355 1738
2356 1737
2357 1735
2494 1226
2495 1226
2495 1232
2495 1233
2495 1235
2496 1224
2496 1225
2496 1226
2496 1227
2496 1234
2496 1236
2497 1224
2497 1225
2497 1227
2497 1235
2497 1236
2497 1242
2497 1243
2498 1224
2498 1226
2498 1227
2498 1235
2498 1242
2499 1224
2499 1226
2499 1227
2499 1241
2499 1243
2499 1244
2500 1225
2500 1226
2500 1227
2500 1241
2500 1243
2501 1224
2501 1225
2501 1227
2501 1242
2501 1243
2502 1226
2502 1233
2502 1241
2502 1242
2502 1244
2503 1225
2503 1226
2503 1232
2503 1241
2503 1243
2503 1244
2504 1232
2504 1233
2504 1243
2504 1253
2505 1233
2505 1242
2505 1243
2505 1252
2505 1262
2505 1265
2506 1251
2506 1252
2506 1254
2506 1264
2506 1265
2507 1251
2507 1253
2507 1264
2508 1253
2508 1263
2508 1264
2509 1252
2509 1254
2509 1263
2509 1265
2509 1266
2509 1274
2510 1251
2510 1252
2510 1254
2510 1264
2510 1267
2510 1278
2511 1253
2511 1264
2511 1266
2511 1267
2511 1281
2511 1284
2512 1252
2512 1253
2512 1255
2512 1266
2512 1283
2513 1265
2513 1283
2513 1285
2513 1286
2513 1427
2514 1265
2514 1267
2514 1285
2514 1295
2514 1430
2515 1266
2515 1267
2515 1284
2515 1294
2515 1428
2515 1429
2516 1265
2516 1266
2516 1268
2516 1428
2517 1271
2517 1295
2517 1303
2517 1427
2518 1285
2518 1304
2518 1430
2519 1284
2519 1304
2519 1429
2519 1430
2520 1283
2520 1284
2520 1286
2520 1303
2520 1428
2520 1429
2521 1285
2521 1291
2521 1292
2521 1427
2522 1285
2522 1291
2522 1292
2522 1430
2523 1291
2523 1293
2523 1317
2523 1429
2523 1430
2524 1292
2524 1294
2524 1303
2524 1320
2524 1327
2524 1328
2524 1428
2524 1429
2525 1427
2526 1304
2526 1333
2527 1303
2527 1304
2527 1328
2527 1429
2528 1303
2528 1334
2528 1335
2528 1428
2529 1333
2529 1427
2530 1312
2530 1314
2530 1332
2530 1333
2530 1425
2530 1426
2531 1313
2531 1314
2531 1332
2531 1335
2532 1313
2532 1316
2587 1222
2588 1212
2588 1214
2588 1223
2589 1211
2589 1213
2589 1223
2589 1225
2589 1226
2590 1211
2590 1212
2590 1213
2590 1222
2590 1224
2590 1226
2591 1204
2591 1205
2591 1211
2591 1212
2591 1224
2591 1226
2591 1227
2592 1205
2592 1212
2592 1225
2592 1227
2593 1203
2593 1204
2593 1205
2593 1206
2593 1224
2593 1225
2593 1226
2593 1227
2594 1203
2594 1204
2594 1206
2594 1224
2594 1226
2595 1204
2595 1205
2595 1224
2595 1225
2595 1226
2595 1227
2596 1203
2596 1205
2596 1215
2596 1217
2596 1225
2596 1227
2597 1203
2597 1204
2597 1205
2597 1206
2597 1215
2597 1217
2597 1218
2597 1224
2597 1225
2597 1226
2597 1227
2598 1204
2598 1206
2598 1214
2598 1226
2599 1204
2599 1205
2599 1207
2599 1208
2599 1215
2599 1216
2599 1225
2599 1226
2600 1215
2633 1386
2633 1389
2634 1388
2635 1387
2636 1386
2636 1387
2637 1385
2637 1386
2638 1384
2639 1383
2640 1382
2641 1381
2642 1383
2642 1384
2643 1375
2643 1383
2644 1382
2645 1376
2645 1377
2646 1367
2646 1375
2647 1374
2647 1375
2648 1368
2648 1369
2648 1373
2648 1374
2648 1377
2649 1368
2649 1373
2649 1376
2649 1377
2650 1367
2650 1376
2651 1362
2652 1361
2652 1368
2653 1360
2653 1363
2654 1362
2654 1363
2655 1361
2655 1362
2656 1360
2656 1361
2657 1355
2658 1354
2658 1355
2658 1362
2659 1353
2659 1354
2660 1353
2660 1356
2661 1355
2662 1349
2662 1350
2662 1354
2663 1349
2664 1347
2664 1348
