1714
2.3 1.28352 -2.62288
2.29 1.28282 -2.62323
2.29 1.28212 -2.62393
2.29 1.28526 -2.62463
2.29 1.28334 -2.62602
2.29 1.28386 -2.62585
2.28 1.28212 -2.62689
2.3 1.28282 -2.62637
2.28 1.28439 -2.62847
2.29 1.28509 -2.62812
2.28 1.28334 -2.62916
2.3 1.28386 -2.62882
2.28 1.28509 -2.63091
2.29 1.28578 -2.63056
2.28 1.28439 -2.63143
2.27 1.28474 -2.63126
2.28 1.28351 -2.63196
2.26 1.28578 -2.63353
2.28 1.28509 -2.6337
2.25 1.28386 -2.63457
2.24 1.28596 -2.63649
2.28 1.28648 -2.63615
2.23 1.28439 -2.63737
2.24 1.28526 -2.63702
2.55 1.02992 -2.63824
2.54 1.04144 -2.63841
2.56 1.04179 -2.63772
2.57 1.02974 -2.63859
2.52 1.04109 -2.63894
2.25 1.28735 -2.63859
2.62 1.02905 -2.63964
2.58 1.02922 -2.63946
2.53 1.04074 -2.63946
2.63 1.04283 -2.63964
2.26 1.28526 -2.63981
2.25 1.28596 -2.63946
2.28 1.28631 -2.63929
2.54 1.01823 -2.64068
2.57 1.02206 -2.64086
2.54 1.02852 -2.64068
2.56 1.04196 -2.64068
2.58 1.04266 -2.64016
2.27 1.28491 -2.64016
2.61 1.0177 -2.64156
2.6 1.01788 -2.64121
2.54 1.04144 -2.64156
2.56 1.04161 -2.64138
4.4 1.04371 0.500037
2.57 1.01753 -2.64191
2.54 1.04109 -2.6419
2.5 1.04388 -2.64173
2.24 1.28718 -2.6419
2.6 1.00409 -2.6426
4.15 1.00531 0.498291
2.61 1.01142 -2.6426
2.56 1.01264 -2.6433
2.58 1.01683 -2.6433
2.57 1.017 -2.64295
2.51 1.04283 -2.64278
2.25 1.28491 -2.6433
2.24 1.28544 -2.64295
2.25 1.28631 -2.6426
2.58 1.00356 -2.64365
2.58 1.00514 -2.64382
2.52 1.04196 -2.644
2.53 1.04231 -2.64348
2.58 1.00304 -2.64487
2.58 1.00461 -2.6447
2.57 1.00496 -2.64417
2.5 1.04144 -2.64487
2.52 1.04179 -2.64452
4.43 1.04388 0.496721
2.24 1.2877 -2.6447
2.57 0.999376 -2.64505
2.58 1.00444 -2.64505
2.48 1.04126 -2.64505
2.49 1.04318 -2.64557
2.23 1.28648 -2.64574
2.22 1.28701 -2.6454
2.58 0.995885 -2.64627
2.48 1.04283 -2.64592
2.23 1.28561 -2.64627
2.25 1.28631 -2.64592
3.64 0.990998 0.494626
2.56 0.992569 -2.64697
2.48 1.04196 -2.64732
2.52 1.04231 -2.64679
2.22 1.28456 -2.64697
2.57 0.990649 -2.64766
3.66 0.990823 0.494103
2.57 0.992045 -2.64801
2.48 1.04144 -2.64819
2.47 1.04179 -2.64749
2.51 1.04371 -2.64819
2.24 1.2877 -2.64819
3.41 0.984889 0.492707
3.4 0.985064 0.493056
2.56 0.9903 -2.64871
2.57 0.991522 -2.64906
2.56 0.991696 -2.64889
2.5 1.04109 -2.64854
2.48 1.04353 -2.64854
2.25 1.28666 -2.64906
2.23 1.28701 -2.64871
3.39 0.984715 0.492357
3.42 0.985762 0.491834
3.66 0.990125 0.492357
2.56 0.991347 -2.64958
2.47 1.04266 -2.64976
2.23 1.28596 -2.64941
3.39 0.98454 0.491659
3.4 0.985413 0.49131
2.5 1.04214 -2.65063
2.5 1.04249 -2.65011
2.24 1.28474 -2.65011
3.39 0.981573 0.490263
2.6 0.984889 -2.6515
3.4 0.985064 0.490263
2.5 1.04144 -2.65133
2.52 1.04161 -2.65133
2.5 1.04371 -2.6515
3.29 0.963771 0.489739
3.3 0.967261 0.489565
3.3 0.967959 0.489739
2.5 1.04126 -2.65185
2.46 1.04301 -2.6522
2.49 1.04336 -2.65185
3.27 0.963073 0.488518
3.28 0.963771 0.489216
3.28 0.964643 0.488692
2.49 1.04074 -2.65238
2.48 1.04249 -2.65307
2.22 1.28561 -2.6529
3.26 0.960106 0.487819
3.25 0.961153 0.48782
3.27 0.9622 0.487645
3.27 0.963422 0.48782
3.29 0.963945 0.487994
2.49 1.04214 -2.65377
2.49 1.04231 -2.65325
2.22 1.28404 -2.65377
2.23 1.28491 -2.65325
3.26 0.960106 0.487121
3.26 0.960804 0.487122
3.28 0.961502 0.487122
3.27 0.963422 0.487296
2.49 1.04144 -2.65465
2.49 1.04161 -2.65447
2.48 1.04388 -2.65447
2.22 1.28317 -2.65447
3.27 0.960106 0.486423
3.26 0.960804 0.486598
3.28 0.961327 0.486423
2.48 1.04109 -2.65534
2.51 1.04301 -2.65552
2.48 1.04336 -2.65517
3.26 0.960455 0.4859
3.27 0.960804 0.4859
2.51 1.04074 -2.65569
2.53 1.04249 -2.65639
2.51 1.04214 -2.65709
2.52 1.04231 -2.65657
2.26 1.28421 -2.65709
2.23 1.28509 -2.65657
2.55 1.04126 -2.65796
2.5 1.04179 -2.65726
2.54 1.04388 -2.65726
2.25 1.28282 -2.65779
2.25 1.28352 -2.65761
2.53 1.04126 -2.65814
2.54 1.04283 -2.65866
2.53 1.04336 -2.65814
2.24 1.28264 -2.65831
2.53 1.04214 -2.65971
2.52 1.04266 -2.65901
2.26 1.28491 -2.65971
2.53 1.04214 -2.66006
2.26 1.28439 -2.66006
2.54 1.04144 -2.6611
2.54 1.04161 -2.66075
2.26 1.28334 -2.66075
2.52 1.04074 -2.66198
2.53 1.04283 -2.6618
2.26 1.28596 -2.66215
2.53 1.04004 -2.6625
2.56 1.04214 -2.66285
2.52 1.04231 -2.6625
2.26 1.28509 -2.66285
2.53 1.04144 -2.66372
2.51 1.04179 -2.66337
2.25 1.28439 -2.6632
2.57 1.04126 -2.66407
2.27 1.28683 -2.66459
2.22 1.28753 -2.66407
2.76 1.04057 -2.66512
2.7 1.04074 -2.66477
2.72 1.04301 -2.66477
2.23 1.28578 -2.66529
2.28 1.28613 -2.66494
2.82 1.04022 -2.66547
2.85 1.04214 -2.66564
2.85 1.04249 -2.66564
2.24 1.28509 -2.66547
3.12 1.04144 -2.66686
2.91 1.04196 -2.66634
4.39 1.04091 0.474206
4.42 1.04301 0.473857
4.39 1.04004 0.473159
4.41 1.04249 0.472984
4.4 1.03987 0.47281
4.39 1.04179 0.472112
4.4 1.04126 0.471588
4.41 1.04161 0.471763
4.38 1.04039 0.470541
4.41 1.04074 0.47089
4.41 1.04283 0.470541
4.38 1.03987 0.469668
4.41 1.04214 0.469668
4.38 1.04249 0.470017
4.4 1.04196 0.469319
3.21 1.04109 -2.6735
3.06 1.04022 -2.67437
3.15 1.04074 -2.67384
3.11 1.04266 -2.67437
3.03 1.04004 -2.67472
2.96 1.04214 -2.67524
3.04 1.04249 -2.67472
2.8 1.04161 -2.67576
2.7 1.04074 -2.67681
2.42 1.28299 -2.67611
2.73 1.04022 -2.67751
2.72 1.04283 -2.67716
2.44 1.28526 -2.67751
2.43 1.28596 -2.67734
2.7 1.04004 -2.67786
2.69 1.04214 -2.67838
2.73 1.04249 -2.67803
2.42 1.28474 -2.67803
2.72 1.04144 -2.67926
2.71 1.04196 -2.67856
2.44 1.28369 -2.67873
2.71 1.04126 -2.6796
2.71 1.04301 -2.68048
2.4 1.28561 -2.68083
2.4 1.28648 -2.6803
2.71 1.04214 -2.6817
2.69 1.04283 -2.681
2.41 1.28474 -2.68152
2.72 1.04144 -2.68257
2.71 1.04196 -2.68187
4.42 1.04231 0.45972
4.42 1.04371 0.459022
2.4 1.28386 -2.68187
2.72 1.04126 -2.68309
2.69 1.04388 -2.68275
2.73 1.04074 -2.68344
2.71 1.04301 -2.68379
2.71 1.04336 -2.68344
2.39 1.28596 -2.68397
2.42 1.28648 -2.68362
2.66 1.04214 -2.68501
2.7 1.04283 -2.68432
2.37 1.28474 -2.68467
2.43 1.28561 -2.68432
2.69 1.04161 -2.68554
2.72 1.04388 -2.68589
2.61 1.04109 -2.68658
2.36 1.28718 -2.68658
2.69 1.04074 -2.68693
2.67 1.04266 -2.68746
2.41 1.28578 -2.68746
2.4 1.28683 -2.68693
2.7 1.03987 -2.68781
2.71 1.04214 -2.68833
2.73 1.04231 -2.68781
2.4 1.28509 -2.68798
2.7 1.04161 -2.68885
2.69 1.04144 -2.68938
2.38 1.28701 -2.6899
2.73 1.04057 -2.69025
2.75 1.04091 -2.69008
2.65 1.04249 -2.69077
2.39 1.28578 -2.6906
2.4 1.28613 -2.6906
2.71 1.04004 -2.69112
2.71 1.04214 -2.69112
4.42 1.04266 0.45047
2.39 1.28456 -2.69147
2.69 1.04144 -2.69217
2.7 1.04179 -2.69165
2.65 1.04109 -2.69287
2.68 1.04301 -2.69304
2.38 1.28735 -2.69269
2.65 1.04057 -2.69357
2.39 1.28543 -2.69374
2.4 1.28631 -2.69339
2.7 1.04004 -2.69426
2.66 1.04196 -2.69479
2.38 1.28491 -2.69426
2.64 1.04144 -2.69566
2.68 1.04179 -2.69496
4.4 1.04039 0.445059
2.66 1.04091 -2.69618
2.68 1.04301 -2.69618
2.4 1.28683 -2.69618
2.65 1.04022 -2.69688
2.69 1.04074 -2.69653
2.62 1.04249 -2.69671
2.37 1.28596 -2.69671
2.65 1.04004 -2.69741
2.66 1.04161 -2.69793
2.38 1.28352 -2.69793
2.37 1.28439 -2.69776
2.37 1.28474 -2.69741
2.63 1.04144 -2.69845
2.36 1.28334 -2.69828
2.66 1.04039 -2.69968
2.63 1.04074 -2.69933
2.6 1.04266 -2.69968
2.37 1.28578 -2.69968
2.65 1.04004 -2.70037
2.65 1.04214 -2.70037
2.65 1.04249 -2.70002
2.35 1.28526 -2.70002
2.66 1.04144 -2.70142
2.62 1.04179 -2.7009
2.38 1.28352 -2.70125
2.37 1.28369 -2.70107
2.64 1.04126 -2.70177
2.35 1.28683 -2.70212
2.6 1.04057 -2.70247
2.6 1.04283 -2.70264
2.34 1.28526 -2.70282
2.33 1.28578 -2.70264
2.36 1.28631 -2.70247
2.59 1.04004 -2.70317
2.62 1.04179 -2.70386
2.62 1.04231 -2.70317
2.33 1.28474 -2.70334
2.62 1.04144 -2.70456
2.59 1.04161 -2.70439
2.6 1.04074 -2.70544
2.36 1.28648 -2.70526
2.34 1.28735 -2.70474
2.59 1.03987 -2.70613
2.34 1.28526 -2.70613
2.35 1.28543 -2.70578
2.61 1.03952 -2.70666
2.58 1.04179 -2.70683
2.35 1.28439 -2.70648
2.59 1.03917 -2.70718
2.58 1.04144 -2.70735
4.41 1.04161 0.434238
2.33 1.28334 -2.70718
2.6 1.04057 -2.70858
2.6 1.04074 -2.7084
2.34 1.28578 -2.70875
2.62 1.03969 -2.70962
2.6 1.04004 -2.70927
2.32 1.28526 -2.70893
2.58 1.03934 -2.70997
2.58 1.04196 -2.70997
2.34 1.28386 -2.70997
4.38 1.03917 0.431096
2.6 1.04144 -2.71067
2.63 1.04161 -2.7105
2.33 1.28299 -2.7105
2.63 1.04057 -2.71172
2.65 1.04074 -2.71154
2.72 1.03969 -2.71277
2.68 1.04004 -2.71242
2.37 1.28509 -2.71242
2.82 1.03934 -2.71329
2.71 1.04196 -2.71311
2.42 1.28282 -2.71364
2.39 1.28439 -2.71294
2.7 1.04126 -2.71434
2.44 1.28247 -2.71416
2.7 1.04039 -2.71503
2.7 1.04074 -2.71486
2.7 1.03969 -2.71608
2.68 1.04022 -2.71538
2.39 1.28456 -2.71608
2.69 1.03934 -2.71643
2.67 1.04161 -2.71695
2.42 1.28334 -2.71678
2.43 1.28386 -2.71643
2.68 1.04126 -2.7173
2.42 1.28264 -2.71713
2.69 1.04039 -2.71835
2.69 1.04074 -2.718
2.7 1.03969 -2.7194
2.68 1.03987 -2.71905
2.44 1.28439 -2.7194
2.42 1.28491 -2.71922
2.69 1.03934 -2.71992
2.71 1.04214 -2.71957
2.44 1.28352 -2.71992
2.44 1.28386 -2.71975
4.38 1.03917 0.421148
2.72 1.04144 -2.72044
2.69 1.04161 -2.72044
2.42 1.28264 -2.72044
2.71 1.04039 -2.72184
2.71 1.04091 -2.72114
2.72 1.03987 -2.72236
2.42 1.28439 -2.72271
2.39 1.28509 -2.72236
2.73 1.03969 -2.72289
2.73 1.04196 -2.72306
2.45 1.28352 -2.72324
2.43 1.28386 -2.72306
2.68 1.04144 -2.72428
2.74 1.04179 -2.72359
2.41 1.28264 -2.72359
2.69 1.04057 -2.72481
2.68 1.04109 -2.72446
4.41 1.03969 0.415737
2.67 1.03987 -2.72568
4.41 1.04214 0.415738
2.43 1.28509 -2.72551
2.71 1.03934 -2.72655
2.71 1.04179 -2.72638
2.42 1.28369 -2.72655
2.43 1.28474 -2.72603
2.7 1.04126 -2.72743
2.41 1.28212 -2.72743
2.68 1.04057 -2.72812
2.7 1.04074 -2.72795
2.42 1.28596 -2.72812
2.74 1.03969 -2.72917
2.72 1.04022 -2.72847
4.41 1.04214 0.412596
2.42 1.28474 -2.72882
2.71 1.03917 -2.72987
2.72 1.04196 -2.72935
2.42 1.28404 -2.72935
2.73 1.04144 -2.73022
2.72 1.04022 -2.73161
2.75 1.04074 -2.73109
2.43 1.28561 -2.73144
2.42 1.28648 -2.73092
2.69 1.03969 -2.73231
2.7 1.03987 -2.73179
2.75 1.04214 -2.73196
2.43 1.28404 -2.73231
2.41 1.28509 -2.73179
2.74 1.03917 -2.73301
2.73 1.04144 -2.73301
4.39 1.04179 0.40893
2.42 1.2877 -2.73301
2.73 1.04109 -2.73353
2.41 1.28683 -2.73371
2.42 1.28735 -2.73336
2.69 1.04057 -2.73423
2.71 1.04074 -2.73423
2.7 1.04214 -2.73493
2.41 1.28474 -2.73493
2.4 1.28596 -2.73423
2.7 1.03934 -2.73563
2.68 1.04196 -2.73545
2.4 1.28404 -2.73545
2.43 1.28474 -2.73511
2.69 1.03917 -2.73598
2.69 1.04126 -2.73615
2.75 1.04039 -2.7372
2.68 1.04109 -2.73668
2.43 1.28578 -2.7372
4.41 1.03969 0.40352
3.16 1.04022 -2.73755
2.43 1.28474 -2.73772
4.38 1.03934 0.402647
4.4 1.04109 0.402298
4.4 1.04057 0.4016
4.4 1.03969 0.400553
4.38 1.03917 0.399506
4.4 1.04161 0.399855
4.4 1.04057 0.398459
4.4 1.04039 0.39811
4.39 1.03969 0.397411
4.39 1.04004 0.397586
4.4 1.03934 0.396713
4.38 1.03969 0.39427
4.39 1.03917 0.393397
4.39 1.03969 0.390954
4.38 1.03934 0.387114
3.23 1.04022 -2.75657
3.06 1.03934 -2.75779
2.57 1.03865 -2.75867
3.03 1.03917 -2.75797
2.83 1.04126 -2.75867
3.02 1.03847 -2.75902
2.59 1.04057 -2.75937
2.6 1.04091 -2.75919
2.59 1.04039 -2.75971
2.98 1.03899 -2.76111
2.6 1.03969 -2.76059
2.99 1.03882 -2.76163
2.83 1.04144 -2.76163
3.03 1.03865 -2.76198
2.82 1.04057 -2.76268
2.83 1.04109 -2.76198
2.78 1.04039 -2.76303
2.59 1.03952 -2.76408
2.58 1.03899 -2.76478
2.98 1.04126 -2.76478
2.57 1.0383 -2.76565
2.91 1.04039 -2.76582
2.92 1.04074 -2.76547
2.26 1.28596 -2.76565
2.88 1.03969 -2.7667
2.89 1.04004 -2.76652
2.26 1.28386 -2.76687
2.26 1.28509 -2.76617
2.85 1.03917 -2.76739
2.26 1.28352 -2.76739
2.76 1.03865 -2.76844
3.2 1.04091 -2.76844
2.7 1.03847 -2.76862
2.88 1.04022 -2.76914
3.1 1.04074 -2.76862
2.24 1.28526 -2.76914
2.25 1.28596 -2.76862
2.74 1.03969 -2.76984
2.83 1.04004 -2.76949
2.26 1.28404 -2.76984
2.25 1.28474 -2.76949
2.61 1.03899 -2.77088
2.65 1.03917 -2.77036
2.75 1.04144 -2.77071
2.24 1.28334 -2.77054
2.54 1.0383 -2.77158
2.63 1.04057 -2.77158
2.63 1.04074 -2.77158
2.25 1.28544 -2.77176
2.57 1.04004 -2.77228
2.25 1.28456 -2.77246
2.52 1.03917 -2.77333
2.27 1.28386 -2.7728
2.51 1.03865 -2.7742
2.51 1.03917 -2.77368
2.51 1.04109 -2.7742
2.25 1.28683 -2.7742
2.51 1.0383 -2.77472
2.51 1.04022 -2.7749
2.52 1.04074 -2.77455
2.27 1.28561 -2.77472
2.27 1.28613 -2.77455
2.5 1.03969 -2.7756
2.52 1.03987 -2.77525
2.27 1.28526 -2.77507
2.5 1.03952 -2.77595
2.51 1.04144 -2.77664
2.49 1.03882 -2.77699
2.49 1.04091 -2.77752
2.52 1.04057 -2.77769
2.49 1.03952 -2.77909
2.5 1.03987 -2.77856
2.51 1.03865 -2.77996
2.52 1.03917 -2.77926
2.51 1.04126 -2.77996
2.5 1.03865 -2.78031
2.5 1.04074 -2.78048
2.51 1.04057 -2.78083
2.52 1.03952 -2.78223
2.51 1.03987 -2.78171
2.57 1.03899 -2.7831
2.51 1.04144 -2.78293
2.57 1.03882 -2.78328
2.52 1.04126 -2.78328
2.56 1.04039 -2.78415
2.74 1.03969 -2.78502
3.37 1.03882 -2.78624
2.99 1.03917 -2.78572
2.75 1.04144 -2.78607
4.01 1.03847 0.354302
3.47 1.04057 -2.78729
2.94 1.04126 -2.78659
2.23 1.28596 -2.78729
2.22 1.28683 -2.78694
3.51 1.03987 -2.78799
2.23 1.28509 -2.78799
2.22 1.28578 -2.78747
3.5 1.03934 -2.78886
2.24 1.28474 -2.78834
3.82 1.03899 0.352033
3.99 1.03917 0.352382
3.52 1.04144 -2.78938
3.59 1.0383 0.350986
3.48 1.04039 -2.79061
3.5 1.04074 -2.79043
2.22 1.28631 -2.79043
2.23 1.28735 -2.78991
3.94 1.04004 0.350288
2.21 1.28509 -2.79113
2.24 1.28578 -2.79096
3.66 1.03969 0.349589
3.75 1.03987 0.349939
2.24 1.28456 -2.79165
3.52 1.03899 0.348717
3.57 1.03917 0.349066
2.7 1.04144 -2.79305
3.47 1.03865 0.348193
3.79 1.04109 0.348193
2.24 1.28683 -2.79357
2.25 1.28735 -2.79322
3.48 1.0383 0.34767
3.56 1.04022 0.347146
3.67 1.04074 0.34767
3.51 1.03969 0.346273
3.53 1.04004 0.346622
3.49 1.03899 0.345401
3.49 1.03952 0.345924
2.5 1.04144 -2.79602
3.49 1.03865 0.344877
3.51 1.04074 0.344528
3.48 1.0383 0.344354
3.49 1.04057 0.344179
3.48 1.03969 0.343132
3.49 1.04004 0.343481
2.48 1.03865 -2.79951
3.49 1.03917 0.342259
3.5 1.04126 0.342084
3.49 1.03865 0.341735
3.51 1.04039 0.341212
3.49 1.04109 0.34191
3.5 1.04022 0.340688
3.5 1.03969 0.33999
3.48 1.03987 0.340339
3.5 1.03882 0.338769
3.51 1.03917 0.339292
3.5 1.04109 0.338769
3.51 1.03847 0.338245
3.5 1.04057 0.338245
3.5 1.04074 0.338419
2.2 1.28596 -2.80317
3.52 1.04004 0.337372
2.22 1.28439 -2.80439
2.2 1.28509 -2.80387
3.09 1.03899 -2.80527
3.53 1.03917 0.336325
3.53 1.04144 0.336325
2.2 1.28369 -2.80474
2.22 1.28753 -2.80527
3.53 1.03882 0.335801
3.54 1.03917 0.336151
3.52 1.04057 -2.80614
3.51 1.04091 0.335627
2.21 1.28596 -2.80614
2.2 1.28648 -2.80597
3.55 1.03847 0.335103
3.51 1.04039 0.335103
2.21 1.28509 -2.80684
2.21 1.28561 -2.80649
3.57 1.03969 0.334056
3.55 1.04004 0.334405
2.22 1.28456 -2.80719
3.58 1.03899 0.333009
3.58 1.03917 0.333183
3.55 1.04126 0.333183
2.2 1.28718 -2.80858
3.54 1.03847 0.332485
2.59 1.04022 -2.80928
3.55 1.04074 0.332485
2.19 1.28631 -2.80911
3.55 1.0383 0.331962
2.38 1.03969 -2.81015
3.58 1.04004 0.331962
2.18 1.28474 -2.80998
2.2 1.28578 -2.80946
2.4 1.03899 -2.81103
3.54 1.03952 0.33074
3.58 1.03987 0.331263
2.36 1.04144 -2.81103
3.55 1.03899 0.330042
3.54 1.03917 0.330216
3.59 1.04109 0.329867
2.16 1.28666 -2.81173
3.54 1.03847 0.329344
2.4 1.04039 -2.81242
3.58 1.04074 0.329169
2.17 1.28596 -2.81225
2.16 1.28631 -2.81207
3.54 1.0383 0.32882
3.56 1.03969 0.328122
3.55 1.03987 0.328296
2.18 1.28421 -2.81347
2.13 1.28526 -2.81277
3.53 1.03899 0.327249
3.56 1.03934 0.327598
3.59 1.04144 0.327249
2.13 1.28334 -2.81399
2.15 1.28369 -2.81364
3.52 1.03882 0.3269
3.57 1.04109 0.3269
2.13 1.28282 -2.81452
3.51 1.0383 0.326202
3.54 1.04022 0.325679
2.39 1.03952 -2.81661
3.54 1.03987 0.32498
2.13 1.28404 -2.81644
2.36 1.03899 -2.81748
3.5 1.03934 0.324457
2.13 1.28352 -2.81696
3.5 1.03865 0.323409
2.43 1.04057 -2.81836
2.15 1.28177 -2.81836
2.14 1.28212 -2.81783
3.47 1.03812 0.322537
3.5 1.0383 0.322886
3.53 1.04039 0.322886
2.17 1.28125 -2.81853
3.48 1.0376 0.322013
2.36 1.03934 -2.81975
3.52 1.03987 0.322013
2.13 1.28404 -2.81975
3.49 1.03899 0.320791
3.5 1.03934 0.32114
2.13 1.28352 -2.82028
3.47 1.03865 0.320093
2.35 1.04057 -2.82167
2.14 1.28264 -2.82098
3.49 1.03812 0.319221
3.49 1.0383 0.319744
3.5 1.04022 0.319221
2.13 1.28561 -2.8222
3.48 1.03777 0.319046
3.48 1.03969 0.318348
3.5 1.04004 0.318697
2.11 1.28404 -2.82324
2.11 1.28526 -2.82255
3.48 1.03899 0.317475
3.49 1.03917 0.31765
2.14 1.28317 -2.82394
2.13 1.28386 -2.82342
3.49 1.03847 0.316777
3.48 1.03795 0.315904
3.48 1.0383 0.316428
3.5 1.04039 0.316254
2.13 1.28561 -2.82534
3.48 1.03742 0.315206
3.48 1.03969 0.315032
3.49 1.04004 0.315381
2.12 1.28439 -2.82621
2.13 1.28526 -2.82586
2.38 1.03899 -2.82726
3.48 1.03934 0.314508
2.12 1.28352 -2.82674
3.49 1.03882 0.31381
3.5 1.03795 0.312763
3.49 1.0383 0.313112
3.49 1.04022 0.312588
2.13 1.28561 -2.82865
2.12 1.28648 -2.82831
3.49 1.0376 0.312414
3.5 1.03969 0.311716
3.51 1.04004 0.312065
2.16 1.28456 -2.82953
2.39 1.03882 -2.83058
3.5 1.03934 0.311192
3.49 1.03847 0.310319
2.14 1.28666 -2.83145
2.13 1.28753 -2.83075
3.49 1.0383 0.309796
3.49 1.04057 0.309622
2.14 1.28561 -2.83197
2.13 1.28613 -2.83162
2.45 1.03952 -2.83302
3.5 1.04004 0.308923
2.13 1.28421 -2.83284
2.43 1.03882 -2.83389
3.5 1.03917 0.307702
3.5 1.03987 0.3084
3.52 1.04144 0.307701
2.14 1.28352 -2.83337
3.5 1.03865 0.307004
2.42 1.04057 -2.83459
3.5 1.04091 0.306829
2.16 1.28229 -2.83407
2.18 1.28282 -2.83407
3.51 1.04057 0.30648
2.14 1.28526 -2.83546
2.42 1.03934 -2.83633
3.5 1.03987 0.305433
2.15 1.28404 -2.83599
2.16 1.28456 -2.83581
2.37 1.03899 -2.83686
3.49 1.03969 0.305083
3.51 1.04144 0.30456
2.15 1.28212 -2.83721
2.15 1.28317 -2.83668
3.51 1.03882 0.304036
2.42 1.04039 -2.83791
3.51 1.04109 0.304211
3.5 1.0383 0.303338
2.43 1.03969 -2.83878
3.52 1.04022 0.303164
2.16 1.28526 -2.83843
3.52 1.03934 0.301942
3.5 1.04004 0.30264
2.2 1.28334 -2.83965
2.19 1.28404 -2.83913
3.52 1.03899 0.301244
3.5 1.03917 0.301418
2.15 1.28264 -2.84017
2.52 1.03812 -2.84122
3.51 1.03847 0.30072
3.52 1.04057 0.300546
3.51 1.03777 0.299848
2.43 1.03952 -2.84209
3.51 1.04004 0.299847
2.2 1.28404 -2.84209
3.51 1.03742 0.299149
2.43 1.03899 -2.84279
3.51 1.03934 0.2988
2.19 1.28334 -2.84262
3.51 1.03882 0.298277
3.53 1.03917 0.298277
2.45 1.04057 -2.84349
2.19 1.28212 -2.84314
3.5 1.03812 0.297055
3.51 1.0383 0.297404
3.52 1.04057 0.297579
2.21 1.28509 -2.84436
3.49 1.03742 0.296357
3.52 1.03969 0.296531
3.53 1.04004 0.29688
2.2 1.28352 -2.84524
2.2 1.28404 -2.84489
2.18 1.28456 -2.84471
2.45 1.03899 -2.84576
3.51 1.03934 0.296008
2.19 1.28212 -2.84593
2.2 1.28299 -2.84558
2.45 1.03812 -2.84698
3.48 1.03865 0.294786
2.48 1.04039 -2.84698
3.48 1.03812 0.294263
3.47 1.0383 0.294437
2.46 1.03969 -2.84768
3.49 1.04004 0.293913
2.2 1.28474 -2.84768
3.48 1.0376 0.29339
3.49 1.03934 0.293041
2.21 1.28404 -2.84803
3.48 1.03899 0.292343
3.49 1.03917 0.292692
2.2 1.28247 -2.84908
2.23 1.28317 -2.84873
2.75 1.03812 -2.84995
3.47 1.03865 0.291994
3.5 1.04057 0.29147
3.47 1.03777 0.290597
3.49 1.04004 0.290772
3.48 1.03742 0.290248
3.5 1.03934 0.289899
3.5 1.03987 0.290423
3.5 1.03899 0.289026
3.48 1.03934 0.28955
3.59 1.04057 -2.85274
3.59 1.03795 -2.85344
3.49 1.0383 0.288328
3.5 1.04022 0.287979
3.5 1.0376 0.287456
3.6 1.03969 -2.85396
3.53 1.03742 0.287107
3.6 1.03899 -2.85518
3.5 1.03917 0.286409
3.51 1.03899 0.285885
3.52 1.03812 0.285012
3.52 1.03847 0.285187
3.54 1.0376 0.28414
3.6 1.03952 -2.85763
3.54 1.0369 0.283093
3.55 1.03742 0.283791
3.52 1.03969 0.283791
3.54 1.03882 0.282569
3.54 1.03795 0.281522
3.54 1.0383 0.281871
3.54 1.03742 0.280824
3.56 1.03969 -2.86059
3.54 1.0369 0.279951
3.54 1.03969 0.280125
3.54 1.03882 0.279253
3.56 1.03812 0.278205
3.55 1.03865 0.278904
2.49 1.03725 -2.86409
3.55 1.03742 0.277508
2.52 1.03969 -2.86391
3.55 1.0369 0.276809
3.55 1.03917 0.276635
3.55 1.03865 0.275762
2.36 1.03795 -2.86635
3.55 1.0383 0.275239
2.37 1.03725 -2.8674
3.54 1.03777 0.274715
3.55 1.03707 0.273842
2.38 1.03899 -2.86827
3.56 1.03934 0.273493
3.56 1.03899 0.272795
3.57 1.03812 0.271922
3.58 1.0383 0.272097
3.55 1.03725 0.270875
3.56 1.0376 0.271224
3.58 1.03969 0.270875
3.54 1.03673 0.270177
2.38 1.03882 -2.87159
3.57 1.03917 0.270177
2.11 1.28351 -2.87089
3.55 1.03899 0.269653
3.57 1.03777 0.268432
3.57 1.03847 0.26913
2.11 1.28509 -2.87316
2.08 1.28561 -2.87264
3.58 1.03707 0.267559
3.56 1.03742 0.267734
3.57 1.03969 0.267908
2.1 1.28352 -2.87386
2.1 1.28421 -2.87368
2.1 1.28456 -2.87334
3.57 1.03673 0.267035
3.59 1.03899 0.266861
3.58 1.03917 0.267035
2.11 1.28317 -2.87421
3.57 1.03865 0.266337
2.1 1.28596 -2.87543
3.58 1.03795 0.26529
3.58 1.0383 0.265814
2.1 1.28474 -2.87613
3.57 1.0369 0.264418
3.58 1.0376 0.264941
3.59 1.03952 0.264592
2.09 1.28352 -2.87683
2.11 1.28404 -2.87665
3.58 1.0369 0.264068
3.59 1.03865 0.263545
3.59 1.03934 0.264243
2.11 1.28282 -2.87752
3.59 1.03795 0.262672
3.59 1.0383 0.262846
3.59 1.03742 0.261974
3.6 1.03969 0.262148
3.58 1.0369 0.261101
3.58 1.03934 0.261276
3.59 1.03673 0.260927
3.58 1.03847 0.260229
3.58 1.03812 0.259705
3.59 1.0383 0.260054
3.58 1.03725 0.258658
3.59 1.0376 0.259007
3.59 1.03952 0.258658
3.59 1.0369 0.258309
3.6 1.03899 0.257785
3.59 1.03917 0.258309
3.59 1.03812 0.256912
3.59 1.03865 0.257611
3.59 1.03795 0.256563
3.59 1.03707 0.255342
3.59 1.0376 0.255865
3.6 1.03969 0.255691
3.59 1.03673 0.254818
3.6 1.03899 0.254644
3.6 1.03934 0.255167
3.6 1.0383 0.253771
3.61 1.0376 0.252898
3.62 1.03707 0.2522
3.62 1.03742 0.252724
3.6 1.03969 0.252724
3.61 1.03899 0.251502
3.61 1.03847 0.250804
3.8 1.03585 0.25028
3.62 1.03812 0.25028
3.75 1.03707 0.248884
3.72 1.03742 0.249233
3.91 1.03655 0.24836
3.65 1.03899 0.24836
3.79 1.03812 0.247139
3.71 1.03865 0.247837
3.85 1.03777 0.24679
3.83 1.03899 0.245219
4.09 1.0383 0.228464
4.06 1.03777 0.227765
4.14 1.03742 0.227416
4.16 1.03969 0.227242
2.68 1.03952 -2.99586
2.62 1.0369 -2.99621
2.58 1.03882 -2.99673
2.64 1.03917 -2.99603
2.53 1.03847 -2.99725
2.49 1.03585 -2.99795
2.46 1.03777 -2.99813
2.18 1.03707 -2.99917
2.16 1.03742 -2.99882
2.18 1.03655 -3.00005
2.18 1.0369 -2.99952
2.15 1.03638 -3.00022
1.93 1.2877 -3.0004
2.16 1.03568 -3.00127
2.15 1.03812 -3.00109
1.94 1.28526 -3.00162
1.93 1.28596 -3.00127
1.93 1.28631 -3.00109
1.95 1.28718 -3.00092
2.16 1.03533 -3.00179
2.15 1.0369 -3.00249
2.15 1.03742 -3.00214
1.92 1.28474 -3.00214
2.16 1.03655 -3.00319
2.14 1.0369 -3.00284
2.13 1.03638 -3.00354
1.92 1.28683 -3.00406
1.92 1.2877 -3.00336
2.11 1.03568 -3.00458
2.14 1.03585 -3.00441
2.15 1.03812 -3.00441
1.93 1.28596 -3.00458
1.91 1.28631 -3.00441
2.16 1.03498 -3.00546
2.14 1.03725 -3.00546
1.94 1.28491 -3.00546
2.15 1.03655 -3.0065
2.15 1.0369 -3.00581
2.15 1.0362 -3.00668
1.92 1.28631 -3.00738
1.92 1.28753 -3.00668
2.14 1.03568 -3.00755
2.12 1.03812 -3.00755
1.93 1.28526 -3.00807
1.94 1.28578 -3.0079
2.15 1.03498 -3.0086
2.15 1.03707 -3.00895
2.14 1.0376 -3.00825
1.94 1.28474 -3.00842
2.14 1.03655 -3.00965
2.16 1.0369 -3.00912
1.91 1.28753 -3.00982
2.16 1.03568 -3.01069
2.15 1.03603 -3.01034
2.16 1.03812 -3.01069
1.91 1.28683 -3.01034
2.15 1.0355 -3.01104
2.13 1.0376 -3.01122
1.9 1.28561 -3.01104
1.93 1.28631 -3.01104
2.13 1.03498 -3.01174
2.15 1.03707 -3.01209
2.17 1.03742 -3.01157
1.93 1.28351 -3.01226
1.92 1.28439 -3.01174
1.91 1.28474 -3.01157
2.13 1.03655 -3.01261
1.93 1.28317 -3.01244
2.15 1.03568 -3.01383
2.14 1.03603 -3.01366
1.9 1.28561 -3.01383
2.13 1.0355 -3.01436
2.14 1.03777 -3.01418
1.9 1.28474 -3.01453
2.13 1.0369 -3.01541
1.92 1.28299 -3.01558
1.9 1.28439 -3.01488
2.13 1.0362 -3.0161
2.14 1.03568 -3.0168
2.16 1.03603 -3.01663
2.14 1.03812 -3.01698
1.92 1.28526 -3.01715
1.92 1.28561 -3.0168
2.12 1.03533 -3.0175
2.15 1.0376 -3.01767
1.91 1.28421 -3.01785
1.9 1.28456 -3.0175
2.15 1.0369 -3.01855
1.93 1.28299 -3.01855
2.15 1.03655 -3.0189
1.92 1.28282 -3.0189
2.15 1.03568 -3.02012
2.16 1.03585 -3.01977
2.13 1.03812 -3.01977
1.93 1.28491 -3.02047
1.92 1.28596 -3.01977
2.16 1.03515 -3.02064
2.18 1.03707 -3.02099
2.15 1.03742 -3.02082
1.92 1.28439 -3.02064
2.15 1.0369 -3.02151
1.94 1.28317 -3.02134
2.14 1.0362 -3.02256
1.95 1.28578 -3.02291
2.13 1.0355 -3.02361
2.16 1.03585 -3.02326
1.92 1.28474 -3.02361
2.15 1.03498 -3.02431
2.18 1.03725 -3.02413
2.16 1.03742 -3.02413
1.92 1.28439 -3.02378
2.18 1.03638 -3.02535
2.17 1.0369 -3.02466
2.16 1.03603 -3.02588
2.2 1.03795 -3.02605
1.93 1.28578 -3.02588
2.18 1.0355 -3.02675
2.16 1.03742 -3.02675
1.94 1.28509 -3.0264
2.2 1.03498 -3.02745
2.17 1.03725 -3.0271
1.93 1.28317 -3.0278
1.95 1.28404 -3.0271
2.19 1.0362 -3.0285
2.17 1.03673 -3.02815
2.18 1.03585 -3.02919
2.19 1.03795 -3.02937
1.94 1.28578 -3.02919
2.21 1.0355 -3.03007
2.19 1.03725 -3.03024
2.19 1.03777 -3.02972
1.97 1.28421 -3.03024
1.95 1.28474 -3.02989
2.22 1.03498 -3.03094
2.2 1.03655 -3.03111
2.22 1.0369 -3.03094
1.98 1.28317 -3.03111
1.99 1.28369 -3.03059
2.19 1.03655 -3.03146
2.23 1.03568 -3.03268
2.21 1.03585 -3.03251
1.95 1.28561 -3.03268
2.22 1.03515 -3.03356
2.22 1.03795 -3.03286
2 1.28404 -3.03356
1.99 1.28526 -3.03303
2.25 1.03498 -3.03408
2.24 1.03707 -3.03391
1.99 1.28352 -3.03408
2.25 1.03638 -3.0346
2.27 1.0355 -3.036
2.23 1.03585 -3.03565
2.23 1.03795 -3.03583
2 1.28578 -3.036
2.42 1.03533 -3.03635
2.46 1.03725 -3.0367
2.4 1.0376 -3.03635
2 1.28526 -3.03635
2.45 1.03707 -3.03722
2.01 1.28421 -3.03687
2.52 1.03655 -3.03775
2.43 1.03289 3.06148
2.39 1.03254 3.06078
2.41 1.03515 3.06113
2.34 1.03411 3.05991
2.33 1.03446 3.06026
2.24 1.03358 3.05904
2.02 1.03306 3.05834
2.02 1.0355 3.05834
2.02 1.03254 3.05782
2.01 1.03498 3.05799
2.01 1.03428 3.05694
1.79 1.28264 3.05694
1.76 1.28317 3.05712
2 1.03358 3.05607
1.78 1.28229 3.05642
1.78 1.28526 3.05572
2 1.03498 3.05502
1.8 1.28439 3.0552
1.79 1.28491 3.05537
2.02 1.03463 3.05433
2.02 1.03498 3.0545
1.8 1.28317 3.0545
1.78 1.28386 3.05485
2 1.03393 3.05345
2.01 1.03446 3.05398
2 1.03638 3.05345
1.78 1.28282 3.05398
2.01 1.03341 3.05276
2 1.0362 3.0531
2.01 1.0355 3.05223
1.8 1.28404 3.05188
1.78 1.28474 3.05223
2.02 1.03446 3.05084
2.01 1.03498 3.05153
1.77 1.28352 3.05153
2 1.03358 3.04996
2.01 1.03428 3.05066
2.01 1.03638 3.05049
1.78 1.28596 3.05014
2.02 1.03341 3.04961
2.01 1.03568 3.04926
2 1.03603 3.04979
1.77 1.28526 3.04944
2 1.03533 3.04892
1.78 1.28404 3.04874
1.79 1.28456 3.04909
2.02 1.03428 3.04752
2.01 1.03655 3.04769
2 1.03411 3.04717
1.99 1.0362 3.04682
1.78 1.28596 3.04682
2.02 1.03358 3.04647
2.01 1.03568 3.0463
2.01 1.03603 3.04665
1.78 1.28439 3.04595
1.77 1.28509 3.04612
2.01 1.03498 3.04525
1.78 1.28352 3.04525
1.78 1.28404 3.0456
1.98 1.03463 3.0449
1.76 1.28247 3.04473
1.79 1.28282 3.04473
2 1.03376 3.04351
2.03 1.03428 3.0442
1.98 1.03323 3.04281
2.01 1.03358 3.04298
2.04 1.03568 3.04281
2.01 1.03271 3.04211
2 1.0355 3.04246
1.78 1.28386 3.04211
2 1.03254 3.04159
2.01 1.03481 3.04176
1.76 1.28229 3.04124
1.77 1.28299 3.04141
2.01 1.03376 3.04019
2.01 1.03411 3.04089
1.78 1.28194 3.04071
1.99 1.03306 3.03949
1.99 1.03341 3.03967
1.98 1.03568 3.04001
2.01 1.03306 3.03914
2.02 1.03515 3.03897
1.77 1.28404 3.03897
2 1.03254 3.03844
2 1.03481 3.03844
1.77 1.28247 3.03792
1.78 1.28299 3.03809
2.02 1.03393 3.03722
2.01 1.03411 3.03757
1.77 1.2816 3.03722
2 1.03306 3.03617
2.01 1.03358 3.03687
2.01 1.03533 3.03618
2.02 1.03289 3.03583
2.02 1.03463 3.0353
2.02 1.03498 3.03565
1.79 1.28352 3.0353
1.79 1.28404 3.03565
1.76 1.28456 3.036
2.01 1.03254 3.03513
2.01 1.03428 3.03478
1.79 1.28247 3.03478
1.79 1.28299 3.03478
2.03 1.03358 3.03373
1.78 1.28142 3.03373
2.02 1.03323 3.03321
2.04 1.03533 3.03286
2.05 1.03289 3.03251
2.07 1.03463 3.03199
2.05 1.03515 3.03268
2.06 1.03411 3.03146
2.07 1.03446 3.03181
1.81 1.28282 3.03164
1.82 1.28317 3.03164
2.07 1.03376 3.03059
2.07 1.0355 3.03042
1.84 1.28107 3.03042
1.81 1.28177 3.03076
1.81 1.28212 3.03094
2.09 1.03306 3.03007
2.11 1.03533 3.02972
1.85 1.28055 3.03007
2.25 1.03254 3.02919
2.33 1.03463 3.02884
1.86 1.28352 3.02902
2.38 1.03393 3.02797
2.35 1.03446 3.02867
1.86 1.28282 3.0285
1.87 1.28317 3.0285
2.42 1.03341 3.02727
2.45 1.03568 3.02727
1.88 1.28142 3.02727
1.89 1.28229 3.0278
2.44 1.03323 3.02692
2.48 1.03533 3.02675
3.92 0.967436 -0.125664
3.92 0.968134 -0.125664
3.9 0.966563 -0.126362
3.89 0.967261 -0.126711
3.89 0.96796 -0.126362
4.03 0.987507 -0.126187
4.03 0.988904 -0.126187
3.88 0.966389 -0.127409
3.89 0.967087 -0.127409
3.92 0.968309 -0.127409
4.04 0.989951 -0.126885
4.05 0.990998 -0.127584
3.9 0.966738 -0.128282
3.91 0.96761 -0.127758
4.28 1.02556 -0.323933
4.29 1.02521 -0.324631
4.2 1.01456 -0.325329
4.29 1.02503 -0.324806
4.19 1.01404 -0.326202
4.21 1.01578 -0.326377
4.28 1.02433 -0.325853
4.2 1.01369 -0.327075
4.22 1.01526 -0.327249
4.23 1.01543 -0.3269
2.08 1.01351 2.81469
2.06 1.01508 2.81434
2.06 1.01299 2.81399
4.21 1.01439 -0.32882
2.05 1.01473 2.81365
2.03 1.03114 2.81365
2.03 1.01404 2.81277
2.03 1.01456 2.81347
2.01 1.01596 2.81277
2.01 1.03044 2.81277
2.02 1.03097 2.8133
2 1.03271 2.81295
2.02 1.01351 2.81225
2.04 1.01369 2.81225
4.23 1.01526 -0.330216
2.03 1.01543 2.81207
1.98 1.03009 2.81242
1.99 1.03201 2.8119
2 1.03254 2.8126
1.83 1.27828 2.8119
1.84 1.27898 2.81225
1.81 1.33186 2.8119
2 1.01316 2.81155
2 1.01526 2.81155
1.96 1.03184 2.81155
1.8 1.27741 2.8112
1.79 1.41686 2.81138
2.02 1.01439 2.81033
2.02 1.01456 2.8105
1.99 1.03079 2.81033
2 1.03114 2.81068
1.99 1.03289 2.81033
1.72 1.42035 2.81033
1.74 1.4214 2.81085
1.99 1.01386 2.80946
2.01 1.01578 2.80946
1.96 1.03027 2.80963
1.99 1.03254 2.80963
1.76 1.2795 2.80963
1.7 1.41965 2.80998
1.99 1.01526 2.80876
1.99 1.01543 2.80911
4.27 1.02102 -0.333707
1.99 1.02154 2.80911
1.99 1.03201 2.80893
1.76 1.2781 2.80911
1.76 1.2788 2.80928
1.69 1.41756 2.80876
1.71 1.41808 2.80911
1.7 1.41878 2.80928
1.99 1.02521 2.80841
1.99 1.03149 2.80806
1.99 1.03166 2.80823
1.75 1.27671 2.80789
1.76 1.27723 2.80824
1.7 1.41651 2.80823
1.7 1.41721 2.80841
1.98 1.03097 2.80736
1.78 1.27636 2.80754
1.68 1.41983 2.80701
1.74 1.27915 2.80649
1.74 1.27758 2.80544
1.75 1.27793 2.80579
1.75 1.27706 2.80509
1.77 1.27845 2.803
1.75 1.27898 2.80335
1.76 1.27758 2.8023
1.76 1.2781 2.80282
1.76 1.27688 2.80195
1.75 1.27828 2.79968
1.76 1.27898 2.80021
1.76 1.27269 2.79881
1.76 1.27165 2.79811
1.74 1.27112 2.79759
1.76 1.26327 2.79567
1.76 1.26851 2.79567
1.77 1.26292 2.79532
1.75 1.26728 2.7948
1.78 1.26833 2.79532
1.79 1.25978 2.7934
1.78 1.2603 2.79357
1.76 1.25873 2.7927
1.78 1.25926 2.79288
1.77 1.26362 2.79288
1.8 1.25768 2.792
1.77 1.25821 2.78904
1.77 1.25891 2.78938
1.78 1.25297 2.78851
1.77 1.2535 2.78886
1.77 1.25734 2.78851
1.77 1.25786 2.78869
1.77 1.25175 2.78781
1.79 1.24494 2.78607
1.79 1.24547 2.78642
1.77 1.24878 2.78589
1.69 1.42244 2.78589
1.7 1.42175 2.78555
1.75 1.42 2.78467
4.14 1.00374 -0.470191
2.1 1.00339 2.67123
2.09 1.00845 2.67123
2.08 1.0088 2.67158
2.08 1.01072 2.67175
2.14 1.00147 2.67088
4.11 1.00269 -0.471937
2.09 1.00322 2.67105
2.1 1.00461 2.6707
2.09 1.0102 2.67088
2.08 1.01159 2.67053
4.12 1.00217 -0.47281
2.09 1.00234 2.66983
2.09 1.00426 2.67
4.2 1.01089 -0.47281
2.09 1.01142 2.66983
4.24 1.01665 -0.472635
2.07 1.017 2.66983
2.1 1.00182 2.66878
2.09 1.00356 2.66878
2.09 1.00391 2.66948
2.08 1.01107 2.66948
2.08 1.01665 2.66931
2.09 1.00147 2.66791
2.09 1.00322 2.66808
4.15 1.00461 -0.47438
2.09 1.01561 2.66791
4.25 1.0177 -0.474206
2.07 1.01805 2.66826
2.1 1.00287 2.66739
2.1 1.00304 2.66756
2.09 1.00461 2.66756
2.08 1.01543 2.66756
2.08 1.01735 2.66739
4.13 1.00217 -0.475951
2.08 1.00252 2.66669
2.09 1.00409 2.66669
2.1 1.01683 2.66651
2.09 1.01718 2.66669
2.09 1.00339 2.66547
2.08 1.00898 2.66547
4.23 1.01596 -0.476649
2.09 1.01683 2.66617
2.21 1.0184 2.66564
4.12 1.00287 -0.477697
2.08 1.00322 2.66494
2.09 1.00845 2.66477
2.14 1.01596 2.66512
4.24 1.01735 -0.477697
2.24 1.01788 2.66512
2.09 1.00793 2.66425
4.18 1.0095 -0.478395
2.25 1.01753 2.66442
4.28 1.02521 -0.478395
2.08 1.00932 2.6632
2.34 1.01683 2.66302
2.31 1.01718 2.66355
4.28 1.02503 -0.478744
4.36 1.03306 -0.479268
4.36 1.03568 -0.479093
4.29 1.02398 -0.48014
4.28 1.02451 -0.479442
4.3 1.02625 -0.479791
4.37 1.03481 -0.48014
4.37 1.03498 -0.479791
4.28 1.02381 -0.480489
4.29 1.02573 -0.481013
4.34 1.03446 -0.480838
4.28 1.02538 -0.481536
4.35 1.03393 -0.481536
4.36 1.03428 -0.481187
4.28 1.02486 -0.48206
4.31 1.0266 -0.482409
4.33 1.03358 -0.48206
4.37 1.0355 -0.482409
4.37 1.03585 -0.48206
4.41 1.04249 -0.482409
4.3 1.02416 -0.483456
4.29 1.02433 -0.482933
4.31 1.02608 -0.483456
4.35 1.03481 -0.483456
4.39 1.03707 -0.483282
4.45 1.04632 -0.483456
4.3 1.0259 -0.48398
4.35 1.03446 -0.48398
4.37 1.03655 -0.48398
4.37 1.03673 -0.483805
4.48 1.04824 -0.48398
4.47 1.05086 -0.48398
4.31 1.02503 -0.484852
4.29 1.02521 -0.484678
4.33 1.02713 -0.484678
4.36 1.0362 -0.484503
4.49 1.04999 -0.485027
4.36 1.03533 -0.485725
4.47 1.04982 -0.485202
4.5 1.05208 -0.4859
4.48 1.05278 -0.485201
1.94 1.1678 2.65692
4.35 1.03498 -0.486423
4.37 1.03725 -0.486249
4.5 1.05156 -0.486598
2.04 1.05994 2.65639
1.94 1.17042 2.65569
4.37 1.03655 -0.487296
4.39 1.03673 -0.487122
4.49 1.05121 -0.486947
2.03 1.05872 2.65482
1.92 1.16902 2.65482
1.93 1.16955 2.65517
4.36 1.03568 -0.488343
4.37 1.03603 -0.487994
4.38 1.03812 -0.488169
1.92 1.1685 2.65412
4.39 1.04004 -0.489041
2.07 1.06011 2.65325
2.04 1.06605 2.65377
1.92 1.16797 2.65377
4.47 1.05156 -0.489914
2.03 1.06762 2.65255
1.93 1.17059 2.65255
4.48 1.05104 -0.490612
2.02 1.06692 2.65185
1.92 1.16972 2.65185
1.93 1.17007 2.6522
4.47 1.05034 -0.49131
4.48 1.05069 -0.490961
4.5 1.05243 -0.491659
2.01 1.0664 2.65133
1.92 1.1685 2.65081
1.93 1.1692 2.6515
4.5 1.05191 -0.492357
4.53 1.05697 -0.492183
2.06 1.05732 2.65011
1.92 1.16815 2.65063
4.5 1.05156 -0.492706
2.05 1.05697 2.64924
2.07 1.05715 2.64976
1.92 1.17042 2.64924
2.05 1.05645 2.64871
4.55 1.05837 -0.493928
2 1.07809 2.64871
1.92 1.16972 2.64871
1.93 1.17007 2.64889
4.52 1.05767 -0.494626
2.08 1.05872 2.64819
2.01 1.0664 2.64801
2.01 1.08001 2.64749
1.99 1.08594 2.64766
1.98 1.08682 2.64819
1.92 1.16867 2.64784
1.92 1.1692 2.64819
1.93 1.16763 2.64697
2.03 1.06709 2.64592
2.03 1.09083 2.64644
2.04 1.06657 2.64505
2.04 1.06692 2.6454
2.01 1.08682 2.64505
1.91 1.1692 2.64522
2.02 1.06605 2.64452
2 1.0917 2.64417
2 1.0924 2.64487
1.92 1.16867 2.64452
1.97 1.09118 2.64348
1.93 1.16763 2.644
2.04 1.07355 2.6433
2.02 1.07565 2.64278
1.97 1.09013 2.6426
2.03 1.09066 2.6433
2.14 1.1664 2.64278
2.11 1.16693 2.6433
2.04 1.07477 2.64208
2.04 1.07512 2.64225
2.01 1.08978 2.64243
2.02 1.09293 2.64225
2.03 1.07442 2.64156
2.03 1.07687 2.64121
4.12 0.999899 -0.545764
4.05 0.99187 -0.546986
4.07 0.993267 -0.546812
4.13 1.0013 -0.546637
4.04 0.991347 -0.54751
4.07 0.992918 -0.54751
4.13 1.00095 -0.547335
4.14 1.00234 -0.54751
4.15 1.00374 -0.548033
4.05 0.991172 -0.548208
4.06 0.99222 -0.548906
4.06 0.992569 -0.548208
4.11 1.00042 -0.548208
4.12 1.00182 -0.548906
4.15 1.00356 -0.548382
4.02 0.985238 -0.549255
4.02 0.98646 -0.54943
4.06 0.990823 -0.54908
4.06 0.992045 -0.549255
4.14 1.00147 -0.54943
4.12 1.00304 -0.54943
4.15 1.00461 -0.549604
4.03 0.986111 -0.550302
4.07 0.991696 -0.550128
4.12 1.00252 -0.550477
4.15 1.00426 -0.550477
4.01 0.98454 -0.551175
4.01 0.985762 -0.551349
4.02 0.985936 -0.550826
4.03 0.987333 -0.550652
4.14 1.00217 -0.551175
4.14 1.00252 -0.550651
4.13 1.00374 -0.551349
4.14 1.00391 -0.551001
4.01 0.984366 -0.551699
4.02 0.985588 -0.551524
4.02 0.986984 -0.551699
4.11 1.00164 -0.552048
4.13 1.00339 -0.551873
4.01 0.985064 -0.55292
4.04 0.986635 -0.552571
4.14 1.00147 -0.552571
4.13 1.00287 -0.55292
4.15 1.00304 -0.552571
4.15 1.00461 -0.552746
4.01 0.984889 -0.553269
4.02 0.986286 -0.553095
4.07 0.994663 -0.553793
4.09 0.996234 -0.553095
4.13 1.00252 -0.553269
4.12 1.00444 -0.553269
4.02 0.984715 -0.553967
4.03 0.985762 -0.554666
4.03 0.985936 -0.553967
4.02 0.987158 -0.554666
4.07 0.994314 -0.554491
4.08 0.99571 -0.554317
4.09 0.997281 -0.554142
4.14 1.00217 -0.554491
4.14 1.00234 -0.554142
4.13 1.00374 -0.554491
4.13 1.00409 -0.553968
4.03 0.985588 -0.555015
4.02 0.986809 -0.555189
4.06 0.993965 -0.555364
4.14 1.00339 -0.555189
4.02 0.985238 -0.555713
4.02 0.986635 -0.555887
4.04 0.987856 -0.555887
4.04 0.989078 -0.556237
4.06 0.994838 -0.556236
4.05 0.995012 -0.555887
4.14 1.00287 -0.556236
4.13 1.00322 -0.555713
4.07 0.994663 -0.55676
2.07 1.13394 2.559
2.07 1.13708 2.55865
2.05 1.13586 2.55761
2.05 1.13499 2.55673
2.07 1.13446 2.55603
2.07 1.13481 2.55656
2.06 1.13342 2.55534
2.05 1.13411 2.55569
2.07 1.13272 2.55481
2.1 1.13202 2.55411
2.07 1.13115 2.55289
2.04 1.13028 2.55219
2.05 1.13219 2.55097
2.04 1.13272 2.55132
2.04 1.12504 2.55062
2.05 1.13167 2.55027
2.04 1.1308 2.5494
2.01 1.12644 2.5487
2.03 1.12696 2.54905
2.02 1.11841 2.54783
2.02 1.12539 2.54783
1.99 1.12486 2.54731
2.03 1.12504 2.54731
2.03 1.11998 2.54609
2.01 1.12033 2.54626
2 1.12382 2.54661
2.03 1.12417 2.54678
2 1.12731 2.54644
1.98 1.11928 2.54539
2.01 1.12329 2.54591
1.98 1.12626 2.54539
1.99 1.12696 2.54574
1.99 1.11841 2.54469
2.02 1.12591 2.54486
2.02 1.11457 2.54382
2.01 1.11369 2.54329
2 1.1198 2.54277
2 1.113 2.5426
2 1.11579 2.54225
1.99 1.11492 2.54137
2 1.11561 2.5419
2.01 1.11404 2.54033
2 1.11474 2.54102
2.01 1.11335 2.5398
2 1.11369 2.54015
2.01 1.10933 2.5391
2 1.10828 2.53788
1.98 1.10863 2.53841
1.98 1.11457 2.53788
2.01 1.10724 2.53701
2 1.10794 2.53771
2 1.10706 2.53684
1.99 1.10985 2.53631
1.98 1.10933 2.53596
2 1.10444 2.53457
1.99 1.10497 2.53492
1.99 1.10811 2.53474
1.99 1.10375 2.53404
2.01 1.1027 2.533
1.99 1.1034 2.53352
