# ガウスノイズ付加データ No.0 (ガウスノイズの分散: 1)
point
# データ数
1331
# データ (ここから)
-36.8647 -137.055 -101.662
-36.32 -137.56 -79.0223
-37.3044 -136.599 -60.9141
-36.0891 -134.73 -41.0022
-36.0751 -134.189 -21.3763
-36.2725 -136.618 -0.775045
-36.9019 -137.111 18.5614
-35.0213 -135.024 37.9662
-39.8045 -138.68 59.8326
-35.8173 -136.27 80.1083
-38.2934 -136.506 99.9351
-46.8303 -118.64 -101.1
-47.4081 -120.34 -80.4191
-47.2688 -119.549 -59.1464
-47.1959 -118.489 -40.0857
-46.3394 -122.735 -19.5603
-44.3597 -119.518 -1.74763
-47.1947 -118.52 18.4988
-47.0993 -117.25 39.3758
-46.8432 -119.361 61.4839
-46.82 -118.802 78.6039
-48.1253 -119.405 100.169
-55.4505 -101.535 -98.6269
-57.3106 -102.256 -79.6991
-57.6048 -102.353 -59.1811
-57.121 -101.577 -40.581
-58.209 -104.876 -19.0678
-55.7294 -101.783 1.26563
-55.742 -105.594 19.4274
-57.3133 -101.078 40.1022
-57.7113 -102.487 59.6595
-54.9955 -102.244 78.9938
-57.0275 -101.191 98.9393
-67.1769 -86.1005 -97.9287
-65.4174 -86.2982 -80.0803
-65.8782 -85.3447 -60.1076
-67.1862 -85.5749 -39.328
-67.8964 -85.1911 -19.4816
-65.9403 -82.5518 0.195448
-65.9059 -86.3186 18.928
-67.5249 -82.9186 41.2174
-66.7162 -84.472 59.5059
-67.2615 -84.0474 79.7227
-66.4614 -84.3846 99.5976
-75.92 -68.8775 -100.083
-75.646 -66.356 -80.589
-78.3334 -67.6127 -59.5129
-76.5182 -68.0091 -37.727
-76.0074 -69.9209 -20.721
-76.1439 -69.2814 0.0283426
-76.3721 -66.6204 20.1706
-75.9396 -69.6714 39.8746
-75.1939 -66.6538 60.2184
-76.7145 -66.3773 79.3782
-74.6993 -68.2407 101.357
-86.0824 -49.6772 -98.4904
-86.0217 -51.1862 -79.9203
-88.4245 -48.6732 -60.5418
-87.8262 -49.4373 -40.1583
-84.8963 -50.7155 -21.0806
-86.7781 -51.2704 -0.676525
-86.346 -49.3247 20.1743
-89.1138 -49.3827 41.712
-86.4805 -49.9618 60.027
-83.8946 -50.1259 80.6255
-87.4535 -49.616 99.8836
-95.5327 -31.8929 -99.8074
-97.6146 -32.2988 -80.074
-96.4991 -32.1179 -59.5646
-96.2526 -31.7086 -40.314
-96.0917 -32.7014 -22.3043
-97.375 -33.8993 -0.674284
-96.1357 -31.1306 20.1088
-97.2304 -32.483 42.4669
-97.0978 -33.3127 60.2052
-93.5995 -32.8837 78.952
-98.22 -33.2893 100.412
-106.418 -14.169 -100.771
-107.793 -16.243 -80.6815
-106.927 -14.2022 -60.2841
-105.834 -14.4981 -39.677
-108.541 -16.9522 -21.0771
-107.233 -15.968 1.2847
-104.333 -13.7475 20.3513
-107.812 -14.5553 40.3732
-106.047 -16.6715 59.979
-105.855 -15.1057 80.7579
-106.32 -16.2571 101.215
-118.027 1.36269 -98.7007
-115.822 2.07267 -81.8375
-116.854 2.21943 -61.9652
-115.97 0.497525 -39.1886
-115.764 1.65605 -22.9337
-116.292 0.860863 1.08819
-118.208 2.96327 19.6041
-116.326 3.38519 40.437
-114.417 0.358901 61.3914
-116.351 0.965112 77.5016
-116.489 0.923647 98.5554
-125.609 20.5654 -100.463
-126.403 18.4816 -79.4587
-128.23 18.9151 -59.6772
-126.929 19.0723 -39.2207
-126.656 17.455 -21.6974
-124.013 20.5941 -0.197569
-126.952 20.0419 19.6759
-127.596 18.9683 37.9966
-126.006 20.5984 59.1302
-126.044 16.9285 80.7172
-128.177 18.7856 100.92
-137.485 37.021 -98.8342
-138.976 36.4529 -79.24
-136.593 35.4683 -59.0006
-135.473 37.8943 -41.4001
-136.555 37.2916 -20.954
-136.576 37.7759 1.94185
-137.109 36.9269 21.5436
-136.081 35.8852 39.3909
-136.844 36.4357 61.267
-135.327 36.8682 79.1348
-135.654 37.1654 100.713
-20.8177 -125.526 -99.4557
-19.0874 -126.127 -81.5739
-20.2538 -126.002 -58.913
-19.477 -126.287 -40.248
-19.389 -126.649 -18.975
-19.5293 -125.601 1.48209
-21.5579 -126.576 18.7639
-18.7078 -127.334 40.4379
-19.7254 -126.934 60.4293
-17.1346 -127.453 79.6092
-19.828 -126.672 100.116
-28.0214 -109.18 -98.7248
-30.6614 -108.837 -79.1447
-30.6056 -111.02 -58.6515
-29.257 -109.637 -39.7467
-29.5741 -108.551 -20.6378
-28.3011 -110.252 1.80542
-30.4674 -110.132 19.2052
-27.8092 -109.432 38.8348
-29.9254 -110.201 59.4692
-28.3308 -107.661 81.3621
-29.8865 -109.51 100.934
-39.0409 -91.2641 -100.062
-38.7266 -92.9399 -80.3039
-38.4434 -90.8754 -60.9168
-37.167 -91.6813 -39.2382
-39.1117 -93.1854 -20.992
-38.4644 -91.8129 -0.42661
-41.6002 -92.1018 20.4037
-36.5584 -91.7368 39.0632
-40.3337 -92.4897 59.2555
-38.1076 -92.0739 81.0839
-39.1724 -92.4742 100.743
-49.2017 -75.0287 -100.397
-47.1753 -75.8787 -80.7773
-48.66 -75.8504 -58.9885
-47.9923 -75.1417 -40.8634
-48.6058 -75.1471 -19.6752
-49.014 -74.0891 -1.8957
-50.6467 -74.7501 20.632
-49.0343 -76.389 40.4441
-49.4389 -75.1551 60.0561
-48.7669 -74.2446 80.6308
-49.2533 -73.3437 100.051
-59.5116 -58.0387 -99.8137
-57.7629 -58.2311 -79.7708
-58.941 -56.5318 -58.9974
-59.4303 -57.8536 -39.9302
-58.9125 -56.5711 -19.4454
-59.6358 -56.4754 2.23614
-60.3116 -55.3512 19.8413
-60.2822 -57.6874 39.477
-58.6024 -58.0196 60.6407
-58.2374 -56.9966 81.2869
-58.3148 -58.0208 101.876
-69.848 -38.8942 -99.9266
-71.0458 -42.4008 -80.5089
-69.6374 -38.46 -60.3156
-70.9538 -40.5751 -39.8896
-70.3717 -41.6085 -18.7105
-68.2162 -39.1158 0.24544
-70.5398 -40.2089 19.0221
-68.8568 -40.2145 40.3145
-69.0791 -42.0337 59.7277
-69.9352 -39.8744 79.1431
-70.617 -39.3654 98.3647
-81.1544 -25.0343 -100.819
-79.6736 -23.4866 -81.3148
-78.8319 -24.2444 -59.423
-78.8875 -23.2258 -40.6255
-78.623 -22.7519 -18.7214
-79.1677 -21.5187 0.377376
-80.0116 -22.9169 16.6757
-79.7344 -23.6382 39.5525
-80.2844 -21.8259 61.6157
-80.1024 -22.2289 81.2546
-79.26 -22.5837 99.968
-88.1719 -6.12 -100.444
-89.0557 -5.95855 -80.3834
-89.0146 -4.81541 -61.3737
-89.62 -7.13782 -39.5685
-90.4235 -5.38584 -20.8951
-90.4793 -6.63832 -0.594775
-90.0129 -5.62149 18.4295
-87.8656 -6.57474 41.499
-90.9081 -5.9437 59.7904
-88.8699 -6.45182 81.1693
-88.0031 -6.23559 98.7179
-98.8469 11.7799 -101.833
-99.2733 11.8544 -80.1763
-99.8122 11.8799 -60.2848
-99.2731 9.86806 -38.6399
-99.2737 11.8382 -21.5009
-99.1317 13.7328 0.936211
-98.7853 10.8073 18.8181
-99.5604 11.2412 39.94
-100.133 12.3228 61.3359
-99.5701 11.152 79.9536
-99.8511 9.43265 100.818
-109.065 29.7071 -99.3972
-110.588 28.9201 -81.0916
-108.944 29.2347 -59.1809
-107.825 29.4378 -40.3541
-110.002 28.9081 -18.1596
-109.384 29.3982 -0.0492258
-108.529 29.7304 20.3091
-110.843 29.8448 39.8926
-109.176 27.6871 59.6427
-109.869 28.7184 79.3367
-109.99 30.3146 99.3775
-120.071 45.2526 -100.477
-118.818 47.9419 -80.5228
-120.974 46.7044 -59.0016
-119.048 45.9803 -40.1365
-120.721 47.6912 -19.7132
-120.484 44.8044 0.439765
-119.775 45.3626 19.4582
-118.381 46.5248 40.4002
-117.757 45.7115 57.972
-118.869 46.7486 81.2645
-119.368 45.9549 98.3628
-1.94911 -116.069 -100.08
-1.20204 -114.353 -79.9879
0.0389277 -114.76 -58.9679
-1.87713 -115.477 -40.3487
-1.65897 -116.18 -19.0982
-2.82174 -116.466 -1.33896
-1.99069 -117.675 22.2093
-1.40834 -115.858 40.6418
-3.42144 -116.601 60.5638
-1.62841 -116.206 79.9484
-1.49683 -116.498 100.659
-12.2794 -99.3348 -98.3128
-12.8275 -99.5005 -80.7443
-11.5663 -99.7071 -60.6327
-11.0065 -100.672 -39.8881
-9.89786 -100.66 -20.265
-11.3271 -99.4319 -0.554892
-12.9374 -99.2254 20.3216
-12.3985 -99.7956 38.9325
-11.5029 -100.233 60.6754
-13.153 -100.842 81.45
-10.4015 -99.5236 99.6677
-22.8711 -82.0355 -97.6726
-22.4952 -81.3316 -79.2946
-21.7381 -81.0301 -59.1313
-21.8717 -80.9725 -41.0642
-22.8372 -82.1883 -21.5331
-21.0314 -80.8276 -1.92262
-20.7083 -83.3543 19.7772
-20.3672 -83.602 39.1486
-22.2542 -82.1161 58.1736
-21.8936 -82.8238 78.5415
-23.8268 -82.6641 99.9009
-33.7933 -65.3652 -101.888
-30.3129 -66.0006 -79.9012
-32.3574 -63.8766 -61.112
-30.9059 -64.3349 -38.5169
-31.6412 -64.0357 -20.8282
-31.1974 -64.719 0.876969
-31.862 -66.4194 18.2136
-31.7926 -64.0837 40.5713
-32.9756 -62.9494 59.7826
-33.533 -64.959 78.4223
-32.79 -63.7212 99.6794
-41.8936 -46.7704 -99.529
-41.4955 -46.3245 -81.1083
-40.9716 -46.6762 -59.3574
-40.384 -45.4423 -40.5964
-41.8574 -47.9176 -19.7816
-42.2114 -47.2612 0.674468
-42.9479 -47.9263 20.6177
-42.8268 -47.678 39.5147
-42.1338 -47.2399 60.527
-39.9057 -47.7359 79.1789
-41.6391 -48.4743 99.4761
-51.6588 -29.5777 -100.665
-53.0806 -29.3616 -80.078
-50.6235 -30.0527 -59.5514
-50.2075 -29.7567 -40.485
-51.3836 -30.8298 -20.7085
-49.6582 -29.8519 0.243577
-51.9575 -29.2194 19.7019
-50.4344 -29.1453 40.7055
-50.878 -30.8732 58.7958
-52.5967 -30.326 81.2055
-52.3104 -28.968 100.508
-60.079 -11.452 -100.357
-61.1286 -13.2048 -78.7807
-61.6209 -13.382 -59.9237
-62.2299 -14.221 -41.146
-62.3546 -11.5857 -20.7436
-61.9525 -11.3631 0.68842
-62.3192 -12.0015 18.5033
-61.0976 -11.2637 38.2593
-63.6604 -12.9245 60.8658
-62.0039 -12.4247 78.3388
-61.7184 -12.2966 98.7871
-71.6546 4.28767 -99.7307
-72.6486 6.48736 -79.2025
-71.0377 4.10568 -58.3756
-73.7654 6.72068 -39.4239
-71.121 5.5042 -19.4669
-69.4824 4.92269 -2.02316
-70.8718 5.36689 20.1821
-71.5604 4.33054 40.0691
-73.6013 5.1554 60.517
-71.1285 5.75528 79.758
-75.0813 4.9617 100.675
-81.5823 20.9935 -100.146
-81.3473 20.1528 -80.0262
-83.2396 23.126 -60.2805
-81.2121 20.9759 -39.4079
-82.2288 20.9215 -20.2175
-79.824 22.4675 0.351151
-81.0128 22.1114 20.0366
-80.6069 23.1377 40.9186
-82.2676 23.1025 59.4211
-83.0211 21.044 79.8153
-82.5173 22.8853 98.8763
-91.5368 37.9664 -100.48
-93.4772 40.8063 -78.2488
-91.4099 39.8539 -59.4468
-91.0818 39.5596 -40.3776
-91.1113 38.9835 -18.5645
-92.1734 40.7464 -0.288363
-91.2855 41.1801 22.6981
-93.6153 37.9517 41.248
-93.9776 37.9282 59.6405
-91.1113 39.3046 81.6663
-93.3042 39.0825 100.308
-104.218 57.3721 -99.6088
-104.687 57.3892 -79.6034
-103.758 55.5032 -59.3083
-102.975 55.989 -41.0721
-102.034 55.0785 -21.7086
-101.289 58.3614 -1.10844
-102.687 57.05 19.0388
-101.187 55.6441 39.3788
-102.858 54.9177 60.6934
-101.866 57.014 79.0864
-102.207 56.4249 100.663
15.7162 -106.583 -99.965
15.761 -105.742 -79.3202
15.8804 -107.96 -60.07
16.2578 -105.86 -40.7872
15.3724 -105.969 -20.9794
15.1424 -107.144 -1.00329
13.7692 -108.39 18.3558
14.4324 -106.434 39.5882
15.2829 -108.183 61.1584
14.7759 -105.519 78.5203
16.3464 -108.246 99.6092
5.35683 -87.9808 -98.5657
3.75272 -89.2225 -81.0032
6.4868 -89.4535 -60.1984
5.3488 -89.3909 -41.3259
5.81063 -88.5825 -18.6481
4.6301 -89.3198 0.390995
3.63505 -90.1729 19.3456
6.08171 -89.4336 39.034
6.82477 -88.8666 61.0037
5.07405 -89.0377 80.0232
6.51399 -88.7475 100.422
-4.60154 -73.3109 -99.2527
-6.25637 -72.5049 -81.5011
-5.13833 -71.6383 -60.5301
-3.52572 -71.9538 -40.6719
-6.24584 -72.2317 -19.7927
-3.27216 -71.7295 -1.22119
-2.19908 -72.3418 20.179
-8.59902 -72.1115 40.2408
-6.08596 -73.0916 59.5282
-3.22506 -73.4087 79.561
-8.01717 -71.2673 97.2791
-14.7275 -53.6134 -97.9745
-13.9722 -52.9671 -80.4579
-13.9221 -53.378 -60.3601
-15.8234 -55.8655 -38.8708
-13.0072 -55.6976 -20.5405
-14.1267 -55.3665 0.0440124
-14.1391 -52.8233 22.101
-14.6831 -54.6444 39.2167
-14.7846 -55.4168 60.8929
-15.0065 -54.3152 80.6805
-13.7518 -54.7831 102.09
-24.9808 -37.4409 -100.367
-26.3335 -36.7378 -79.7805
-27.7305 -36.8497 -58.8442
-24.5347 -38.0843 -40.4512
-25.6387 -36.3048 -20.2395
-24.507 -38.2813 -1.48358
-23.9123 -39.6888 20.6948
-26.1561 -40.0408 40.5515
-24.2964 -36.8464 59.3931
-23.6355 -36.6171 78.6765
-25.2188 -36.204 101.702
-35.0336 -20.5389 -98.6565
-33.0626 -20.94 -78.0065
-35.9613 -20.1676 -60.2693
-34.6133 -19.9536 -41.5134
-33.1977 -20.8966 -19.1386
-35.5196 -21.0784 -0.562868
-35.1055 -19.7354 18.6648
-34.9309 -22.0674 40.1961
-35.6835 -19.7898 59.7291
-35.8278 -17.3219 80.6241
-34.4969 -20.2471 99.1323
-42.4007 -4.74471 -99.5107
-43.9942 -3.2779 -79.8262
-44.5324 -3.51016 -60.1974
-44.3659 -2.59447 -39.7291
-45.8498 -2.0835 -19.2014
-44.094 -2.66306 0.113628
-45.7137 -3.43824 20.0309
-45.3572 -1.7671 39.5972
-46.3385 -3.57361 61.1279
-45.1918 -0.747089 79.0658
-44.5455 -2.9197 98.3781
-54.7678 13.5525 -99.701
-53.92 14.0477 -79.1022
-53.536 13.3348 -61.4317
-53.6835 13.1456 -37.8161
-53.4986 15.4519 -18.8154
-55.546 15.0595 -0.980119
-55.5204 15.6004 19.0772
-56.2637 14.6213 40.7222
-54.4851 13.4166 59.6989
-55.7748 16.0125 81.5296
-55.0544 14.7567 101.415
-66.2822 31.6179 -100.397
-65.3458 32.3563 -80.999
-63.5578 30.0801 -61.7581
-62.9054 30.7497 -39.9862
-64.1198 32.5856 -19.8009
-64.6854 32.6178 0.911795
-65.2624 34.0893 19.6033
-63.5893 31.4365 40.5204
-65.4919 33.2183 59.7499
-63.8854 32.4128 79.8213
-65.2993 30.4603 100.322
-75.1415 50.1959 -101.013
-74.7184 50.1685 -79.7202
-72.6282 49.0842 -60.2253
-75.4323 50.0681 -40.4784
-74.5727 49.1203 -21.1452
-75.9935 49.6922 -1.69417
-76.4968 49.3152 20.2714
-73.2061 48.5108 37.5523
-74.0998 48.6017 59.8011
-74.1784 47.9363 78.9945
-75.212 49.0729 100.879
-84.7277 66.044 -100.454
-84.432 66.8388 -79.9012
-86.3372 65.541 -60.0874
-84.781 66.2594 -39.4364
-85.5302 67.3562 -21.1068
-84.6248 65.7558 1.28484
-84.729 65.371 19.9654
-83.8946 66.5566 40.515
-85.0567 66.6968 58.9283
-83.4717 67.8192 79.3498
-84.5607 65.4312 98.4664
34.1156 -97.6848 -100.146
32.6514 -94.794 -81.3368
31.7793 -98.0038 -60.8115
31.9551 -97.4531 -40.5961
31.7707 -98.2219 -19.9185
32.3971 -96.5772 -1.18999
34.2287 -97.4031 19.3742
31.8612 -95.6704 38.3611
32.7821 -98.9187 60.848
33.089 -95.7712 80.0621
31.8382 -96.1095 100.181
21.2999 -79.712 -99.9621
21.5352 -77.4607 -79.0128
24.9906 -80.3144 -60.022
22.3707 -80.8146 -40.0379
23.7173 -78.8207 -20.8428
23.2645 -80.5385 -0.200835
23.2422 -77.8764 19.5997
22.3065 -80.1401 39.9977
22.3001 -80.0818 59.873
22.7525 -77.5633 79.075
22.5116 -79.3255 100.098
12.6497 -62.3787 -101.138
12.1896 -61.2416 -80.3513
13.0259 -62.5784 -60.1961
13.8223 -60.2396 -40.5462
12.5273 -61.7016 -19.9203
12.046 -61.0002 1.32188
13.3338 -62.0416 20.3356
12.1074 -61.606 42.0148
13.5273 -62.4683 59.1054
12.4115 -62.0672 80.4391
12.4835 -61.1714 100.588
1.28923 -44.2699 -98.8866
2.65485 -45.8286 -81.6893
3.84402 -43.5143 -58.7815
2.2179 -43.2468 -38.6838
4.03241 -45.4864 -21.2222
2.57115 -45.1778 1.92204
4.76871 -43.7721 20.3808
2.42286 -45.1749 38.3379
3.90178 -45.3411 60.2793
3.50402 -43.4684 79.7284
2.85526 -47.2694 100.002
-8.09124 -25.682 -100.532
-7.19571 -25.2501 -79.8038
-5.78527 -29.0802 -60.2931
-8.26354 -26.0126 -40.2008
-5.81429 -28.7396 -19.2837
-6.99895 -26.7961 -0.634774
-7.01379 -27.053 19.5888
-6.1666 -25.4817 40.8172
-5.06134 -27.3334 60.1119
-6.60166 -28.654 81.3346
-6.37846 -25.5341 99.0239
-17.1335 -8.88088 -99.0641
-17.0772 -10.7189 -79.9733
-17.3856 -8.49075 -60.8991
-18.6462 -10.3225 -38.6954
-15.4335 -10.099 -21.2768
-15.7107 -10.6722 -1.7313
-18.4112 -8.56107 19.0797
-17.9656 -11.0442 39.5981
-16.2944 -11.8281 60.8365
-18.7553 -10.2645 81.5268
-15.8357 -10.48 99.8801
-27.9097 7.12873 -100.582
-27.5287 7.38523 -81.1706
-27.4183 5.72579 -61.2586
-27.9915 6.71853 -38.5975
-26.9696 6.71519 -19.2448
-27.5331 6.84303 -0.401378
-26.4513 7.34969 17.7499
-27.6903 7.47228 39.4265
-27.2931 8.41426 60.1151
-27.0999 6.28937 80.1703
-27.8591 6.43025 101.295
-38.4134 23.3546 -100.309
-37.3002 24.4029 -81.1422
-35.1637 25.0426 -59.3733
-38.1727 23.9055 -41.5315
-38.6739 25.1977 -21.2043
-37.5042 25.4724 -1.71016
-36.5718 23.9625 20.9903
-36.2767 21.8886 39.417
-37.5566 24.8399 60.7192
-37.0056 25.3153 77.9749
-37.6729 25.6822 98.3834
-48.2689 40.3897 -100.539
-45.356 41.8948 -79.5619
-46.7774 41.7708 -60.4619
-46.7546 40.9476 -39.5038
-48.0616 42.1415 -20.6541
-46.959 41.5506 -1.26642
-47.8906 40.1847 20.7764
-49.013 39.6176 41.7668
-47.3765 43.0239 58.9209
-48.6694 41.0938 81.5112
-47.0055 41.935 102.032
-57.0971 59.745 -101.728
-56.5474 57.7517 -77.8961
-55.1653 60.3636 -60.9283
-57.9883 61.2193 -38.2684
-55.4081 60.5891 -22.0038
-56.9836 60.3251 -0.0890807
-57.0531 59.0733 19.5484
-56.1494 58.7889 38.5607
-57.9048 59.2199 58.9751
-59.7453 59.1378 80.5173
-55.611 59.5834 98.75
-65.7749 77.2938 -100.841
-67.9668 76.1181 -80.5442
-66.8705 75.6411 -62.7328
-66.7346 76.6454 -39.4996
-67.1898 76.6184 -19.9546
-67.3242 76.7099 0.00901528
-66.4689 77.11 18.9857
-68.2979 76.5505 39.0178
-65.999 77.1492 60.4021
-67.5135 77.8179 81.8967
-66.4196 76.8213 98.711
51.9817 -87.3053 -100.687
50.4242 -86.2762 -80.7005
52.0175 -87.2547 -60.678
48.4808 -87.642 -38.0333
49.6869 -87.5621 -21.072
50.2903 -84.4024 1.37213
49.0142 -86.8888 20.4154
50.3263 -85.5156 40.7402
52.3689 -87.7576 60.7434
50.4257 -85.0894 79.4304
50.5028 -88.1754 101.141
41.1784 -72.4256 -98.6449
39.9643 -69.3589 -80.4805
38.1167 -69.0476 -58.6503
41.2831 -69.3829 -39.9639
40.4167 -69.0351 -21.1836
40.636 -69.2619 1.31363
39.8367 -68.6941 20.2969
38.9201 -67.8686 40.4915
41.1334 -69.0334 59.463
39.5893 -69.3278 80.3417
39.2361 -70.2006 100.232
28.999 -51.6191 -99.8862
30.1411 -52.4758 -79.6542
29.673 -52.8317 -59.9942
30.3137 -50.827 -40.3135
30.8695 -51.8886 -19.7989
29.4577 -52.2883 1.20732
30.3574 -53.2934 20.3727
29.8057 -52.2436 40.3582
31.3402 -50.5127 60.3679
29.6933 -53.3633 79.447
30.2765 -52.5255 100.422
19.8362 -34.3137 -99.6937
18.7013 -35.4988 -81.3924
19.3188 -35.9037 -60.5519
18.8966 -32.6653 -39.1386
20.1336 -35.8889 -19.6055
19.938 -34.2586 -0.529148
19.7589 -36.8322 20.1273
19.9762 -34.3758 39.6362
20.6815 -34.3634 58.7725
19.9643 -34.0524 79.5008
20.4519 -34.1653 102.225
10.6639 -17.4497 -98.7151
8.84116 -17.6705 -79.1788
8.97527 -16.2112 -60.2217
9.82547 -16.8255 -39.1971
8.54343 -16.1973 -19.8477
9.92987 -16.012 -0.764667
8.81176 -17.5376 21.0453
8.82408 -18.2145 39.871
11.5229 -17.1252 60.3052
7.69694 -16.9665 79.6468
8.23239 -18.7198 98.806
-1.64196 3.00849 -99.8402
-0.310458 1.64626 -81.1392
1.24148 -0.815349 -60.2049
-0.0157723 -0.896086 -38.7165
1.91921 -0.116585 -20.2609
0.0683236 1.36899 -0.785319
-0.644147 0.317362 19.7638
1.21009 0.29739 39.5163
-1.22043 -0.993861 60.0367
-0.462455 -0.140938 79.2705
0.808579 0.802088 98.4501
-8.91417 17.1985 -100.593
-10.2841 16.5481 -80.183
-10.1296 16.8277 -58.1396
-9.09711 16.6557 -39.1796
-10.1493 17.1576 -19.8781
-9.79949 16.1393 -1.57627
-9.06982 17.7398 19.9882
-9.92939 16.7006 39.3017
-8.61106 17.0747 60.9774
-9.09627 14.498 82.4444
-10.4846 16.3224 101.02
-19.4864 34.1455 -98.3793
-20.1457 34.0364 -81.2068
-20.4956 36.2339 -58.4788
-19.9873 35.5218 -41.2088
-20.1444 34.7941 -20.3705
-20.4622 34.1671 0.0450843
-20.1989 35.8565 18.8793
-20.6695 36.8132 41.0253
-19.3072 34.2752 61.1473
-20.4914 34.4743 79.4165
-19.7068 35.3207 99.8615
-28.9361 53.4442 -100.756
-31.0442 49.6516 -80.3253
-28.7718 51.6544 -60.8583
-30.8745 49.343 -40.62
-30.0514 51.3747 -18.9223
-31.5246 52.4956 0.77434
-31.3806 50.3288 19.7527
-28.9351 50.2429 39.163
-29.8624 52.5017 60.8474
-30.9916 50.4053 80.0886
-30.2518 52.6459 98.991
-42.5338 69.3046 -99.7747
-40.2986 71.277 -79.4869
-40.4443 70.6476 -60.5681
-40.667 69.1056 -40.4812
-39.9707 68.7865 -20.244
-40.0036 69.4011 0.0726354
-40.4246 68.6443 19.8732
-39.3181 68.9421 38.7781
-39.6273 71.1335 59.3548
-41.9334 68.625 78.1778
-39.3626 68.0227 99.5467
-49.3777 86.8642 -98.0354
-49.3997 85.0921 -80.0984
-50.7453 86.5912 -60.2969
-51.4565 86.1983 -40.6806
-48.8458 85.536 -20.4157
-51.1433 87.6642 0.927701
-50.712 87.2083 19.0518
-49.8366 86.7269 40.1171
-49.8604 87.2469 60.1176
-47.7035 86.6367 79.6446
-47.4489 85.703 99.618
65.808 -77.4861 -99.7379
66.6987 -78.8112 -81.3775
67.282 -77.1683 -60.7747
67.3408 -75.6644 -40.9856
66.6763 -74.6039 -20.834
66.4007 -76.4825 -0.137068
67.7807 -79.256 21.0853
64.9539 -76.9633 40.7597
66.778 -77.1079 60.4724
68.0781 -75.9852 79.8569
69.1189 -76.4887 100.94
58.0266 -58.5135 -100.011
57.3829 -60.0998 -80.3772
58.0378 -59.3305 -59.9293
57.7081 -59.5588 -39.8305
57.9061 -58.5761 -20.5069
58.0403 -60.3997 -0.437507
58.369 -59.852 18.8063
58.3786 -59.2737 40.7864
56.8222 -58.5548 60.7199
57.2554 -59.0306 80.5263
57.0677 -59.2535 99.1743
47.9701 -41.3397 -100.14
48.1245 -41.3079 -80.0701
47.4079 -40.4524 -61.8824
47.7086 -43.4903 -40.9206
47.9541 -40.3569 -20.146
48.1288 -41.9818 -1.19157
47.3658 -43.0315 19.251
47.2334 -41.3079 40.3958
48.1317 -44.073 59.6934
47.5809 -41.0478 79.6018
47.298 -41.5611 99.9801
39.0197 -24.4184 -99.4004
36.3533 -23.4261 -79.4392
37.9681 -24.7319 -60.0336
37.9581 -24.0511 -39.6961
38.2272 -25.9718 -20.798
36.8379 -23.8902 0.309932
35.639 -24.1272 19.4787
37.1124 -25.709 38.8264
36.3449 -26.3455 59.0252
38.1483 -24.6873 81.8129
37.7689 -26.5224 100.817
28.7029 -6.90563 -100.557
27.4051 -5.6582 -80.2319
27.4578 -6.66369 -59.666
28.2764 -7.89762 -39.1491
27.2032 -5.93766 -19.3542
26.2962 -6.27591 -0.3423
28.9224 -6.89198 20.2498
28.3897 -7.12747 41.3814
26.713 -7.26325 58.5836
26.1559 -8.42623 80.3594
29.2699 -8.767 99.4705
18.1194 9.33506 -99.8097
16.622 9.47885 -80.4663
16.8884 10.7234 -61.8625
18.9531 10.4863 -38.4776
18.0463 10.672 -21.3006
16.4795 9.94807 0.207231
17.4367 11.2046 20.2197
18.2027 9.93385 40.5583
13.9302 9.7857 58.6162
17.4558 10.7568 80.1536
18.0381 10.2932 99.8509
8.22611 26.6571 -99.3643
6.52166 27.9863 -80.8248
8.643 28.3534 -61.5592
7.03069 28.1823 -41.4365
6.54927 26.7975 -19.6691
6.82585 25.7078 1.79834
7.16203 27.2119 17.3902
6.53046 27.1062 39.2944
6.50746 28.4988 60.7454
7.65777 28.8257 79.4548
7.04108 26.7103 99.5697
-1.88433 44.4992 -101.1
-2.97618 43.5962 -79.8855
-2.11893 44.5462 -60.3648
-3.29826 43.2341 -41.2873
-1.04793 43.7534 -20.8991
-1.87959 45.2048 1.08601
-0.381231 44.3951 19.8297
-3.12711 43.5624 39.6858
-2.28558 45.8439 60.3566
-3.46616 43.3174 78.1408
-2.20124 43.8238 100.357
-10.4605 62.6833 -101.27
-12.2777 61.775 -78.9171
-14.0566 63.0143 -59.3082
-12.9533 61.6558 -38.5802
-12.5505 61.6462 -20.8393
-14.5923 61.9859 1.59485
-12.8866 62.0789 19.1888
-13.1261 61.4237 40.0354
-11.3421 62.5269 60.8877
-11.8756 61.4218 81.9696
-12.5961 61.4223 100.913
-23.6068 78.9364 -98.4833
-23.4224 78.6087 -79.5253
-21.1452 80.4487 -60.2571
-22.1684 80.1716 -40.4271
-22.1623 79.2197 -20.2106
-22.0595 78.5003 1.41701
-22.6183 78.3042 21.0741
-22.1456 79.7347 40.4539
-22.2252 78.933 58.8622
-23.5661 77.9381 78.9327
-21.4914 78.3898 100.209
-31.6585 96.6856 -100.761
-32.7062 95.6671 -80.5609
-34.1991 95.0475 -60.4281
-32.0564 97.6477 -40.289
-33.7199 95.0416 -20.6712
-31.9861 96.0335 -1.12125
-34.1972 96.287 20.5106
-32.4958 97.336 41.0003
-32.6189 96.6567 59.1808
-33.1991 96.1219 79.7645
-34.9965 97.2036 101.199
84.7538 -66.8343 -99.5671
83.7144 -68.1631 -80.9829
84.2323 -67.164 -59.7402
85.6696 -65.9125 -40.2903
84.9178 -65.2509 -20.4861
83.5425 -66.8493 1.54622
85.1628 -66.12 19.9597
86.6426 -66.1603 40.9071
85.3398 -67.0782 60.7447
83.9564 -65.7459 80.8335
84.2983 -66.8876 99.5531
75.4529 -48.2261 -100.782
75.3522 -49.0455 -80.2148
74.9425 -49.2488 -58.7889
73.1136 -50.0062 -39.6494
74.2892 -49.4744 -19.5438
76.4622 -49.1073 -0.195445
73.9569 -49.6347 20.5323
74.6925 -48.9895 40.1754
75.0272 -47.9794 60.3416
77.9551 -49.7789 81.2741
74.1453 -47.1798 100.029
63.8143 -33.1974 -98.9279
65.034 -33.8561 -80.0383
64.1916 -32.2523 -60.7969
63.9164 -32.7172 -41.0608
65.2501 -32.5504 -20.8108
64.4063 -31.8553 -0.624082
63.2797 -32.354 18.7795
64.6429 -32.2312 40.1456
66.0498 -32.4035 60.1003
65.5288 -32.9219 80.0725
64.3037 -30.9852 100.017
55.5544 -14.3307 -101.766
55.6574 -15.4133 -79.0484
55.3576 -14.9981 -59.7386
55.4128 -13.6295 -39.6292
53.7556 -13.2349 -20.0315
54.5589 -14.0318 0.589175
55.5387 -13.31 17.8552
54.9574 -15.4746 40.1459
55.4387 -13.8513 61.3813
55.5165 -15.1724 80.0438
54.8022 -15.4928 100.669
44.7011 4.11292 -98.7147
45.4978 3.70438 -81.8157
45.0698 4.39443 -61.1224
44.5991 1.92877 -40.1476
44.0666 2.20979 -18.7586
44.5221 4.26216 0.216605
44.4221 1.13441 19.2527
44.7219 1.78834 40.7804
44.5882 2.55044 59.295
46.5151 3.61756 80.616
43.8334 3.16427 102.408
34.2654 21.2049 -101.202
34.485 19.1994 -78.7322
33.5744 20.4287 -60.3852
33.8926 18.6977 -40.2253
35.0858 18.4859 -18.6205
35.2478 19.4662 -0.140015
34.4642 20.4898 19.4435
34.3609 18.9834 39.2468
36.0192 21.2164 60.1108
34.9067 19.8638 79.9093
33.6979 19.0782 101.165
23.766 36.6661 -99.7209
22.4118 37.4131 -82.3343
25.1762 35.7013 -61.708
24.419 38.411 -38.3928
23.6628 37.0094 -18.9748
24.3677 39.551 -0.904503
25.6124 37.9952 18.8169
24.9338 39.2233 39.3369
24.588 36.8862 59.6914
25.5982 36.7254 80.8614
24.4735 38.9839 97.6611
15.415 53.8401 -99.9812
13.9738 55.1804 -79.886
13.8291 54.8835 -60.0671
16.5178 54.8681 -39.2538
14.9098 54.4871 -20.2138
14.002 55.1395 0.055775
14.4955 52.8756 20.5358
13.9591 53.0528 37.5611
13.1659 54.9705 60.298
13.9277 54.6179 80.8312
13.4244 54.8666 100.362
4.42879 71.849 -101.443
4.29293 73.2838 -80.736
4.57404 71.9538 -59.6375
3.26201 72.0473 -39.5635
2.87538 70.7775 -19.9409
3.87768 71.3889 0.306397
5.74377 72.2275 19.6927
4.45338 71.6295 40.0577
4.8669 73.3812 59.0123
6.68242 71.6146 78.6541
5.36746 70.6625 99.9155
-5.92612 87.3918 -99.4981
-5.12007 89.7161 -80.4316
-5.6593 88.3429 -57.2759
-6.0357 88.3735 -39.3781
-5.74343 89.4228 -19.4035
-6.58775 92.3962 -0.11697
-6.85978 88.2797 19.9443
-4.63294 89.9177 40.7868
-6.78872 88.9609 57.3359
-4.62389 88.8141 79.3205
-4.94196 90.3297 99.566
-14.4754 106.712 -98.9936
-15.862 106.885 -79.8078
-14.3558 105.325 -58.773
-15.2484 107.637 -39.6113
-14.7695 107.276 -19.8621
-14.9638 107.312 -0.0366969
-14.5185 106.025 20.8298
-16.0094 104.335 40.018
-15.5748 106.243 61.1687
-16.302 108.302 80.1494
-13.8718 106.496 101.451
102.557 -57.2662 -100.773
101.657 -56.169 -81.9938
102.173 -56.0016 -58.3839
102.112 -57.5278 -39.2215
102.07 -55.1981 -20.2933
100.538 -54.997 -0.293321
102.496 -57.1012 19.81
101.256 -57.0206 40.1663
101.726 -56.1134 60.5741
102.557 -56.6002 79.0015
101.864 -54.9895 100.269
90.669 -39.5668 -98.9794
91.161 -38.7596 -79.5127
91.7704 -38.3616 -58.5988
94.8597 -38.3368 -39.5139
90.6155 -40.7517 -21.1308
92.7105 -41.9725 0.747655
92.7549 -38.431 20.2977
91.0319 -39.0855 40.7494
92.3537 -37.667 59.9097
91.4174 -39.5028 81.2812
91.274 -39.968 99.0229
83.4879 -21.4846 -101.871
82.1681 -21.5107 -79.3274
81.7313 -23.4398 -60.2686
82.2944 -23.417 -40.6992
81.6431 -20.9261 -19.6798
83.545 -22.0569 1.03134
82.0435 -20.4884 20.6502
81.7388 -22.3315 39.6708
80.9276 -21.4486 59.6201
80.4042 -20.5972 80.4073
81.3188 -21.6542 99.4287
69.8237 -5.02042 -99.2411
73.041 -3.08856 -78.5987
73.2925 -6.02636 -60.5735
69.7543 -5.30297 -40.6101
70.9512 -5.39593 -20.2169
71.8511 -3.9083 0.42603
71.5675 -4.90124 19.8653
70.9822 -5.05074 41.1995
71.0535 -4.65846 61.965
72.0875 -4.13642 80.207
70.5391 -4.93194 99.3857
62.8688 12.0024 -100.005
62.7405 11.883 -79.7375
62.665 13.5528 -60.7047
62.7147 12.0861 -39.9688
63.1708 11.67 -20.5387
62.3064 13.2183 -1.17178
62.5492 12.1233 19.5957
61.3872 13.4502 38.9939
63.5523 11.4524 60.5656
61.4175 13.3742 82.0452
61.8225 12.7974 100.922
51.3661 30.2634 -99.5268
51.6596 28.4876 -80.3813
52.1937 30.9381 -61.2674
52.15 28.8884 -39.2227
51.1542 30.446 -19.6268
51.422 30.3465 -0.925561
51.0438 29.1198 19.9973
52.9392 29.9843 41.2046
51.2789 28.9801 61.1983
52.5872 30.2196 79.8189
51.7748 30.1751 99.7761
42.0449 46.2804 -100.601
41.2048 46.5971 -79.8213
42.2794 48.6804 -58.3866
43.8246 48.6619 -39.9268
42.4397 46.0672 -21.5133
42.7543 46.9011 -0.342139
41.5337 47.7352 20.7099
42.368 47.6039 40.4085
43.23 48.5671 60.165
42.3532 47.421 78.6931
40.6909 49.8007 100.751
32.5403 64.2865 -101.378
30.6607 63.9731 -78.3855
32.6183 66.1287 -59.7161
30.1072 62.8796 -40.7594
32.6431 64.2662 -20.8942
32.2035 64.4298 -0.276681
31.1838 64.9265 19.563
32.4656 64.283 39.4288
33.1272 64.7946 62.1193
33.1285 64.3336 81.3546
31.5474 62.8385 99.8969
21.4056 81.417 -100.777
21.2619 83.456 -79.8266
20.9945 83.3915 -60.7514
22.7465 80.9235 -40.4699
22.8198 81.9925 -18.3407
22.1029 81.2098 0.377068
20.185 81.6931 21.5618
23.0037 82.6523 39.7567
21.2961 81.665 58.6191
22.2605 81.9637 79.545
21.6823 80.6343 100.144
12.697 99.4939 -100.068
13.069 98.0061 -80.6602
11.2115 98.2968 -59.6381
11.6535 99.183 -40.6189
10.7246 99.7646 -20.5565
11.7939 99.0629 0.445706
12.6742 100.183 18.9561
12.8513 99.4867 38.2905
9.82871 99.6563 60.3403
11.8916 100.082 79.1484
12.4679 100.546 99.8909
2.91949 118.307 -97.7312
3.59659 116.995 -78.8554
0.483033 116.74 -59.7243
0.791491 115.504 -40.1381
0.907404 116.853 -19.4594
2.30934 117.417 0.326328
1.28622 115.163 19.7081
2.02482 117.096 38.8898
3.09196 117.285 60.7942
1.59236 116.856 80.6942
2.39205 118.522 101.106
120.503 -46.8659 -100.263
119.513 -45.5576 -82.5534
121.166 -45.1068 -61.2686
119.079 -45.9436 -39.636
118.422 -46.665 -20.1921
118.326 -46.8556 1.18614
118.228 -44.5499 18.4788
119.619 -46.6044 39.9052
119.141 -46.2343 59.7073
118.839 -46.0434 80.3734
119.64 -45.971 98.9847
108.278 -30.214 -99.7897
108.927 -29.6219 -79.4372
109.631 -28.6984 -59.1956
109.98 -29.1391 -37.51
108.076 -28.5581 -22.6854
109.9 -29.793 0.454588
110.533 -28.4466 19.6494
107.578 -28.3356 39.0422
110.17 -29.0721 59.9581
110.483 -27.105 79.5088
109.187 -29.3253 99.4496
99.2195 -10.8126 -97.7411
100.486 -10.7602 -80.9989
98.2824 -12.4591 -59.1975
99.9176 -11.613 -38.7309
98.5793 -11.881 -19.5016
98.6761 -12.2498 -0.264478
99.6801 -11.1137 18.4953
98.1295 -13.2503 39.5016
99.9987 -11.3387 60.7888
98.368 -12.7044 80.0581
99.0464 -12.339 100.832
87.9301 5.57227 -99.5073
89.2478 5.66602 -80.5278
90.0574 5.87669 -58.6732
90.2655 4.58004 -40.9276
89.0798 5.05919 -22.0351
88.8226 5.40086 0.675521
88.8549 5.86111 17.6452
88.9249 4.12194 39.8093
90.9509 4.88988 60.6006
89.3382 5.0007 80.1268
89.188 5.67078 101.228
78.8309 22.2752 -99.6343
79.6578 21.9349 -79.8708
80.4401 23.2411 -61.9638
79.2118 23.086 -39.1824
79.2903 23.1538 -20.5973
79.9399 22.5866 -0.9148
81.4221 23.2147 19.0897
78.7801 21.7332 40.4027
80.5516 24.1775 62.8597
80.6992 22.6979 80.7234
79.2955 21.978 99.2606
68.8405 39.8226 -100.52
68.9869 39.9299 -80.0983
69.1916 39.5787 -59.752
70.306 39.2847 -40.3785
67.395 40.6377 -18.7998
68.5589 39.1925 -1.54077
68.8794 41.0584 20.2255
68.3056 39.2302 41.5957
68.7599 39.4953 59.7904
67.925 41.347 80.2527
68.0226 38.7352 100.795
59.3918 57.1186 -100.102
58.235 57.7667 -79.0169
58.8508 55.8548 -61.2991
58.711 58.3456 -39.6416
60.0084 56.3181 -19.0985
59.1925 57.7244 1.44707
59.2741 56.7734 20.7727
59.9851 56.5685 41.6434
59.0234 58.0057 61.4098
59.2646 57.9762 78.7831
59.1522 56.6685 100.794
50.5445 74.1889 -99.4569
48.0311 75.1437 -80.153
51.8626 73.9591 -57.5661
49.6078 74.965 -38.4077
48.5315 72.3738 -20.3313
49.7418 73.1529 -0.0641947
50.9652 75.9035 19.8766
51.6137 72.5719 40.8559
48.0909 74.8272 59.1174
49.2681 73.6757 79.1761
48.8112 75.4475 98.8664
37.4637 93.1312 -100.464
39.4397 92.4159 -77.9311
37.7101 91.8611 -58.5462
39.8092 91.6358 -38.8064
39.8248 92.0282 -18.5
39.5789 90.5969 0.683329
39.4709 92.7871 19.9389
37.9128 92.5447 37.3792
37.8515 92.8404 60.2066
40.8456 92.4065 79.8821
39.3563 91.6027 101.845
30.2033 109.416 -101.094
31.5206 107.936 -80.4019
29.0127 109.354 -58.9686
28.4215 108.35 -40.3262
28.124 111.492 -19.0562
29.4302 109.033 -0.551544
30.4366 109.57 19.4652
27.5023 109.583 39.2582
29.052 110.841 60.1945
29.0235 107.408 79.0085
31.9668 107.227 99.8765
18.0904 125.753 -100.056
17.5778 125.353 -79.5345
19.6757 126.836 -59.053
19.757 126.453 -39.982
19.9254 128.412 -19.4832
20.2349 125.459 -0.619432
19.8342 128.34 19.3106
17.1224 124.173 40.6319
16.656 125.392 59.9955
19.4492 126.89 78.4689
19.916 126.779 100.121
136.138 -37.1854 -98.2033
134.712 -35.4261 -79.4781
138.248 -38.1711 -59.5493
137.536 -36.683 -39.5433
138.119 -36.0478 -20.6534
136.111 -37.5096 -0.883147
137.395 -35.9265 20.0842
137.076 -36.0756 38.7471
136.467 -38.7148 61.5592
135.691 -35.9641 79.4627
139.123 -37.0805 99.5699
127.855 -20.3069 -99.8719
127.227 -19.8696 -77.5141
126.151 -18.4887 -59.8122
124.416 -19.4634 -40.385
126.646 -19.1477 -21.3838
126.096 -18.8964 1.91622
125.757 -19.9194 20.4083
125.769 -20.5013 38.8045
126.67 -19.2365 60.4689
125.747 -20.454 80.2043
127.157 -20.0668 100.565
116.46 -0.980956 -100.725
117.058 -1.2566 -78.9857
117.519 -2.91711 -61.3983
119.284 -0.0284516 -39.5574
117.032 -2.64716 -18.5638
114.422 -1.8425 -1.99395
115.898 -1.94796 19.8716
117.594 -2.31751 41.8547
116.477 -3.37929 60.2878
115.278 -2.96741 82.3758
117.394 -1.42452 99.1687
107.167 14.461 -100.482
107.355 15.5775 -81.5775
107.823 13.1368 -58.6167
107.165 15.6149 -40.7558
107.695 15.2457 -18.8011
106.758 14.6668 -1.5634
107.138 14.9727 20.2487
106.669 13.9294 40.6861
105.595 13.4596 58.9225
107.184 14.7551 81.3585
106.5 14.9091 100.337
96.1167 32.3813 -100.056
97.3073 31.5683 -79.3674
98.177 33.8385 -61.3879
96.1422 32.3933 -38.9053
97.255 31.9618 -19.8142
96.3577 32.8452 1.64431
95.9541 30.9602 19.3993
95.1716 32.3015 41.6141
97.7449 32.4792 59.314
96.3888 33.896 79.7146
95.337 31.5507 101.466
85.9883 50.6083 -99.8586
87.2071 50.0424 -80.8695
85.4571 48.4049 -63.1361
84.9264 51.0865 -40.5408
85.9745 47.6225 -19.8203
84.7451 48.1229 -0.588433
88.02 51.6399 19.3172
85.3707 49.4149 39.7261
86.865 49.5344 61.0782
87.279 51.316 79.1657
86.9963 49.2552 100.483
76.2545 67.8657 -98.0707
78.0174 67.8831 -79.4224
76.1106 68.9814 -58.9888
76.4049 66.3463 -39.0846
75.3663 66.7822 -18.8891
76.6367 66.4354 1.41117
75.8532 66.6764 19.5506
76.2873 67.1648 41.0672
75.6506 69.3344 60.256
75.1089 66.972 79.364
77.4803 67.1631 101.046
67.732 85.7054 -100.525
68.067 85.8478 -80.0496
65.6718 85.775 -61.9932
65.6967 84.7918 -39.8987
66.1325 86.316 -20.2979
67.8092 83.5862 0.266793
67.6684 86.2408 19.7686
66.5247 82.4665 39.2852
66.2718 84.6845 60.0232
65.086 83.6479 81.0298
67.2786 84.7205 101.69
56.7195 100.004 -99.6656
57.0039 101.028 -81.0299
55.7806 100.002 -59.9773
57.2225 100.796 -40.2349
58.0648 102.671 -20.4784
56.7179 101.588 0.732071
56.943 101.231 20.4771
55.6437 104.15 40.4308
54.4095 101.392 61.4842
55.4192 102.02 80.7906
53.9601 102.916 102.269
47.6395 117.651 -100.716
46.1748 120.345 -81.7942
46.496 118.653 -60.2572
47.7204 118.591 -40.1173
45.6426 118.304 -18.2672
46.6606 118.488 1.40746
45.3196 119.46 20.6348
48.1431 116.841 39.9476
47.8 118.549 59.0298
46.4533 118.287 80.7335
47.9254 118.994 100.061
35.4243 136.728 -100.196
35.7237 136.624 -79.971
37.1012 137.428 -60.6301
37.4394 136.016 -40.0948
35.6779 135.849 -19.5751
36.5141 137.44 0.264138
36.9333 136.267 19.9013
37.5358 136.31 39.5913
34.0607 136.458 58.683
37.3801 135.638 79.2435
37.7079 135.424 100.682
# データ (ここまで)
