
default_dir_path: ../../ply_data/grid-t300-r001d30-6/

corresp_img_file_name: 

corresp_ply_file_name: 
lidar.dat
img.dat

img_file_path: 

ply_file_path: 
transform_rotate_simulation::
Point: corresp_plypoint
 5.03592136594005 -26.7224716687298                10
0.705757856478954 -24.2224084652625                10
-3.62435565298214 -21.7224318643355                10
-7.95448416244324 -19.2224292826463                10
-12.2846076719043 -16.7224353612113                10
 5.03592136594005 -26.7224716687298                 5
0.705757856478954 -24.2224084652625                 5
-3.62435565298214 -21.7224318643355                 5
-7.95448416244324 -19.2224292826463                 5
-12.2846076719043 -16.7224353612113                 5
 5.03592136594005 -26.7224716687298                 0
0.705757856478954 -24.2224084652625                 0
-3.62435565298214 -21.7224318643355                 0
-7.95448416244324 -19.2224292826463                 0
-12.2846076719043 -16.7224353612113                 0
 5.03592136594005 -26.7224716687298                -5
0.705757856478954 -24.2224084652625                -5
-3.62435565298214 -21.7224318643355                -5
-7.95448416244324 -19.2224292826463                -5
-12.2846076719043 -16.7224353612113                -5
 5.03592136594005 -26.7224716687298               -10
0.705757856478954 -24.2224084652625               -10
-3.62435565298214 -21.7224318643355               -10
-7.95448416244324 -19.2224292826463               -10
-12.2846076719043 -16.7224353612113               -10
 1.57179515458673 -26.7224290668348                 8
-1.89230565298214 -24.7224304655851                 8
-5.35640646055102 -22.7224318643355                 8
 -8.8205072681199 -20.7224332630858                 8
-12.2846080756888 -18.7224346618361                 8
 1.57179515458673 -26.7224290668348                 4
-1.89230565298214 -24.7224304655851                 4
-5.35640646055102 -22.7224318643355                 4
 -8.8205072681199 -20.7224332630858                 4
-12.2846080756888 -18.7224346618361                 4
 1.57179515458673 -26.7224290668348                 0
-1.89230565298214 -24.7224304655851                 0
-5.35640646055102 -22.7224318643355                 0
 -8.8205072681199 -20.7224332630858                 0
-12.2846080756888 -18.7224346618361                 0
 1.57179515458673 -26.7224290668348                -4
-1.89230565298214 -24.7224304655851                -4
-5.35640646055102 -22.7224318643355                -4
 -8.8205072681199 -20.7224332630858                -4
-12.2846080756888 -18.7224346618361                -4
 1.57179515458673 -26.7224290668348                -8
-1.89230565298214 -24.7224304655851                -8
-5.35640646055102 -22.7224318643355                -8
 -8.8205072681199 -20.7224332630858                -8
-12.2846080756888 -18.7224346618361                -8

Point: corresp_imgpoint
     -12 -25.6603       10
   -14.5 -21.3301       10
-17 -17  10
    -19.5 -12.66987        10
     -22 -8.33975       10
     -12 -25.6603        5
   -14.5 -21.3301        5
-17 -17   5
    -19.5 -12.66987         5
     -22 -8.33975        5
     -12 -25.6603        0
   -14.5 -21.3301        0
-17 -17   0
    -19.5 -12.66987         0
     -22 -8.33975        0
     -12 -25.6603       -5
   -14.5 -21.3301       -5
-17 -17  -5
    -19.5 -12.66987        -5
     -22 -8.33975       -5
     -12 -25.6603      -10
   -14.5 -21.3301      -10
-17 -17 -10
    -19.5 -12.66987       -10
     -22 -8.33975      -10
     -15 -23.9282        8
     -17 -20.4641        8
-19 -17   8
     -21 -13.5359        8
     -23 -10.0718        8
     -15 -23.9282        4
     -17 -20.4641        4
-19 -17   4
     -21 -13.5359        4
     -23 -10.0718        4
     -15 -23.9282        0
     -17 -20.4641        0
-19 -17   0
     -21 -13.5359        0
     -23 -10.0718        0
     -15 -23.9282       -4
     -17 -20.4641       -4
-19 -17  -4
     -21 -13.5359       -4
     -23 -10.0718       -4
     -15 -23.9282       -8
     -17 -20.4641       -8
-19 -17  -8
     -21 -13.5359       -8
     -23 -10.0718       -8

-------pickup point :
pickup_file exists: 1
6 6 22 1 17 45 23 3 28 31 4 27 39 11 20 12 14 40 23 13 14 37 22 15 16 5 5 3 34 32    -14.5 -21.3301        5 
   -14.5 -21.3301        5 
-17 -17 -10 
   -14.5 -21.3301       10 
-17 -17  -5 
     -15 -23.9282       -8 
    -19.5 -12.66987       -10 
    -19.5 -12.66987        10 
     -21 -13.5359        8 
     -17 -20.4641        4 
     -22 -8.33975       10 
-19 -17   8 
     -23 -10.0718        0 
   -14.5 -21.3301        0 
     -12 -25.6603      -10 
-17 -17   0 
     -22 -8.33975        0 
     -15 -23.9282       -4 
    -19.5 -12.66987       -10 
    -19.5 -12.66987         0 
     -22 -8.33975        0 
-19 -17   0 
-17 -17 -10 
     -12 -25.6603       -5 
   -14.5 -21.3301       -5 
     -12 -25.6603        5 
     -12 -25.6603        5 
    -19.5 -12.66987        10 
     -23 -10.0718        4 
-19 -17   4 
Point: pickup_img
   -14.5 -21.3301        5
   -14.5 -21.3301        5
-17 -17 -10
   -14.5 -21.3301       10
-17 -17  -5
     -15 -23.9282       -8
    -19.5 -12.66987       -10
    -19.5 -12.66987        10
     -21 -13.5359        8
     -17 -20.4641        4
     -22 -8.33975       10
-19 -17   8
     -23 -10.0718        0
   -14.5 -21.3301        0
     -12 -25.6603      -10
-17 -17   0
     -22 -8.33975        0
     -15 -23.9282       -4
    -19.5 -12.66987       -10
    -19.5 -12.66987         0
     -22 -8.33975        0
-19 -17   0
-17 -17 -10
     -12 -25.6603       -5
   -14.5 -21.3301       -5
     -12 -25.6603        5
     -12 -25.6603        5
    -19.5 -12.66987        10
     -23 -10.0718        4
-19 -17   4

Point: pickup_ply
0.705757856478954 -24.2224084652625                 5
0.705757856478954 -24.2224084652625                 5
-3.62435565298214 -21.7224318643355               -10
0.705757856478954 -24.2224084652625                10
-3.62435565298214 -21.7224318643355                -5
 1.57179515458673 -26.7224290668348                -8
-7.95448416244324 -19.2224292826463               -10
-7.95448416244324 -19.2224292826463                10
 -8.8205072681199 -20.7224332630858                 8
-1.89230565298214 -24.7224304655851                 4
-12.2846076719043 -16.7224353612113                10
-5.35640646055102 -22.7224318643355                 8
-12.2846080756888 -18.7224346618361                 0
0.705757856478954 -24.2224084652625                 0
 5.03592136594005 -26.7224716687298               -10
-3.62435565298214 -21.7224318643355                 0
-12.2846076719043 -16.7224353612113                 0
 1.57179515458673 -26.7224290668348                -4
-7.95448416244324 -19.2224292826463               -10
-7.95448416244324 -19.2224292826463                 0
-12.2846076719043 -16.7224353612113                 0
-5.35640646055102 -22.7224318643355                 0
-3.62435565298214 -21.7224318643355               -10
 5.03592136594005 -26.7224716687298                -5
0.705757856478954 -24.2224084652625                -5
 5.03592136594005 -26.7224716687298                 5
 5.03592136594005 -26.7224716687298                 5
-7.95448416244324 -19.2224292826463                10
-12.2846080756888 -18.7224346618361                 4
-5.35640646055102 -22.7224318643355                 4

Point: conversion_unit_sphere
-0.551916320373273 -0.811891745185789  0.190315972542508
-0.551916320373273 -0.811891745185789  0.190315972542508
-0.652881066746183 -0.652881066746183 -0.384047686321284
 -0.52417215614756 -0.771078931575384  0.361498038722455
-0.692293518019063 -0.692293518019063 -0.203615740593842
-0.511032839199749 -0.815206398862628 -0.272550847573199
-0.770338540491236 -0.500517393026344 -0.395045405380121
-0.770338540491237 -0.500517393026344  0.395045405380121
-0.800489176801867 -0.515968640393924  0.304948257829283
-0.631896304708444 -0.760658186422592   0.14868148346081
-0.860563250796809  -0.32622192594694  0.391165113998549
-0.711057129136864 -0.636209010280352  0.299392475426048
  -0.916021269645184   -0.401129696678798 6.12323399573677e-17
  -0.562191557935703   -0.827007044822368 6.12323399573677e-17
-0.399456444161638 -0.854181016176739 -0.332880370134698
  -0.707106781186547   -0.707106781186548 6.12323399573677e-17
  -0.935069071170671   -0.354465558467982 6.12323399573677e-17
-0.525892282389511 -0.838910380764846 -0.140237941970536
-0.770338540491236 -0.500517393026344 -0.395045405380121
  -0.838544404133069   -0.544833261004792 6.12323399573677e-17
  -0.935069071170671   -0.354465558467982 6.12323399573677e-17
  -0.745241313525099   -0.666794859469826 6.12323399573677e-17
-0.652881066746183 -0.652881066746183 -0.384047686321284
-0.417167152011525 -0.892052855896778 -0.173819646671469
-0.551916320373273 -0.811891745185789 -0.190315972542508
-0.417167152011525 -0.892052855896778  0.173819646671469
-0.417167152011525 -0.892052855896778  0.173819646671469
-0.770338540491237 -0.500517393026344  0.395045405380121
-0.904614067623694 -0.396134433317057  0.157324185673686
-0.736235045377522 -0.658736619548309  0.154996851658426

理論値
0.866025403784439                 0               0.5
                0                 1                 0
             -0.5                 0 0.866025403784439

create xi:
Point: conversion_unit_sphere
-0.551916320373273 -0.811891745185789  0.190315972542508
-0.551916320373273 -0.811891745185789  0.190315972542508
-0.652881066746183 -0.652881066746183 -0.384047686321284
 -0.52417215614756 -0.771078931575384  0.361498038722455
-0.692293518019063 -0.692293518019063 -0.203615740593842
-0.511032839199749 -0.815206398862628 -0.272550847573199
-0.770338540491236 -0.500517393026344 -0.395045405380121
-0.770338540491237 -0.500517393026344  0.395045405380121
-0.800489176801867 -0.515968640393924  0.304948257829283
-0.631896304708444 -0.760658186422592   0.14868148346081
-0.860563250796809  -0.32622192594694  0.391165113998549
-0.711057129136864 -0.636209010280352  0.299392475426048
  -0.916021269645184   -0.401129696678798 6.12323399573677e-17
  -0.562191557935703   -0.827007044822368 6.12323399573677e-17
-0.399456444161638 -0.854181016176739 -0.332880370134698
  -0.707106781186547   -0.707106781186548 6.12323399573677e-17
  -0.935069071170671   -0.354465558467982 6.12323399573677e-17
-0.525892282389511 -0.838910380764846 -0.140237941970536
-0.770338540491236 -0.500517393026344 -0.395045405380121
  -0.838544404133069   -0.544833261004792 6.12323399573677e-17
  -0.935069071170671   -0.354465558467982 6.12323399573677e-17
  -0.745241313525099   -0.666794859469826 6.12323399573677e-17
-0.652881066746183 -0.652881066746183 -0.384047686321284
-0.417167152011525 -0.892052855896778 -0.173819646671469
-0.551916320373273 -0.811891745185789 -0.190315972542508
-0.417167152011525 -0.892052855896778  0.173819646671469
-0.417167152011525 -0.892052855896778  0.173819646671469
-0.770338540491237 -0.500517393026344  0.395045405380121
-0.904614067623694 -0.396134433317057  0.157324185673686
-0.736235045377522 -0.658736619548309  0.154996851658426

vector_xi.transpose() :
                     0                     -0  2.33281219990845e-309                     -0                      0 -2.67915601564318e-195  2.16829223207145e-314 -1.01977236542048e-196      0.951579862712539
-0.389519279222393   13.3687425507261  -2.75958160186636  -0.57299897777528    19.665973481465  -4.05945872592895  0.134316992835308   -4.6099112243883  0.951579862712539
2.36627318498654 14.1821644879086 6.52881066746183 2.36627318498654 14.1821644879086 6.52881066746183 1.39192540293326 8.34244969876977 3.84047686321284
-0.369938617348654   12.6967120723235   -5.2417215614756 -0.544195013924725   18.6773888395771  -7.71078931575384  0.255130080930106  -8.75635315332657   3.61498038722455
 2.50911792555529  15.0382987752902  3.46146759009531  2.50911792555529  15.0382987752902  3.46146759009532 0.737975860457437  4.42302905155594  1.01807870296921
-0.803238940488866   13.6560387963385   4.08826271359799  -1.28133746772038   21.7842951684364   6.52165119090103 -0.428394101594062   7.28322069138052   2.18040678058559
6.12764572005718 14.8077781182898 7.70338540491236 3.98135767585543  9.6211601921834 5.00517393026344 3.14238242054214 7.59373236835374 3.95045405380121
 6.12764572005718  14.8077781182898 -7.70338540491236  3.98135767585543   9.6211601921834 -5.00517393026344 -3.14238242054214 -7.59373236835374  3.95045405380121
 7.06072060203218  16.5880835440992 -6.40391341441494  4.55110514271655  10.6921257164082 -4.12774912315139 -2.68979832458369 -6.31926992156159  2.43958606263426
  1.19574094949831   15.6220124546147  -2.52758521883377   1.43939778615462   18.8053191219106  -3.04263274569037 -0.281350811646662  -3.67576763637992  0.594725933843241
 10.5716819128974  14.3907133356835 -8.60563250796809  4.00750837423119  5.45522507005756  -3.2622192594694 -4.80530996040792 -6.54123333440158  3.91165113998549
 3.80871100032956  16.1569471684624 -5.68845703309491  3.40779405292645  14.4562158875716 -5.08967208224281 -1.60366778961245  -6.8029251235631  2.39513980340838
     11.2529622865859      17.1501483697841                    -0      4.92772111121896      7.51012453699094                    -0 -7.52215297933599e-16 -1.14641848404315e-15                     0
   -0.396771108859266      13.6176335520409                    -0    -0.583666719246829       20.032102443337                    -0  4.32152049955024e-17 -1.48319474973117e-15                     0
-2.01163124191603  10.6744635120009  3.99456444161638 -4.30158842974482  22.8258280047498  8.54181016176739 -1.67635936826336  8.89538626000077  3.32880370134698
     2.56280645965547      15.3600788751343                    -0      2.56280645965547      15.3600788751343                    -0  -2.2192777746981e-16 -1.33011533261774e-15                     0
     11.4869566854637      15.6366321009194                    -0      4.35447031898163      5.92752738925649                    -0 -7.52215273208933e-16 -1.02395384695279e-15                     0
-0.826594941294392   14.0531192129496   2.10356912955804   -1.3185952716187     22.41772314342   3.35564152305939 -0.220425317678504   3.74749845678655  0.560951767882145
6.12764572005718 14.8077781182898 7.70338540491236 3.98135767585543  9.6211601921834 5.00517393026344 3.14238242054214 7.59373236835374 3.95045405380121
      6.6701881821819      16.1188605088067                    -0      4.33386754583492      10.4730188304982                    -0 -4.87071678420221e-16 -1.17703432464146e-15                     0
     11.4869566854637      15.6366321009194                    -0      4.35447031898163      5.92752738925649                    -0 -7.52215273208933e-16 -1.02395384695279e-15                     0
     3.99181538643537      16.9336949690619                    -0      3.57162429312638      15.1512007617923                    -0 -3.27985301342301e-16 -1.39134767257511e-15                     0
2.36627318498654 14.1821644879086 6.52881066746183 2.36627318498654 14.1821644879086 6.52881066746183 1.39192540293326 8.34244969876977 3.84047686321284
  -2.1008209739832   11.1477374007527   2.08583576005763  -4.49230803655843   23.8378571687112   4.46026427948389 -0.875342072493001   4.64489058364696  0.869098233357344
-0.389519279222393   13.3687425507261   2.75958160186636  -0.57299897777528    19.665973481465   4.05945872592895 -0.134316992835308    4.6099112243883  0.951579862712538
 -2.1008209739832  11.1477374007527 -2.08583576005763 -4.49230803655843  23.8378571687112 -4.46026427948389    0.875342072493 -4.64489058364695 0.869098233357344
 -2.1008209739832  11.1477374007527 -2.08583576005763 -4.49230803655843  23.8378571687112 -4.46026427948389    0.875342072493 -4.64489058364695 0.869098233357344
 6.12764572005718  14.8077781182898 -7.70338540491236  3.98135767585543   9.6211601921834 -5.00517393026344 -3.14238242054214 -7.59373236835374  3.95045405380121
 11.1128292805117  16.9365777752624 -3.61845627049478  4.86635625858512  7.41660104508208 -1.58453773326823 -1.93266596182812 -2.94549178700216 0.629296742694744
 3.94357415354423  16.7290506547267 -2.94494018151009   3.5284610847501  14.9680979542291 -2.63494647819324 -0.83022613758826 -3.52190540099509 0.619987406633703

----calc_matrix_M
Matrix_M:
 962.020076527385  1703.32841922365 -179.859185411919  517.461842625721  820.860373125113 -88.0444299717658 -90.5836752326643 -153.963459969457  178.939889398827
 1703.32841922365  6201.02604206031 -196.548275242417  820.860373125113  6022.14351701883 0.913264878064417 -153.963459969457 -87.8362976123482  697.609603548702
-179.859185411919 -196.548275242417  604.035027711398 -88.0444299717659 0.913264878064425  514.677693897753  178.939889398827  697.609603548702 -12.2146893243769
 517.461842625721  820.860373125113 -88.0444299717659  352.520365878592  200.016539900523 -56.2998726367808 -37.2848314181834  -86.535900700352  92.0661754162147
 820.860373125113  6022.14351701883 0.913264878064425  200.016539900523   7413.7757941319  155.251018828107  -86.535900700352  129.306909460828  686.608557188523
-88.0444299717658 0.913264878064417  514.677693897753 -56.2998726367808  155.251018828107  549.587365272934  92.0661754162146  686.608557188523  26.9955441370418
-90.5836752326643 -153.963459969457  178.939889398827 -37.2848314181834  -86.535900700352  92.0661754162146  87.7613250512078  156.400536693185 -24.6102880519965
-153.963459969457 -87.8362976123482  697.609603548702  -86.535900700352  129.306909460828  686.608557188523  156.400536693185    884.1251626026  16.9630129172286
 178.939889398827  697.609603548702 -12.2146893243769  92.0661754162147  686.608557188523  26.9955441370418 -24.6102880519965  16.9630129172286  156.283111250788

Essential_Matrix:: Matrix M Eigenvalue :
0.999999999999841
 1.00634622112125
 1.05238751899582
 45.6529225843535
 77.7619227871983
 120.909563143913
 1465.48443613438
 2257.25089628401
 13241.0157958132

Essential_Matrix:: Matrix M EigenVector: 
-1.34294424537181e-13  -0.00770235941650202     0.340328710052275    -0.585739322535727     0.361131338940403   -0.0981066593558694     0.503728695513673    -0.355300643645557     0.144929576606194
 1.58355824178931e-13     0.014746158479202    -0.579046201286453     0.203716035966418   -0.0575153810658661    0.0935755806615309     0.337195559080175    -0.224360420603381     0.668494556839435
-2.79376226914349e-11     0.663735621264313     0.022174143341741    -0.168025052455047    -0.092979772580956     0.491302223478293     0.282038598061173     0.448328291413345   -0.0127974058923086
-3.36003799796533e-14    -0.018764312826459     0.612783004976779     0.587510662391291     -0.29782201617392      0.15191296508967     0.338280207371754    -0.221669110833406    0.0602487782029075
-1.06145744740587e-13   -0.0107514289142848     0.415281938499646   -0.0863880080735231    0.0902567999834169   -0.0209451560169476    -0.443338992918283     0.304201272088129     0.722696038668895
   -0.707106781185553   -0.0235101515035889  -0.00389763231175258     0.152741379188201     0.107044936201449    -0.447815242026537     0.305367970968845     0.413284499966566   0.00716710261062414
   -0.353553390566563    -0.634931731197363   -0.0122264929756311    -0.217020104188732     -0.12975935961797     0.625961015145352    0.0472009737890091     0.116299264853581   -0.0140124645461083
    0.612372435712365    -0.393725190453745   -0.0115595671373164    0.0510739372084774     0.048688244257277    -0.155693740466095     0.379860055404602     0.544365246484965  0.000185757065401383
-1.48696693259954e-14 -2.77851255488982e-05    0.0113917234879717    -0.401881744435168    -0.854470596745093    -0.316414832905878    0.0475040293329717  -0.00932042239786726    0.0760226353949597

Essential_Matrix:: min_eigen
0.999999999999841

Essential_Matrix:: min_eigenvector
-1.34294424537181e-13
 1.58355824178931e-13
-2.79376226914349e-11
-3.36003799796533e-14
-1.06145744740587e-13
   -0.707106781185553
   -0.353553390566563
    0.612372435712365
-1.48696693259954e-14

Essential Matrix:
-1.34294424537181e-13  1.58355824178931e-13 -2.79376226914349e-11
-3.36003799796533e-14 -1.06145744740587e-13    -0.707106781185553
   -0.353553390566563     0.612372435712365 -1.48696693259954e-14


Translation:: E * E.t Eigenvalue :
1.37822635843697e-27
   0.499999999998593
   0.500000000001407

Translation:: E * E.t Eigenvec :
                   -1 -3.95096100941371e-11  3.09354425116445e-13
 3.95097649105227e-11    -0.999885364680552    0.0151412515215857
 2.88905981782011e-13   -0.0151412515215857    -0.999885364680552

Translation:: E * E.t min_eigen
1.37822635843697e-27

Translation:: E * E.t min_eigenvector
                  -1
3.95097649105227e-11
2.88905981782011e-13

Translation:: diff scale
                  -1
3.95097649105227e-11
2.88905981782011e-13

Point: conversion_unit_sphere
-0.551916320373273 -0.811891745185789  0.190315972542508
-0.551916320373273 -0.811891745185789  0.190315972542508
-0.652881066746183 -0.652881066746183 -0.384047686321284
 -0.52417215614756 -0.771078931575384  0.361498038722455
-0.692293518019063 -0.692293518019063 -0.203615740593842
-0.511032839199749 -0.815206398862628 -0.272550847573199
-0.770338540491236 -0.500517393026344 -0.395045405380121
-0.770338540491237 -0.500517393026344  0.395045405380121
-0.800489176801867 -0.515968640393924  0.304948257829283
-0.631896304708444 -0.760658186422592   0.14868148346081
-0.860563250796809  -0.32622192594694  0.391165113998549
-0.711057129136864 -0.636209010280352  0.299392475426048
  -0.916021269645184   -0.401129696678798 6.12323399573677e-17
  -0.562191557935703   -0.827007044822368 6.12323399573677e-17
-0.399456444161638 -0.854181016176739 -0.332880370134698
  -0.707106781186547   -0.707106781186548 6.12323399573677e-17
  -0.935069071170671   -0.354465558467982 6.12323399573677e-17
-0.525892282389511 -0.838910380764846 -0.140237941970536
-0.770338540491236 -0.500517393026344 -0.395045405380121
  -0.838544404133069   -0.544833261004792 6.12323399573677e-17
  -0.935069071170671   -0.354465558467982 6.12323399573677e-17
  -0.745241313525099   -0.666794859469826 6.12323399573677e-17
-0.652881066746183 -0.652881066746183 -0.384047686321284
-0.417167152011525 -0.892052855896778 -0.173819646671469
-0.551916320373273 -0.811891745185789 -0.190315972542508
-0.417167152011525 -0.892052855896778  0.173819646671469
-0.417167152011525 -0.892052855896778  0.173819646671469
-0.770338540491237 -0.500517393026344  0.395045405380121
-0.904614067623694 -0.396134433317057  0.157324185673686
-0.736235045377522 -0.658736619548309  0.154996851658426

Point: pickup_ply
0.705757856478954 -24.2224084652625                 5
0.705757856478954 -24.2224084652625                 5
-3.62435565298214 -21.7224318643355               -10
0.705757856478954 -24.2224084652625                10
-3.62435565298214 -21.7224318643355                -5
 1.57179515458673 -26.7224290668348                -8
-7.95448416244324 -19.2224292826463               -10
-7.95448416244324 -19.2224292826463                10
 -8.8205072681199 -20.7224332630858                 8
-1.89230565298214 -24.7224304655851                 4
-12.2846076719043 -16.7224353612113                10
-5.35640646055102 -22.7224318643355                 8
-12.2846080756888 -18.7224346618361                 0
0.705757856478954 -24.2224084652625                 0
 5.03592136594005 -26.7224716687298               -10
-3.62435565298214 -21.7224318643355                 0
-12.2846076719043 -16.7224353612113                 0
 1.57179515458673 -26.7224290668348                -4
-7.95448416244324 -19.2224292826463               -10
-7.95448416244324 -19.2224292826463                 0
-12.2846076719043 -16.7224353612113                 0
-5.35640646055102 -22.7224318643355                 0
-3.62435565298214 -21.7224318643355               -10
 5.03592136594005 -26.7224716687298                -5
0.705757856478954 -24.2224084652625                -5
 5.03592136594005 -26.7224716687298                 5
 5.03592136594005 -26.7224716687298                 5
-7.95448416244324 -19.2224292826463                10
-12.2846080756888 -18.7224346618361                 4
-5.35640646055102 -22.7224318643355                 4

-----check sign translation t
img_vec:
-0.551916320373273
-0.811891745185789
 0.190315972542508
ply_vec:
0.705757856478954
-24.2224084652625
                5
img_point y<0, exclusion 
img_vec:
-0.551916320373273
-0.811891745185789
 0.190315972542508
ply_vec:
0.705757856478954
-24.2224084652625
                5
img_point y<0, exclusion 
img_vec:
-0.652881066746183
-0.652881066746183
-0.384047686321284
ply_vec:
-3.62435565298214
-21.7224318643355
              -10
img_point y<0, exclusion 
img_vec:
-0.652881066746183
-0.652881066746183
-0.384047686321284
ply_vec:
-3.62435565298214
-21.7224318643355
              -10
img_point y<0, exclusion 
img_vec:
 -0.52417215614756
-0.771078931575384
 0.361498038722455
ply_vec:
0.705757856478954
-24.2224084652625
               10
img_point y<0, exclusion 
img_vec:
 -0.52417215614756
-0.771078931575384
 0.361498038722455
ply_vec:
0.705757856478954
-24.2224084652625
               10
img_point y<0, exclusion 
img_vec:
-0.692293518019063
-0.692293518019063
-0.203615740593842
ply_vec:
-3.62435565298214
-21.7224318643355
               -5
img_point y<0, exclusion 
img_vec:
-0.692293518019063
-0.692293518019063
-0.203615740593842
ply_vec:
-3.62435565298214
-21.7224318643355
               -5
img_point y<0, exclusion 
img_vec:
-0.511032839199749
-0.815206398862628
-0.272550847573199
ply_vec:
 1.57179515458673
-26.7224290668348
               -8
img_point y<0, exclusion 
img_vec:
-0.511032839199749
-0.815206398862628
-0.272550847573199
ply_vec:
 1.57179515458673
-26.7224290668348
               -8
img_point y<0, exclusion 
img_vec:
-0.770338540491236
-0.500517393026344
-0.395045405380121
ply_vec:
-7.95448416244324
-19.2224292826463
              -10
img_point y<0, exclusion 
img_vec:
-0.770338540491236
-0.500517393026344
-0.395045405380121
ply_vec:
-7.95448416244324
-19.2224292826463
              -10
img_point y<0, exclusion 
img_vec:
-0.770338540491237
-0.500517393026344
 0.395045405380121
ply_vec:
-7.95448416244324
-19.2224292826463
               10
img_point y<0, exclusion 
img_vec:
-0.770338540491237
-0.500517393026344
 0.395045405380121
ply_vec:
-7.95448416244324
-19.2224292826463
               10
img_point y<0, exclusion 
img_vec:
-0.800489176801867
-0.515968640393924
 0.304948257829283
ply_vec:
 -8.8205072681199
-20.7224332630858
                8
img_point y<0, exclusion 
img_vec:
-0.800489176801867
-0.515968640393924
 0.304948257829283
ply_vec:
 -8.8205072681199
-20.7224332630858
                8
img_point y<0, exclusion 
img_vec:
-0.631896304708444
-0.760658186422592
  0.14868148346081
ply_vec:
-1.89230565298214
-24.7224304655851
                4
img_point y<0, exclusion 
img_vec:
-0.631896304708444
-0.760658186422592
  0.14868148346081
ply_vec:
-1.89230565298214
-24.7224304655851
                4
img_point y<0, exclusion 
img_vec:
-0.860563250796809
 -0.32622192594694
 0.391165113998549
ply_vec:
-12.2846076719043
-16.7224353612113
               10
img_point y<0, exclusion 
img_vec:
-0.860563250796809
 -0.32622192594694
 0.391165113998549
ply_vec:
-12.2846076719043
-16.7224353612113
               10
img_point y<0, exclusion 
img_vec:
-0.711057129136864
-0.636209010280352
 0.299392475426048
ply_vec:
-5.35640646055102
-22.7224318643355
                8
img_point y<0, exclusion 
img_vec:
-0.711057129136864
-0.636209010280352
 0.299392475426048
ply_vec:
-5.35640646055102
-22.7224318643355
                8
img_point y<0, exclusion 
img_vec:
  -0.916021269645184
  -0.401129696678798
6.12323399573677e-17
ply_vec:
-12.2846080756888
-18.7224346618361
                0
img_point y<0, exclusion 
img_vec:
  -0.916021269645184
  -0.401129696678798
6.12323399573677e-17
ply_vec:
-12.2846080756888
-18.7224346618361
                0
img_point y<0, exclusion 
img_vec:
  -0.562191557935703
  -0.827007044822368
6.12323399573677e-17
ply_vec:
0.705757856478954
-24.2224084652625
                0
img_point y<0, exclusion 
img_vec:
  -0.562191557935703
  -0.827007044822368
6.12323399573677e-17
ply_vec:
0.705757856478954
-24.2224084652625
                0
img_point y<0, exclusion 
img_vec:
-0.399456444161638
-0.854181016176739
-0.332880370134698
ply_vec:
 5.03592136594005
-26.7224716687298
              -10
img_point y<0, exclusion 
img_vec:
-0.399456444161638
-0.854181016176739
-0.332880370134698
ply_vec:
 5.03592136594005
-26.7224716687298
              -10
img_point y<0, exclusion 
img_vec:
  -0.707106781186547
  -0.707106781186548
6.12323399573677e-17
ply_vec:
-3.62435565298214
-21.7224318643355
                0
img_point y<0, exclusion 
img_vec:
  -0.707106781186547
  -0.707106781186548
6.12323399573677e-17
ply_vec:
-3.62435565298214
-21.7224318643355
                0
img_point y<0, exclusion 
img_vec:
  -0.935069071170671
  -0.354465558467982
6.12323399573677e-17
ply_vec:
-12.2846076719043
-16.7224353612113
                0
img_point y<0, exclusion 
img_vec:
  -0.935069071170671
  -0.354465558467982
6.12323399573677e-17
ply_vec:
-12.2846076719043
-16.7224353612113
                0
img_point y<0, exclusion 
img_vec:
-0.525892282389511
-0.838910380764846
-0.140237941970536
ply_vec:
 1.57179515458673
-26.7224290668348
               -4
img_point y<0, exclusion 
img_vec:
-0.525892282389511
-0.838910380764846
-0.140237941970536
ply_vec:
 1.57179515458673
-26.7224290668348
               -4
img_point y<0, exclusion 
img_vec:
-0.770338540491236
-0.500517393026344
-0.395045405380121
ply_vec:
-7.95448416244324
-19.2224292826463
              -10
img_point y<0, exclusion 
img_vec:
-0.770338540491236
-0.500517393026344
-0.395045405380121
ply_vec:
-7.95448416244324
-19.2224292826463
              -10
img_point y<0, exclusion 
img_vec:
  -0.838544404133069
  -0.544833261004792
6.12323399573677e-17
ply_vec:
-7.95448416244324
-19.2224292826463
                0
img_point y<0, exclusion 
img_vec:
  -0.838544404133069
  -0.544833261004792
6.12323399573677e-17
ply_vec:
-7.95448416244324
-19.2224292826463
                0
img_point y<0, exclusion 
img_vec:
  -0.935069071170671
  -0.354465558467982
6.12323399573677e-17
ply_vec:
-12.2846076719043
-16.7224353612113
                0
img_point y<0, exclusion 
img_vec:
  -0.935069071170671
  -0.354465558467982
6.12323399573677e-17
ply_vec:
-12.2846076719043
-16.7224353612113
                0
img_point y<0, exclusion 
img_vec:
  -0.745241313525099
  -0.666794859469826
6.12323399573677e-17
ply_vec:
-5.35640646055102
-22.7224318643355
                0
img_point y<0, exclusion 
img_vec:
  -0.745241313525099
  -0.666794859469826
6.12323399573677e-17
ply_vec:
-5.35640646055102
-22.7224318643355
                0
img_point y<0, exclusion 
img_vec:
-0.652881066746183
-0.652881066746183
-0.384047686321284
ply_vec:
-3.62435565298214
-21.7224318643355
              -10
img_point y<0, exclusion 
img_vec:
-0.652881066746183
-0.652881066746183
-0.384047686321284
ply_vec:
-3.62435565298214
-21.7224318643355
              -10
img_point y<0, exclusion 
img_vec:
-0.417167152011525
-0.892052855896778
-0.173819646671469
ply_vec:
 5.03592136594005
-26.7224716687298
               -5
img_point y<0, exclusion 
img_vec:
-0.417167152011525
-0.892052855896778
-0.173819646671469
ply_vec:
 5.03592136594005
-26.7224716687298
               -5
img_point y<0, exclusion 
img_vec:
-0.551916320373273
-0.811891745185789
-0.190315972542508
ply_vec:
0.705757856478954
-24.2224084652625
               -5
img_point y<0, exclusion 
img_vec:
-0.551916320373273
-0.811891745185789
-0.190315972542508
ply_vec:
0.705757856478954
-24.2224084652625
               -5
img_point y<0, exclusion 
img_vec:
-0.417167152011525
-0.892052855896778
 0.173819646671469
ply_vec:
 5.03592136594005
-26.7224716687298
                5
img_point y<0, exclusion 
img_vec:
-0.417167152011525
-0.892052855896778
 0.173819646671469
ply_vec:
 5.03592136594005
-26.7224716687298
                5
img_point y<0, exclusion 
img_vec:
-0.417167152011525
-0.892052855896778
 0.173819646671469
ply_vec:
 5.03592136594005
-26.7224716687298
                5
img_point y<0, exclusion 
img_vec:
-0.417167152011525
-0.892052855896778
 0.173819646671469
ply_vec:
 5.03592136594005
-26.7224716687298
                5
img_point y<0, exclusion 
img_vec:
-0.770338540491237
-0.500517393026344
 0.395045405380121
ply_vec:
-7.95448416244324
-19.2224292826463
               10
img_point y<0, exclusion 
img_vec:
-0.770338540491237
-0.500517393026344
 0.395045405380121
ply_vec:
-7.95448416244324
-19.2224292826463
               10
img_point y<0, exclusion 
img_vec:
-0.904614067623694
-0.396134433317057
 0.157324185673686
ply_vec:
-12.2846080756888
-18.7224346618361
                4
img_point y<0, exclusion 
img_vec:
-0.904614067623694
-0.396134433317057
 0.157324185673686
ply_vec:
-12.2846080756888
-18.7224346618361
                4
img_point y<0, exclusion 
img_vec:
-0.736235045377522
-0.658736619548309
 0.154996851658426
ply_vec:
-5.35640646055102
-22.7224318643355
                4
img_point y<0, exclusion 
img_vec:
-0.736235045377522
-0.658736619548309
 0.154996851658426
ply_vec:
-5.35640646055102
-22.7224318643355
                4
img_point y<0, exclusion 
translation:: check_sign_sam: 
0

translation:: change_sign before
                  -1
3.95097649105227e-11
2.88905981782011e-13
translation:: change_sign after
                    1
-3.95097649105227e-11
-2.88905981782011e-13

translation_t_cross: 
                    0  2.88905981782011e-13 -3.95097649105227e-11
-2.88905981782011e-13                     0                    -1
 3.95097649105227e-11                     1                     0

Matrix_R calc from matrix_E: 
    0.866025403786899     0.499999999995738  1.72697712824925e-13
   -0.499999999995738     0.866025403786899 -6.36365959927332e-14
-1.81378349839445e-13 -3.12371656319144e-14                     1

calc scale: 
vector_t: 
                    1
-3.95097649105227e-11
-2.88905981782011e-13
matrix_R:
    0.866025403786899     0.499999999995738  1.72697712824925e-13
   -0.499999999995738     0.866025403786899 -6.36365959927332e-14
-1.81378349839445e-13 -3.12371656319144e-14                     1
point:1 -3.00000000006636
img: 
-0.551916320373273
-0.811891745185789
 0.190315972542508
ply:
0.705757856478954
-24.2224084652625
                5
fraction top: -2.08616512606907
fraction bottom:0.695388375340975
scale_s_progress: -3.00000000006636

point:2 -3.00000000004363
img: 
-0.652881066746183
-0.652881066746183
-0.384047686321284
ply:
-3.62435565298214
-21.7224318643355
              -10
fraction top: -1.72123893817961
fraction bottom:0.573746312718193
scale_s_progress: -6.00000000010999

point:3 -3.00000000007294
img: 
 -0.52417215614756
-0.771078931575384
 0.361498038722455
ply:
0.705757856478954
-24.2224084652625
               10
fraction top: -2.17573065230724
fraction bottom:0.725243550751446
scale_s_progress: -9.00000000018293

point:4 -3.00000000003623
img: 
-0.692293518019063
-0.692293518019063
-0.203615740593842
ply:
-3.62435565298214
-21.7224318643355
               -5
fraction top: -1.56218905485909
fraction bottom:0.520729684946743
scale_s_progress: -12.0000000002192

point:5 -3.00000000008229
img: 
-0.511032839199749
-0.815206398862628
-0.272550847573199
ply:
 1.57179515458673
-26.7224290668348
               -8
fraction top: -2.21653631193813
fraction bottom:0.738845437292444
scale_s_progress: -15.0000000003014

point:6 -3.00000000002245
img: 
-0.770338540491236
-0.500517393026344
-0.395045405380121
ply:
-7.95448416244324
-19.2224292826463
              -10
fraction top: -1.21973559920255
fraction bottom:0.406578533064475
scale_s_progress: -18.0000000003239

point:7 -3.00000000003147
img: 
-0.770338540491237
-0.500517393026344
 0.395045405380121
ply:
-7.95448416244324
-19.2224292826463
               10
fraction top: -1.21973559920516
fraction bottom:0.406578533064123
scale_s_progress: -21.0000000003554

point:8 -3.00000000003626
img: 
-0.800489176801867
-0.515968640393924
 0.304948257829283
ply:
 -8.8205072681199
-20.7224332630858
                8
fraction top: -1.07765123357972
fraction bottom:0.359217077855565
scale_s_progress: -24.0000000003916

point:9 -3.0000000000622
img: 
-0.631896304708444
-0.760658186422592
  0.14868148346081
ply:
-1.89230565298214
-24.7224304655851
                4
fraction top: -1.80212118043859
fraction bottom:0.600707060133741
scale_s_progress: -27.0000000004538

point:10 -3.00000000002106
img: 
-0.860563250796809
 -0.32622192594694
 0.391165113998549
ply:
-12.2846076719043
-16.7224353612113
               10
fraction top: -0.778292674205518
fraction bottom:0.259430891400018
scale_s_progress: -30.0000000004749

point:11 -3.0000000000502
img: 
-0.711057129136864
-0.636209010280352
 0.299392475426048
ply:
-5.35640646055102
-22.7224318643355
                8
fraction top: -1.48319327744261
fraction bottom:0.494397759139265
scale_s_progress: -33.0000000005251

point:12 -3.00000000000366
img: 
  -0.916021269645184
  -0.401129696678798
6.12323399573677e-17
ply:
-12.2846080756888
-18.7224346618361
                0
fraction top: -0.482715100760569
fraction bottom:0.16090503358666
scale_s_progress: -36.0000000005287

point:13 -3.00000000006288
img: 
  -0.562191557935703
  -0.827007044822368
6.12323399573677e-17
ply:
0.705757856478954
-24.2224084652625
                0
fraction top: -2.0518219567107
fraction bottom:0.683940652222566
scale_s_progress: -39.0000000005916

point:14 -3.00000000009404
img: 
-0.399456444161638
-0.854181016176739
-0.332880370134698
ply:
 5.03592136594005
-26.7224716687298
              -10
fraction top: -2.52130364781337
fraction bottom:0.840434549244779
scale_s_progress: -42.0000000006856

point:15 -3.00000000003403
img: 
  -0.707106781186547
  -0.707106781186548
6.12323399573677e-17
ply:
-3.62435565298214
-21.7224318643355
                0
fraction top: -1.50000000013554
fraction bottom:0.50000000003951
scale_s_progress: -45.0000000007197

point:16 -2.99999999997501
img: 
  -0.935069071170671
  -0.354465558467982
6.12323399573677e-17
ply:
-12.2846076719043
-16.7224353612113
                0
fraction top: -0.376937496495489
fraction bottom:0.125645832166209
scale_s_progress: -48.0000000006947

point:17 -3.0000000000805
img: 
-0.525892282389511
-0.838910380764846
-0.140237941970536
ply:
 1.57179515458673
-26.7224290668348
               -4
fraction top: -2.1703119221324
fraction bottom:0.723437307358055
scale_s_progress: -51.0000000007752

point:18 -3.00000000002245
img: 
-0.770338540491236
-0.500517393026344
-0.395045405380121
ply:
-7.95448416244324
-19.2224292826463
              -10
fraction top: -1.21973559920255
fraction bottom:0.406578533064475
scale_s_progress: -54.0000000007976

point:19 -3.0000000000049
img: 
  -0.838544404133069
  -0.544833261004792
6.12323399573677e-17
ply:
-7.95448416244324
-19.2224292826463
                0
fraction top: -0.890529847001108
fraction bottom:0.296843282333217
scale_s_progress: -57.0000000008025

point:20 -2.99999999997501
img: 
  -0.935069071170671
  -0.354465558467982
6.12323399573677e-17
ply:
-12.2846076719043
-16.7224353612113
                0
fraction top: -0.376937496495489
fraction bottom:0.125645832166209
scale_s_progress: -60.0000000007775

point:21 -3.00000000003919
img: 
  -0.745241313525099
  -0.666794859469826
6.12323399573677e-17
ply:
-5.35640646055102
-22.7224318643355
                0
fraction top: -1.33384615398138
fraction bottom:0.444615384654651
scale_s_progress: -63.0000000008167

point:22 -3.00000000004363
img: 
-0.652881066746183
-0.652881066746183
-0.384047686321284
ply:
-3.62435565298214
-21.7224318643355
              -10
fraction top: -1.72123893817961
fraction bottom:0.573746312718193
scale_s_progress: -66.0000000008604

point:23 -3.00000000009176
img: 
-0.417167152011525
-0.892052855896778
-0.173819646671469
ply:
 5.03592136594005
-26.7224716687298
               -5
fraction top: -2.47791470201192
fraction bottom:0.825971567312041
scale_s_progress: -69.0000000009521

point:24 -3.00000000006377
img: 
-0.551916320373273
-0.811891745185789
-0.190315972542508
ply:
0.705757856478954
-24.2224084652625
               -5
fraction top: -2.08616512606764
fraction bottom:0.695388375341096
scale_s_progress: -72.0000000010159

point:25 -3.00000000009392
img: 
-0.417167152011525
-0.892052855896778
 0.173819646671469
ply:
 5.03592136594005
-26.7224716687298
                5
fraction top: -2.47791470201345
fraction bottom:0.825971567311957
scale_s_progress: -75.0000000011098

point:26 -3.00000000009392
img: 
-0.417167152011525
-0.892052855896778
 0.173819646671469
ply:
 5.03592136594005
-26.7224716687298
                5
fraction top: -2.47791470201345
fraction bottom:0.825971567311957
scale_s_progress: -78.0000000012037

point:27 -3.00000000003147
img: 
-0.770338540491237
-0.500517393026344
 0.395045405380121
ply:
-7.95448416244324
-19.2224292826463
               10
fraction top: -1.21973559920516
fraction bottom:0.406578533064123
scale_s_progress: -81.0000000012352

point:28 -3.00000000001398
img: 
-0.904614067623694
-0.396134433317057
 0.157324185673686
ply:
-12.2846080756888
-18.7224346618361
                4
fraction top: -0.545020166059187
fraction bottom:0.181673388685549
scale_s_progress: -84.0000000012492

point:29 -3.00000000004312
img: 
-0.736235045377522
-0.658736619548309
 0.154996851658426
ply:
-5.35640646055102
-22.7224318643355
                4
fraction top: -1.37387387400839
fraction bottom:0.457957957996215
scale_s_progress: -87.0000000012923

scale_s
-3.00000000004456

----RESULT
Essential Matrix:
-1.34294424537181e-13  1.58355824178931e-13 -2.79376226914349e-11
-3.36003799796533e-14 -1.06145744740587e-13    -0.707106781185553
   -0.353553390566563     0.612372435712365 -1.48696693259954e-14

Rotation Matrix:
    0.866025403786899     0.499999999995738  1.72697712824925e-13
   -0.499999999995738     0.866025403786899 -6.36365959927332e-14
-1.81378349839445e-13 -3.12371656319144e-14                     1

scale
-3.00000000004456

translation Vector: 
   -3.00000000004456
1.18529294733329e-10
8.66717945358908e-13

Rotation_axis
-3.23986483215133e-14
-3.54076617306319e-13
                    1

Rotation_degree: 
29.999999999718

corresp_plypoint point_rotated:    0.866025403786899     0.499999999995738  1.72697712824925e-13
   -0.499999999995738     0.866025403786899 -6.36365959927332e-14
-1.81378349839445e-13 -3.12371656319144e-14                     1
corresp_plypoint point_transformed:   -3.00000000004456 1.18529294733329e-10 8.66717945358908e-13
