# 立方格子データ
# point
# データ数
1331
# データ (ここから)
-1.660254037844388 -11.660254037844386 -10.000000000000000
-1.660254037844388 -11.660254037844386 -8.000000000000000
-1.660254037844388 -11.660254037844386 -6.000000000000000
-1.660254037844388 -11.660254037844386 -4.000000000000000
-1.660254037844388 -11.660254037844386 -2.000000000000000
-1.660254037844388 -11.660254037844386 0.000000000000000
-1.660254037844388 -11.660254037844386 2.000000000000000
-1.660254037844388 -11.660254037844386 4.000000000000000
-1.660254037844388 -11.660254037844386 6.000000000000000
-1.660254037844388 -11.660254037844386 8.000000000000000
-1.660254037844388 -11.660254037844386 10.000000000000000
-2.660254037844387 -9.928203230275509 -10.000000000000000
-2.660254037844387 -9.928203230275509 -8.000000000000000
-2.660254037844387 -9.928203230275509 -6.000000000000000
-2.660254037844387 -9.928203230275509 -4.000000000000000
-2.660254037844387 -9.928203230275509 -2.000000000000000
-2.660254037844387 -9.928203230275509 0.000000000000000
-2.660254037844387 -9.928203230275509 2.000000000000000
-2.660254037844387 -9.928203230275509 4.000000000000000
-2.660254037844387 -9.928203230275509 6.000000000000000
-2.660254037844387 -9.928203230275509 8.000000000000000
-2.660254037844387 -9.928203230275509 10.000000000000000
-3.660254037844387 -8.196152422706632 -10.000000000000000
-3.660254037844387 -8.196152422706632 -8.000000000000000
-3.660254037844387 -8.196152422706632 -6.000000000000000
-3.660254037844387 -8.196152422706632 -4.000000000000000
-3.660254037844387 -8.196152422706632 -2.000000000000000
-3.660254037844387 -8.196152422706632 0.000000000000000
-3.660254037844387 -8.196152422706632 2.000000000000000
-3.660254037844387 -8.196152422706632 4.000000000000000
-3.660254037844387 -8.196152422706632 6.000000000000000
-3.660254037844387 -8.196152422706632 8.000000000000000
-3.660254037844387 -8.196152422706632 10.000000000000000
-4.660254037844387 -6.464101615137753 -10.000000000000000
-4.660254037844387 -6.464101615137753 -8.000000000000000
-4.660254037844387 -6.464101615137753 -6.000000000000000
-4.660254037844387 -6.464101615137753 -4.000000000000000
-4.660254037844387 -6.464101615137753 -2.000000000000000
-4.660254037844387 -6.464101615137753 0.000000000000000
-4.660254037844387 -6.464101615137753 2.000000000000000
-4.660254037844387 -6.464101615137753 4.000000000000000
-4.660254037844387 -6.464101615137753 6.000000000000000
-4.660254037844387 -6.464101615137753 8.000000000000000
-4.660254037844387 -6.464101615137753 10.000000000000000
-5.660254037844387 -4.732050807568877 -10.000000000000000
-5.660254037844387 -4.732050807568877 -8.000000000000000
-5.660254037844387 -4.732050807568877 -6.000000000000000
-5.660254037844387 -4.732050807568877 -4.000000000000000
-5.660254037844387 -4.732050807568877 -2.000000000000000
-5.660254037844387 -4.732050807568877 0.000000000000000
-5.660254037844387 -4.732050807568877 2.000000000000000
-5.660254037844387 -4.732050807568877 4.000000000000000
-5.660254037844387 -4.732050807568877 6.000000000000000
-5.660254037844387 -4.732050807568877 8.000000000000000
-5.660254037844387 -4.732050807568877 10.000000000000000
-6.660254037844387 -2.999999999999999 -10.000000000000000
-6.660254037844387 -2.999999999999999 -8.000000000000000
-6.660254037844387 -2.999999999999999 -6.000000000000000
-6.660254037844387 -2.999999999999999 -4.000000000000000
-6.660254037844387 -2.999999999999999 -2.000000000000000
-6.660254037844387 -2.999999999999999 0.000000000000000
-6.660254037844387 -2.999999999999999 2.000000000000000
-6.660254037844387 -2.999999999999999 4.000000000000000
-6.660254037844387 -2.999999999999999 6.000000000000000
-6.660254037844387 -2.999999999999999 8.000000000000000
-6.660254037844387 -2.999999999999999 10.000000000000000
-7.660254037844387 -1.267949192431121 -10.000000000000000
-7.660254037844387 -1.267949192431121 -8.000000000000000
-7.660254037844387 -1.267949192431121 -6.000000000000000
-7.660254037844387 -1.267949192431121 -4.000000000000000
-7.660254037844387 -1.267949192431121 -2.000000000000000
-7.660254037844387 -1.267949192431121 0.000000000000000
-7.660254037844387 -1.267949192431121 2.000000000000000
-7.660254037844387 -1.267949192431121 4.000000000000000
-7.660254037844387 -1.267949192431121 6.000000000000000
-7.660254037844387 -1.267949192431121 8.000000000000000
-7.660254037844387 -1.267949192431121 10.000000000000000
-8.660254037844387 0.464101615137756 -10.000000000000000
-8.660254037844387 0.464101615137756 -8.000000000000000
-8.660254037844387 0.464101615137756 -6.000000000000000
-8.660254037844387 0.464101615137756 -4.000000000000000
-8.660254037844387 0.464101615137756 -2.000000000000000
-8.660254037844387 0.464101615137756 0.000000000000000
-8.660254037844387 0.464101615137756 2.000000000000000
-8.660254037844387 0.464101615137756 4.000000000000000
-8.660254037844387 0.464101615137756 6.000000000000000
-8.660254037844387 0.464101615137756 8.000000000000000
-8.660254037844387 0.464101615137756 10.000000000000000
-9.660254037844387 2.196152422706633 -10.000000000000000
-9.660254037844387 2.196152422706633 -8.000000000000000
-9.660254037844387 2.196152422706633 -6.000000000000000
-9.660254037844387 2.196152422706633 -4.000000000000000
-9.660254037844387 2.196152422706633 -2.000000000000000
-9.660254037844387 2.196152422706633 0.000000000000000
-9.660254037844387 2.196152422706633 2.000000000000000
-9.660254037844387 2.196152422706633 4.000000000000000
-9.660254037844387 2.196152422706633 6.000000000000000
-9.660254037844387 2.196152422706633 8.000000000000000
-9.660254037844387 2.196152422706633 10.000000000000000
-10.660254037844387 3.928203230275511 -10.000000000000000
-10.660254037844387 3.928203230275511 -8.000000000000000
-10.660254037844387 3.928203230275511 -6.000000000000000
-10.660254037844387 3.928203230275511 -4.000000000000000
-10.660254037844387 3.928203230275511 -2.000000000000000
-10.660254037844387 3.928203230275511 0.000000000000000
-10.660254037844387 3.928203230275511 2.000000000000000
-10.660254037844387 3.928203230275511 4.000000000000000
-10.660254037844387 3.928203230275511 6.000000000000000
-10.660254037844387 3.928203230275511 8.000000000000000
-10.660254037844387 3.928203230275511 10.000000000000000
-11.660254037844386 5.660254037844388 -10.000000000000000
-11.660254037844386 5.660254037844388 -8.000000000000000
-11.660254037844386 5.660254037844388 -6.000000000000000
-11.660254037844386 5.660254037844388 -4.000000000000000
-11.660254037844386 5.660254037844388 -2.000000000000000
-11.660254037844386 5.660254037844388 0.000000000000000
-11.660254037844386 5.660254037844388 2.000000000000000
-11.660254037844386 5.660254037844388 4.000000000000000
-11.660254037844386 5.660254037844388 6.000000000000000
-11.660254037844386 5.660254037844388 8.000000000000000
-11.660254037844386 5.660254037844388 10.000000000000000
0.071796769724489 -10.660254037844387 -10.000000000000000
0.071796769724489 -10.660254037844387 -8.000000000000000
0.071796769724489 -10.660254037844387 -6.000000000000000
0.071796769724489 -10.660254037844387 -4.000000000000000
0.071796769724489 -10.660254037844387 -2.000000000000000
0.071796769724489 -10.660254037844387 0.000000000000000
0.071796769724489 -10.660254037844387 2.000000000000000
0.071796769724489 -10.660254037844387 4.000000000000000
0.071796769724489 -10.660254037844387 6.000000000000000
0.071796769724489 -10.660254037844387 8.000000000000000
0.071796769724489 -10.660254037844387 10.000000000000000
-0.928203230275510 -8.928203230275509 -10.000000000000000
-0.928203230275510 -8.928203230275509 -8.000000000000000
-0.928203230275510 -8.928203230275509 -6.000000000000000
-0.928203230275510 -8.928203230275509 -4.000000000000000
-0.928203230275510 -8.928203230275509 -2.000000000000000
-0.928203230275510 -8.928203230275509 0.000000000000000
-0.928203230275510 -8.928203230275509 2.000000000000000
-0.928203230275510 -8.928203230275509 4.000000000000000
-0.928203230275510 -8.928203230275509 6.000000000000000
-0.928203230275510 -8.928203230275509 8.000000000000000
-0.928203230275510 -8.928203230275509 10.000000000000000
-1.928203230275510 -7.196152422706632 -10.000000000000000
-1.928203230275510 -7.196152422706632 -8.000000000000000
-1.928203230275510 -7.196152422706632 -6.000000000000000
-1.928203230275510 -7.196152422706632 -4.000000000000000
-1.928203230275510 -7.196152422706632 -2.000000000000000
-1.928203230275510 -7.196152422706632 0.000000000000000
-1.928203230275510 -7.196152422706632 2.000000000000000
-1.928203230275510 -7.196152422706632 4.000000000000000
-1.928203230275510 -7.196152422706632 6.000000000000000
-1.928203230275510 -7.196152422706632 8.000000000000000
-1.928203230275510 -7.196152422706632 10.000000000000000
-2.928203230275510 -5.464101615137754 -10.000000000000000
-2.928203230275510 -5.464101615137754 -8.000000000000000
-2.928203230275510 -5.464101615137754 -6.000000000000000
-2.928203230275510 -5.464101615137754 -4.000000000000000
-2.928203230275510 -5.464101615137754 -2.000000000000000
-2.928203230275510 -5.464101615137754 0.000000000000000
-2.928203230275510 -5.464101615137754 2.000000000000000
-2.928203230275510 -5.464101615137754 4.000000000000000
-2.928203230275510 -5.464101615137754 6.000000000000000
-2.928203230275510 -5.464101615137754 8.000000000000000
-2.928203230275510 -5.464101615137754 10.000000000000000
-3.928203230275510 -3.732050807568877 -10.000000000000000
-3.928203230275510 -3.732050807568877 -8.000000000000000
-3.928203230275510 -3.732050807568877 -6.000000000000000
-3.928203230275510 -3.732050807568877 -4.000000000000000
-3.928203230275510 -3.732050807568877 -2.000000000000000
-3.928203230275510 -3.732050807568877 0.000000000000000
-3.928203230275510 -3.732050807568877 2.000000000000000
-3.928203230275510 -3.732050807568877 4.000000000000000
-3.928203230275510 -3.732050807568877 6.000000000000000
-3.928203230275510 -3.732050807568877 8.000000000000000
-3.928203230275510 -3.732050807568877 10.000000000000000
-4.928203230275510 -2.000000000000000 -10.000000000000000
-4.928203230275510 -2.000000000000000 -8.000000000000000
-4.928203230275510 -2.000000000000000 -6.000000000000000
-4.928203230275510 -2.000000000000000 -4.000000000000000
-4.928203230275510 -2.000000000000000 -2.000000000000000
-4.928203230275510 -2.000000000000000 0.000000000000000
-4.928203230275510 -2.000000000000000 2.000000000000000
-4.928203230275510 -2.000000000000000 4.000000000000000
-4.928203230275510 -2.000000000000000 6.000000000000000
-4.928203230275510 -2.000000000000000 8.000000000000000
-4.928203230275510 -2.000000000000000 10.000000000000000
-5.928203230275510 -0.267949192431122 -10.000000000000000
-5.928203230275510 -0.267949192431122 -8.000000000000000
-5.928203230275510 -0.267949192431122 -6.000000000000000
-5.928203230275510 -0.267949192431122 -4.000000000000000
-5.928203230275510 -0.267949192431122 -2.000000000000000
-5.928203230275510 -0.267949192431122 0.000000000000000
-5.928203230275510 -0.267949192431122 2.000000000000000
-5.928203230275510 -0.267949192431122 4.000000000000000
-5.928203230275510 -0.267949192431122 6.000000000000000
-5.928203230275510 -0.267949192431122 8.000000000000000
-5.928203230275510 -0.267949192431122 10.000000000000000
-6.928203230275509 1.464101615137755 -10.000000000000000
-6.928203230275509 1.464101615137755 -8.000000000000000
-6.928203230275509 1.464101615137755 -6.000000000000000
-6.928203230275509 1.464101615137755 -4.000000000000000
-6.928203230275509 1.464101615137755 -2.000000000000000
-6.928203230275509 1.464101615137755 0.000000000000000
-6.928203230275509 1.464101615137755 2.000000000000000
-6.928203230275509 1.464101615137755 4.000000000000000
-6.928203230275509 1.464101615137755 6.000000000000000
-6.928203230275509 1.464101615137755 8.000000000000000
-6.928203230275509 1.464101615137755 10.000000000000000
-7.928203230275509 3.196152422706632 -10.000000000000000
-7.928203230275509 3.196152422706632 -8.000000000000000
-7.928203230275509 3.196152422706632 -6.000000000000000
-7.928203230275509 3.196152422706632 -4.000000000000000
-7.928203230275509 3.196152422706632 -2.000000000000000
-7.928203230275509 3.196152422706632 0.000000000000000
-7.928203230275509 3.196152422706632 2.000000000000000
-7.928203230275509 3.196152422706632 4.000000000000000
-7.928203230275509 3.196152422706632 6.000000000000000
-7.928203230275509 3.196152422706632 8.000000000000000
-7.928203230275509 3.196152422706632 10.000000000000000
-8.928203230275509 4.928203230275511 -10.000000000000000
-8.928203230275509 4.928203230275511 -8.000000000000000
-8.928203230275509 4.928203230275511 -6.000000000000000
-8.928203230275509 4.928203230275511 -4.000000000000000
-8.928203230275509 4.928203230275511 -2.000000000000000
-8.928203230275509 4.928203230275511 0.000000000000000
-8.928203230275509 4.928203230275511 2.000000000000000
-8.928203230275509 4.928203230275511 4.000000000000000
-8.928203230275509 4.928203230275511 6.000000000000000
-8.928203230275509 4.928203230275511 8.000000000000000
-8.928203230275509 4.928203230275511 10.000000000000000
-9.928203230275509 6.660254037844387 -10.000000000000000
-9.928203230275509 6.660254037844387 -8.000000000000000
-9.928203230275509 6.660254037844387 -6.000000000000000
-9.928203230275509 6.660254037844387 -4.000000000000000
-9.928203230275509 6.660254037844387 -2.000000000000000
-9.928203230275509 6.660254037844387 0.000000000000000
-9.928203230275509 6.660254037844387 2.000000000000000
-9.928203230275509 6.660254037844387 4.000000000000000
-9.928203230275509 6.660254037844387 6.000000000000000
-9.928203230275509 6.660254037844387 8.000000000000000
-9.928203230275509 6.660254037844387 10.000000000000000
1.803847577293367 -9.660254037844387 -10.000000000000000
1.803847577293367 -9.660254037844387 -8.000000000000000
1.803847577293367 -9.660254037844387 -6.000000000000000
1.803847577293367 -9.660254037844387 -4.000000000000000
1.803847577293367 -9.660254037844387 -2.000000000000000
1.803847577293367 -9.660254037844387 0.000000000000000
1.803847577293367 -9.660254037844387 2.000000000000000
1.803847577293367 -9.660254037844387 4.000000000000000
1.803847577293367 -9.660254037844387 6.000000000000000
1.803847577293367 -9.660254037844387 8.000000000000000
1.803847577293367 -9.660254037844387 10.000000000000000
0.803847577293368 -7.928203230275509 -10.000000000000000
0.803847577293368 -7.928203230275509 -8.000000000000000
0.803847577293368 -7.928203230275509 -6.000000000000000
0.803847577293368 -7.928203230275509 -4.000000000000000
0.803847577293368 -7.928203230275509 -2.000000000000000
0.803847577293368 -7.928203230275509 0.000000000000000
0.803847577293368 -7.928203230275509 2.000000000000000
0.803847577293368 -7.928203230275509 4.000000000000000
0.803847577293368 -7.928203230275509 6.000000000000000
0.803847577293368 -7.928203230275509 8.000000000000000
0.803847577293368 -7.928203230275509 10.000000000000000
-0.196152422706632 -6.196152422706632 -10.000000000000000
-0.196152422706632 -6.196152422706632 -8.000000000000000
-0.196152422706632 -6.196152422706632 -6.000000000000000
-0.196152422706632 -6.196152422706632 -4.000000000000000
-0.196152422706632 -6.196152422706632 -2.000000000000000
-0.196152422706632 -6.196152422706632 0.000000000000000
-0.196152422706632 -6.196152422706632 2.000000000000000
-0.196152422706632 -6.196152422706632 4.000000000000000
-0.196152422706632 -6.196152422706632 6.000000000000000
-0.196152422706632 -6.196152422706632 8.000000000000000
-0.196152422706632 -6.196152422706632 10.000000000000000
-1.196152422706632 -4.464101615137754 -10.000000000000000
-1.196152422706632 -4.464101615137754 -8.000000000000000
-1.196152422706632 -4.464101615137754 -6.000000000000000
-1.196152422706632 -4.464101615137754 -4.000000000000000
-1.196152422706632 -4.464101615137754 -2.000000000000000
-1.196152422706632 -4.464101615137754 0.000000000000000
-1.196152422706632 -4.464101615137754 2.000000000000000
-1.196152422706632 -4.464101615137754 4.000000000000000
-1.196152422706632 -4.464101615137754 6.000000000000000
-1.196152422706632 -4.464101615137754 8.000000000000000
-1.196152422706632 -4.464101615137754 10.000000000000000
-2.196152422706632 -2.732050807568877 -10.000000000000000
-2.196152422706632 -2.732050807568877 -8.000000000000000
-2.196152422706632 -2.732050807568877 -6.000000000000000
-2.196152422706632 -2.732050807568877 -4.000000000000000
-2.196152422706632 -2.732050807568877 -2.000000000000000
-2.196152422706632 -2.732050807568877 0.000000000000000
-2.196152422706632 -2.732050807568877 2.000000000000000
-2.196152422706632 -2.732050807568877 4.000000000000000
-2.196152422706632 -2.732050807568877 6.000000000000000
-2.196152422706632 -2.732050807568877 8.000000000000000
-2.196152422706632 -2.732050807568877 10.000000000000000
-3.196152422706632 -1.000000000000000 -10.000000000000000
-3.196152422706632 -1.000000000000000 -8.000000000000000
-3.196152422706632 -1.000000000000000 -6.000000000000000
-3.196152422706632 -1.000000000000000 -4.000000000000000
-3.196152422706632 -1.000000000000000 -2.000000000000000
-3.196152422706632 -1.000000000000000 0.000000000000000
-3.196152422706632 -1.000000000000000 2.000000000000000
-3.196152422706632 -1.000000000000000 4.000000000000000
-3.196152422706632 -1.000000000000000 6.000000000000000
-3.196152422706632 -1.000000000000000 8.000000000000000
-3.196152422706632 -1.000000000000000 10.000000000000000
-4.196152422706632 0.732050807568878 -10.000000000000000
-4.196152422706632 0.732050807568878 -8.000000000000000
-4.196152422706632 0.732050807568878 -6.000000000000000
-4.196152422706632 0.732050807568878 -4.000000000000000
-4.196152422706632 0.732050807568878 -2.000000000000000
-4.196152422706632 0.732050807568878 0.000000000000000
-4.196152422706632 0.732050807568878 2.000000000000000
-4.196152422706632 0.732050807568878 4.000000000000000
-4.196152422706632 0.732050807568878 6.000000000000000
-4.196152422706632 0.732050807568878 8.000000000000000
-4.196152422706632 0.732050807568878 10.000000000000000
-5.196152422706632 2.464101615137755 -10.000000000000000
-5.196152422706632 2.464101615137755 -8.000000000000000
-5.196152422706632 2.464101615137755 -6.000000000000000
-5.196152422706632 2.464101615137755 -4.000000000000000
-5.196152422706632 2.464101615137755 -2.000000000000000
-5.196152422706632 2.464101615137755 0.000000000000000
-5.196152422706632 2.464101615137755 2.000000000000000
-5.196152422706632 2.464101615137755 4.000000000000000
-5.196152422706632 2.464101615137755 6.000000000000000
-5.196152422706632 2.464101615137755 8.000000000000000
-5.196152422706632 2.464101615137755 10.000000000000000
-6.196152422706632 4.196152422706632 -10.000000000000000
-6.196152422706632 4.196152422706632 -8.000000000000000
-6.196152422706632 4.196152422706632 -6.000000000000000
-6.196152422706632 4.196152422706632 -4.000000000000000
-6.196152422706632 4.196152422706632 -2.000000000000000
-6.196152422706632 4.196152422706632 0.000000000000000
-6.196152422706632 4.196152422706632 2.000000000000000
-6.196152422706632 4.196152422706632 4.000000000000000
-6.196152422706632 4.196152422706632 6.000000000000000
-6.196152422706632 4.196152422706632 8.000000000000000
-6.196152422706632 4.196152422706632 10.000000000000000
-7.196152422706632 5.928203230275511 -10.000000000000000
-7.196152422706632 5.928203230275511 -8.000000000000000
-7.196152422706632 5.928203230275511 -6.000000000000000
-7.196152422706632 5.928203230275511 -4.000000000000000
-7.196152422706632 5.928203230275511 -2.000000000000000
-7.196152422706632 5.928203230275511 0.000000000000000
-7.196152422706632 5.928203230275511 2.000000000000000
-7.196152422706632 5.928203230275511 4.000000000000000
-7.196152422706632 5.928203230275511 6.000000000000000
-7.196152422706632 5.928203230275511 8.000000000000000
-7.196152422706632 5.928203230275511 10.000000000000000
-8.196152422706632 7.660254037844387 -10.000000000000000
-8.196152422706632 7.660254037844387 -8.000000000000000
-8.196152422706632 7.660254037844387 -6.000000000000000
-8.196152422706632 7.660254037844387 -4.000000000000000
-8.196152422706632 7.660254037844387 -2.000000000000000
-8.196152422706632 7.660254037844387 0.000000000000000
-8.196152422706632 7.660254037844387 2.000000000000000
-8.196152422706632 7.660254037844387 4.000000000000000
-8.196152422706632 7.660254037844387 6.000000000000000
-8.196152422706632 7.660254037844387 8.000000000000000
-8.196152422706632 7.660254037844387 10.000000000000000
3.535898384862244 -8.660254037844387 -10.000000000000000
3.535898384862244 -8.660254037844387 -8.000000000000000
3.535898384862244 -8.660254037844387 -6.000000000000000
3.535898384862244 -8.660254037844387 -4.000000000000000
3.535898384862244 -8.660254037844387 -2.000000000000000
3.535898384862244 -8.660254037844387 0.000000000000000
3.535898384862244 -8.660254037844387 2.000000000000000
3.535898384862244 -8.660254037844387 4.000000000000000
3.535898384862244 -8.660254037844387 6.000000000000000
3.535898384862244 -8.660254037844387 8.000000000000000
3.535898384862244 -8.660254037844387 10.000000000000000
2.535898384862245 -6.928203230275509 -10.000000000000000
2.535898384862245 -6.928203230275509 -8.000000000000000
2.535898384862245 -6.928203230275509 -6.000000000000000
2.535898384862245 -6.928203230275509 -4.000000000000000
2.535898384862245 -6.928203230275509 -2.000000000000000
2.535898384862245 -6.928203230275509 0.000000000000000
2.535898384862245 -6.928203230275509 2.000000000000000
2.535898384862245 -6.928203230275509 4.000000000000000
2.535898384862245 -6.928203230275509 6.000000000000000
2.535898384862245 -6.928203230275509 8.000000000000000
2.535898384862245 -6.928203230275509 10.000000000000000
1.535898384862245 -5.196152422706632 -10.000000000000000
1.535898384862245 -5.196152422706632 -8.000000000000000
1.535898384862245 -5.196152422706632 -6.000000000000000
1.535898384862245 -5.196152422706632 -4.000000000000000
1.535898384862245 -5.196152422706632 -2.000000000000000
1.535898384862245 -5.196152422706632 0.000000000000000
1.535898384862245 -5.196152422706632 2.000000000000000
1.535898384862245 -5.196152422706632 4.000000000000000
1.535898384862245 -5.196152422706632 6.000000000000000
1.535898384862245 -5.196152422706632 8.000000000000000
1.535898384862245 -5.196152422706632 10.000000000000000
0.535898384862245 -3.464101615137754 -10.000000000000000
0.535898384862245 -3.464101615137754 -8.000000000000000
0.535898384862245 -3.464101615137754 -6.000000000000000
0.535898384862245 -3.464101615137754 -4.000000000000000
0.535898384862245 -3.464101615137754 -2.000000000000000
0.535898384862245 -3.464101615137754 0.000000000000000
0.535898384862245 -3.464101615137754 2.000000000000000
0.535898384862245 -3.464101615137754 4.000000000000000
0.535898384862245 -3.464101615137754 6.000000000000000
0.535898384862245 -3.464101615137754 8.000000000000000
0.535898384862245 -3.464101615137754 10.000000000000000
-0.464101615137755 -1.732050807568877 -10.000000000000000
-0.464101615137755 -1.732050807568877 -8.000000000000000
-0.464101615137755 -1.732050807568877 -6.000000000000000
-0.464101615137755 -1.732050807568877 -4.000000000000000
-0.464101615137755 -1.732050807568877 -2.000000000000000
-0.464101615137755 -1.732050807568877 0.000000000000000
-0.464101615137755 -1.732050807568877 2.000000000000000
-0.464101615137755 -1.732050807568877 4.000000000000000
-0.464101615137755 -1.732050807568877 6.000000000000000
-0.464101615137755 -1.732050807568877 8.000000000000000
-0.464101615137755 -1.732050807568877 10.000000000000000
-1.464101615137755 0.000000000000000 -10.000000000000000
-1.464101615137755 0.000000000000000 -8.000000000000000
-1.464101615137755 0.000000000000000 -6.000000000000000
-1.464101615137755 0.000000000000000 -4.000000000000000
-1.464101615137755 0.000000000000000 -2.000000000000000
-1.464101615137755 0.000000000000000 0.000000000000000
-1.464101615137755 0.000000000000000 2.000000000000000
-1.464101615137755 0.000000000000000 4.000000000000000
-1.464101615137755 0.000000000000000 6.000000000000000
-1.464101615137755 0.000000000000000 8.000000000000000
-1.464101615137755 0.000000000000000 10.000000000000000
-2.464101615137754 1.732050807568878 -10.000000000000000
-2.464101615137754 1.732050807568878 -8.000000000000000
-2.464101615137754 1.732050807568878 -6.000000000000000
-2.464101615137754 1.732050807568878 -4.000000000000000
-2.464101615137754 1.732050807568878 -2.000000000000000
-2.464101615137754 1.732050807568878 0.000000000000000
-2.464101615137754 1.732050807568878 2.000000000000000
-2.464101615137754 1.732050807568878 4.000000000000000
-2.464101615137754 1.732050807568878 6.000000000000000
-2.464101615137754 1.732050807568878 8.000000000000000
-2.464101615137754 1.732050807568878 10.000000000000000
-3.464101615137754 3.464101615137755 -10.000000000000000
-3.464101615137754 3.464101615137755 -8.000000000000000
-3.464101615137754 3.464101615137755 -6.000000000000000
-3.464101615137754 3.464101615137755 -4.000000000000000
-3.464101615137754 3.464101615137755 -2.000000000000000
-3.464101615137754 3.464101615137755 0.000000000000000
-3.464101615137754 3.464101615137755 2.000000000000000
-3.464101615137754 3.464101615137755 4.000000000000000
-3.464101615137754 3.464101615137755 6.000000000000000
-3.464101615137754 3.464101615137755 8.000000000000000
-3.464101615137754 3.464101615137755 10.000000000000000
-4.464101615137754 5.196152422706632 -10.000000000000000
-4.464101615137754 5.196152422706632 -8.000000000000000
-4.464101615137754 5.196152422706632 -6.000000000000000
-4.464101615137754 5.196152422706632 -4.000000000000000
-4.464101615137754 5.196152422706632 -2.000000000000000
-4.464101615137754 5.196152422706632 0.000000000000000
-4.464101615137754 5.196152422706632 2.000000000000000
-4.464101615137754 5.196152422706632 4.000000000000000
-4.464101615137754 5.196152422706632 6.000000000000000
-4.464101615137754 5.196152422706632 8.000000000000000
-4.464101615137754 5.196152422706632 10.000000000000000
-5.464101615137754 6.928203230275510 -10.000000000000000
-5.464101615137754 6.928203230275510 -8.000000000000000
-5.464101615137754 6.928203230275510 -6.000000000000000
-5.464101615137754 6.928203230275510 -4.000000000000000
-5.464101615137754 6.928203230275510 -2.000000000000000
-5.464101615137754 6.928203230275510 0.000000000000000
-5.464101615137754 6.928203230275510 2.000000000000000
-5.464101615137754 6.928203230275510 4.000000000000000
-5.464101615137754 6.928203230275510 6.000000000000000
-5.464101615137754 6.928203230275510 8.000000000000000
-5.464101615137754 6.928203230275510 10.000000000000000
-6.464101615137753 8.660254037844387 -10.000000000000000
-6.464101615137753 8.660254037844387 -8.000000000000000
-6.464101615137753 8.660254037844387 -6.000000000000000
-6.464101615137753 8.660254037844387 -4.000000000000000
-6.464101615137753 8.660254037844387 -2.000000000000000
-6.464101615137753 8.660254037844387 0.000000000000000
-6.464101615137753 8.660254037844387 2.000000000000000
-6.464101615137753 8.660254037844387 4.000000000000000
-6.464101615137753 8.660254037844387 6.000000000000000
-6.464101615137753 8.660254037844387 8.000000000000000
-6.464101615137753 8.660254037844387 10.000000000000000
5.267949192431121 -7.660254037844387 -10.000000000000000
5.267949192431121 -7.660254037844387 -8.000000000000000
5.267949192431121 -7.660254037844387 -6.000000000000000
5.267949192431121 -7.660254037844387 -4.000000000000000
5.267949192431121 -7.660254037844387 -2.000000000000000
5.267949192431121 -7.660254037844387 0.000000000000000
5.267949192431121 -7.660254037844387 2.000000000000000
5.267949192431121 -7.660254037844387 4.000000000000000
5.267949192431121 -7.660254037844387 6.000000000000000
5.267949192431121 -7.660254037844387 8.000000000000000
5.267949192431121 -7.660254037844387 10.000000000000000
4.267949192431121 -5.928203230275510 -10.000000000000000
4.267949192431121 -5.928203230275510 -8.000000000000000
4.267949192431121 -5.928203230275510 -6.000000000000000
4.267949192431121 -5.928203230275510 -4.000000000000000
4.267949192431121 -5.928203230275510 -2.000000000000000
4.267949192431121 -5.928203230275510 0.000000000000000
4.267949192431121 -5.928203230275510 2.000000000000000
4.267949192431121 -5.928203230275510 4.000000000000000
4.267949192431121 -5.928203230275510 6.000000000000000
4.267949192431121 -5.928203230275510 8.000000000000000
4.267949192431121 -5.928203230275510 10.000000000000000
3.267949192431122 -4.196152422706632 -10.000000000000000
3.267949192431122 -4.196152422706632 -8.000000000000000
3.267949192431122 -4.196152422706632 -6.000000000000000
3.267949192431122 -4.196152422706632 -4.000000000000000
3.267949192431122 -4.196152422706632 -2.000000000000000
3.267949192431122 -4.196152422706632 0.000000000000000
3.267949192431122 -4.196152422706632 2.000000000000000
3.267949192431122 -4.196152422706632 4.000000000000000
3.267949192431122 -4.196152422706632 6.000000000000000
3.267949192431122 -4.196152422706632 8.000000000000000
3.267949192431122 -4.196152422706632 10.000000000000000
2.267949192431122 -2.464101615137754 -10.000000000000000
2.267949192431122 -2.464101615137754 -8.000000000000000
2.267949192431122 -2.464101615137754 -6.000000000000000
2.267949192431122 -2.464101615137754 -4.000000000000000
2.267949192431122 -2.464101615137754 -2.000000000000000
2.267949192431122 -2.464101615137754 0.000000000000000
2.267949192431122 -2.464101615137754 2.000000000000000
2.267949192431122 -2.464101615137754 4.000000000000000
2.267949192431122 -2.464101615137754 6.000000000000000
2.267949192431122 -2.464101615137754 8.000000000000000
2.267949192431122 -2.464101615137754 10.000000000000000
1.267949192431122 -0.732050807568877 -10.000000000000000
1.267949192431122 -0.732050807568877 -8.000000000000000
1.267949192431122 -0.732050807568877 -6.000000000000000
1.267949192431122 -0.732050807568877 -4.000000000000000
1.267949192431122 -0.732050807568877 -2.000000000000000
1.267949192431122 -0.732050807568877 0.000000000000000
1.267949192431122 -0.732050807568877 2.000000000000000
1.267949192431122 -0.732050807568877 4.000000000000000
1.267949192431122 -0.732050807568877 6.000000000000000
1.267949192431122 -0.732050807568877 8.000000000000000
1.267949192431122 -0.732050807568877 10.000000000000000
0.267949192431123 1.000000000000000 -10.000000000000000
0.267949192431123 1.000000000000000 -8.000000000000000
0.267949192431123 1.000000000000000 -6.000000000000000
0.267949192431123 1.000000000000000 -4.000000000000000
0.267949192431123 1.000000000000000 -2.000000000000000
0.267949192431123 1.000000000000000 0.000000000000000
0.267949192431123 1.000000000000000 2.000000000000000
0.267949192431123 1.000000000000000 4.000000000000000
0.267949192431123 1.000000000000000 6.000000000000000
0.267949192431123 1.000000000000000 8.000000000000000
0.267949192431123 1.000000000000000 10.000000000000000
-0.732050807568877 2.732050807568878 -10.000000000000000
-0.732050807568877 2.732050807568878 -8.000000000000000
-0.732050807568877 2.732050807568878 -6.000000000000000
-0.732050807568877 2.732050807568878 -4.000000000000000
-0.732050807568877 2.732050807568878 -2.000000000000000
-0.732050807568877 2.732050807568878 0.000000000000000
-0.732050807568877 2.732050807568878 2.000000000000000
-0.732050807568877 2.732050807568878 4.000000000000000
-0.732050807568877 2.732050807568878 6.000000000000000
-0.732050807568877 2.732050807568878 8.000000000000000
-0.732050807568877 2.732050807568878 10.000000000000000
-1.732050807568877 4.464101615137755 -10.000000000000000
-1.732050807568877 4.464101615137755 -8.000000000000000
-1.732050807568877 4.464101615137755 -6.000000000000000
-1.732050807568877 4.464101615137755 -4.000000000000000
-1.732050807568877 4.464101615137755 -2.000000000000000
-1.732050807568877 4.464101615137755 0.000000000000000
-1.732050807568877 4.464101615137755 2.000000000000000
-1.732050807568877 4.464101615137755 4.000000000000000
-1.732050807568877 4.464101615137755 6.000000000000000
-1.732050807568877 4.464101615137755 8.000000000000000
-1.732050807568877 4.464101615137755 10.000000000000000
-2.732050807568877 6.196152422706632 -10.000000000000000
-2.732050807568877 6.196152422706632 -8.000000000000000
-2.732050807568877 6.196152422706632 -6.000000000000000
-2.732050807568877 6.196152422706632 -4.000000000000000
-2.732050807568877 6.196152422706632 -2.000000000000000
-2.732050807568877 6.196152422706632 0.000000000000000
-2.732050807568877 6.196152422706632 2.000000000000000
-2.732050807568877 6.196152422706632 4.000000000000000
-2.732050807568877 6.196152422706632 6.000000000000000
-2.732050807568877 6.196152422706632 8.000000000000000
-2.732050807568877 6.196152422706632 10.000000000000000
-3.732050807568877 7.928203230275510 -10.000000000000000
-3.732050807568877 7.928203230275510 -8.000000000000000
-3.732050807568877 7.928203230275510 -6.000000000000000
-3.732050807568877 7.928203230275510 -4.000000000000000
-3.732050807568877 7.928203230275510 -2.000000000000000
-3.732050807568877 7.928203230275510 0.000000000000000
-3.732050807568877 7.928203230275510 2.000000000000000
-3.732050807568877 7.928203230275510 4.000000000000000
-3.732050807568877 7.928203230275510 6.000000000000000
-3.732050807568877 7.928203230275510 8.000000000000000
-3.732050807568877 7.928203230275510 10.000000000000000
-4.732050807568877 9.660254037844387 -10.000000000000000
-4.732050807568877 9.660254037844387 -8.000000000000000
-4.732050807568877 9.660254037844387 -6.000000000000000
-4.732050807568877 9.660254037844387 -4.000000000000000
-4.732050807568877 9.660254037844387 -2.000000000000000
-4.732050807568877 9.660254037844387 0.000000000000000
-4.732050807568877 9.660254037844387 2.000000000000000
-4.732050807568877 9.660254037844387 4.000000000000000
-4.732050807568877 9.660254037844387 6.000000000000000
-4.732050807568877 9.660254037844387 8.000000000000000
-4.732050807568877 9.660254037844387 10.000000000000000
6.999999999999999 -6.660254037844387 -10.000000000000000
6.999999999999999 -6.660254037844387 -8.000000000000000
6.999999999999999 -6.660254037844387 -6.000000000000000
6.999999999999999 -6.660254037844387 -4.000000000000000
6.999999999999999 -6.660254037844387 -2.000000000000000
6.999999999999999 -6.660254037844387 0.000000000000000
6.999999999999999 -6.660254037844387 2.000000000000000
6.999999999999999 -6.660254037844387 4.000000000000000
6.999999999999999 -6.660254037844387 6.000000000000000
6.999999999999999 -6.660254037844387 8.000000000000000
6.999999999999999 -6.660254037844387 10.000000000000000
6.000000000000000 -4.928203230275510 -10.000000000000000
6.000000000000000 -4.928203230275510 -8.000000000000000
6.000000000000000 -4.928203230275510 -6.000000000000000
6.000000000000000 -4.928203230275510 -4.000000000000000
6.000000000000000 -4.928203230275510 -2.000000000000000
6.000000000000000 -4.928203230275510 0.000000000000000
6.000000000000000 -4.928203230275510 2.000000000000000
6.000000000000000 -4.928203230275510 4.000000000000000
6.000000000000000 -4.928203230275510 6.000000000000000
6.000000000000000 -4.928203230275510 8.000000000000000
6.000000000000000 -4.928203230275510 10.000000000000000
5.000000000000000 -3.196152422706632 -10.000000000000000
5.000000000000000 -3.196152422706632 -8.000000000000000
5.000000000000000 -3.196152422706632 -6.000000000000000
5.000000000000000 -3.196152422706632 -4.000000000000000
5.000000000000000 -3.196152422706632 -2.000000000000000
5.000000000000000 -3.196152422706632 0.000000000000000
5.000000000000000 -3.196152422706632 2.000000000000000
5.000000000000000 -3.196152422706632 4.000000000000000
5.000000000000000 -3.196152422706632 6.000000000000000
5.000000000000000 -3.196152422706632 8.000000000000000
5.000000000000000 -3.196152422706632 10.000000000000000
4.000000000000000 -1.464101615137755 -10.000000000000000
4.000000000000000 -1.464101615137755 -8.000000000000000
4.000000000000000 -1.464101615137755 -6.000000000000000
4.000000000000000 -1.464101615137755 -4.000000000000000
4.000000000000000 -1.464101615137755 -2.000000000000000
4.000000000000000 -1.464101615137755 0.000000000000000
4.000000000000000 -1.464101615137755 2.000000000000000
4.000000000000000 -1.464101615137755 4.000000000000000
4.000000000000000 -1.464101615137755 6.000000000000000
4.000000000000000 -1.464101615137755 8.000000000000000
4.000000000000000 -1.464101615137755 10.000000000000000
3.000000000000000 0.267949192431123 -10.000000000000000
3.000000000000000 0.267949192431123 -8.000000000000000
3.000000000000000 0.267949192431123 -6.000000000000000
3.000000000000000 0.267949192431123 -4.000000000000000
3.000000000000000 0.267949192431123 -2.000000000000000
3.000000000000000 0.267949192431123 0.000000000000000
3.000000000000000 0.267949192431123 2.000000000000000
3.000000000000000 0.267949192431123 4.000000000000000
3.000000000000000 0.267949192431123 6.000000000000000
3.000000000000000 0.267949192431123 8.000000000000000
3.000000000000000 0.267949192431123 10.000000000000000
2.000000000000000 2.000000000000000 -10.000000000000000
2.000000000000000 2.000000000000000 -8.000000000000000
2.000000000000000 2.000000000000000 -6.000000000000000
2.000000000000000 2.000000000000000 -4.000000000000000
2.000000000000000 2.000000000000000 -2.000000000000000
2.000000000000000 2.000000000000000 0.000000000000000
2.000000000000000 2.000000000000000 2.000000000000000
2.000000000000000 2.000000000000000 4.000000000000000
2.000000000000000 2.000000000000000 6.000000000000000
2.000000000000000 2.000000000000000 8.000000000000000
2.000000000000000 2.000000000000000 10.000000000000000
1.000000000000000 3.732050807568877 -10.000000000000000
1.000000000000000 3.732050807568877 -8.000000000000000
1.000000000000000 3.732050807568877 -6.000000000000000
1.000000000000000 3.732050807568877 -4.000000000000000
1.000000000000000 3.732050807568877 -2.000000000000000
1.000000000000000 3.732050807568877 0.000000000000000
1.000000000000000 3.732050807568877 2.000000000000000
1.000000000000000 3.732050807568877 4.000000000000000
1.000000000000000 3.732050807568877 6.000000000000000
1.000000000000000 3.732050807568877 8.000000000000000
1.000000000000000 3.732050807568877 10.000000000000000
0.000000000000000 5.464101615137755 -10.000000000000000
0.000000000000000 5.464101615137755 -8.000000000000000
0.000000000000000 5.464101615137755 -6.000000000000000
0.000000000000000 5.464101615137755 -4.000000000000000
0.000000000000000 5.464101615137755 -2.000000000000000
0.000000000000000 5.464101615137755 0.000000000000000
0.000000000000000 5.464101615137755 2.000000000000000
0.000000000000000 5.464101615137755 4.000000000000000
0.000000000000000 5.464101615137755 6.000000000000000
0.000000000000000 5.464101615137755 8.000000000000000
0.000000000000000 5.464101615137755 10.000000000000000
-1.000000000000000 7.196152422706632 -10.000000000000000
-1.000000000000000 7.196152422706632 -8.000000000000000
-1.000000000000000 7.196152422706632 -6.000000000000000
-1.000000000000000 7.196152422706632 -4.000000000000000
-1.000000000000000 7.196152422706632 -2.000000000000000
-1.000000000000000 7.196152422706632 0.000000000000000
-1.000000000000000 7.196152422706632 2.000000000000000
-1.000000000000000 7.196152422706632 4.000000000000000
-1.000000000000000 7.196152422706632 6.000000000000000
-1.000000000000000 7.196152422706632 8.000000000000000
-1.000000000000000 7.196152422706632 10.000000000000000
-2.000000000000000 8.928203230275511 -10.000000000000000
-2.000000000000000 8.928203230275511 -8.000000000000000
-2.000000000000000 8.928203230275511 -6.000000000000000
-2.000000000000000 8.928203230275511 -4.000000000000000
-2.000000000000000 8.928203230275511 -2.000000000000000
-2.000000000000000 8.928203230275511 0.000000000000000
-2.000000000000000 8.928203230275511 2.000000000000000
-2.000000000000000 8.928203230275511 4.000000000000000
-2.000000000000000 8.928203230275511 6.000000000000000
-2.000000000000000 8.928203230275511 8.000000000000000
-2.000000000000000 8.928203230275511 10.000000000000000
-2.999999999999999 10.660254037844387 -10.000000000000000
-2.999999999999999 10.660254037844387 -8.000000000000000
-2.999999999999999 10.660254037844387 -6.000000000000000
-2.999999999999999 10.660254037844387 -4.000000000000000
-2.999999999999999 10.660254037844387 -2.000000000000000
-2.999999999999999 10.660254037844387 0.000000000000000
-2.999999999999999 10.660254037844387 2.000000000000000
-2.999999999999999 10.660254037844387 4.000000000000000
-2.999999999999999 10.660254037844387 6.000000000000000
-2.999999999999999 10.660254037844387 8.000000000000000
-2.999999999999999 10.660254037844387 10.000000000000000
8.732050807568877 -5.660254037844387 -10.000000000000000
8.732050807568877 -5.660254037844387 -8.000000000000000
8.732050807568877 -5.660254037844387 -6.000000000000000
8.732050807568877 -5.660254037844387 -4.000000000000000
8.732050807568877 -5.660254037844387 -2.000000000000000
8.732050807568877 -5.660254037844387 0.000000000000000
8.732050807568877 -5.660254037844387 2.000000000000000
8.732050807568877 -5.660254037844387 4.000000000000000
8.732050807568877 -5.660254037844387 6.000000000000000
8.732050807568877 -5.660254037844387 8.000000000000000
8.732050807568877 -5.660254037844387 10.000000000000000
7.732050807568877 -3.928203230275510 -10.000000000000000
7.732050807568877 -3.928203230275510 -8.000000000000000
7.732050807568877 -3.928203230275510 -6.000000000000000
7.732050807568877 -3.928203230275510 -4.000000000000000
7.732050807568877 -3.928203230275510 -2.000000000000000
7.732050807568877 -3.928203230275510 0.000000000000000
7.732050807568877 -3.928203230275510 2.000000000000000
7.732050807568877 -3.928203230275510 4.000000000000000
7.732050807568877 -3.928203230275510 6.000000000000000
7.732050807568877 -3.928203230275510 8.000000000000000
7.732050807568877 -3.928203230275510 10.000000000000000
6.732050807568877 -2.196152422706632 -10.000000000000000
6.732050807568877 -2.196152422706632 -8.000000000000000
6.732050807568877 -2.196152422706632 -6.000000000000000
6.732050807568877 -2.196152422706632 -4.000000000000000
6.732050807568877 -2.196152422706632 -2.000000000000000
6.732050807568877 -2.196152422706632 0.000000000000000
6.732050807568877 -2.196152422706632 2.000000000000000
6.732050807568877 -2.196152422706632 4.000000000000000
6.732050807568877 -2.196152422706632 6.000000000000000
6.732050807568877 -2.196152422706632 8.000000000000000
6.732050807568877 -2.196152422706632 10.000000000000000
5.732050807568877 -0.464101615137755 -10.000000000000000
5.732050807568877 -0.464101615137755 -8.000000000000000
5.732050807568877 -0.464101615137755 -6.000000000000000
5.732050807568877 -0.464101615137755 -4.000000000000000
5.732050807568877 -0.464101615137755 -2.000000000000000
5.732050807568877 -0.464101615137755 0.000000000000000
5.732050807568877 -0.464101615137755 2.000000000000000
5.732050807568877 -0.464101615137755 4.000000000000000
5.732050807568877 -0.464101615137755 6.000000000000000
5.732050807568877 -0.464101615137755 8.000000000000000
5.732050807568877 -0.464101615137755 10.000000000000000
4.732050807568877 1.267949192431122 -10.000000000000000
4.732050807568877 1.267949192431122 -8.000000000000000
4.732050807568877 1.267949192431122 -6.000000000000000
4.732050807568877 1.267949192431122 -4.000000000000000
4.732050807568877 1.267949192431122 -2.000000000000000
4.732050807568877 1.267949192431122 0.000000000000000
4.732050807568877 1.267949192431122 2.000000000000000
4.732050807568877 1.267949192431122 4.000000000000000
4.732050807568877 1.267949192431122 6.000000000000000
4.732050807568877 1.267949192431122 8.000000000000000
4.732050807568877 1.267949192431122 10.000000000000000
3.732050807568877 3.000000000000000 -10.000000000000000
3.732050807568877 3.000000000000000 -8.000000000000000
3.732050807568877 3.000000000000000 -6.000000000000000
3.732050807568877 3.000000000000000 -4.000000000000000
3.732050807568877 3.000000000000000 -2.000000000000000
3.732050807568877 3.000000000000000 0.000000000000000
3.732050807568877 3.000000000000000 2.000000000000000
3.732050807568877 3.000000000000000 4.000000000000000
3.732050807568877 3.000000000000000 6.000000000000000
3.732050807568877 3.000000000000000 8.000000000000000
3.732050807568877 3.000000000000000 10.000000000000000
2.732050807568878 4.732050807568877 -10.000000000000000
2.732050807568878 4.732050807568877 -8.000000000000000
2.732050807568878 4.732050807568877 -6.000000000000000
2.732050807568878 4.732050807568877 -4.000000000000000
2.732050807568878 4.732050807568877 -2.000000000000000
2.732050807568878 4.732050807568877 0.000000000000000
2.732050807568878 4.732050807568877 2.000000000000000
2.732050807568878 4.732050807568877 4.000000000000000
2.732050807568878 4.732050807568877 6.000000000000000
2.732050807568878 4.732050807568877 8.000000000000000
2.732050807568878 4.732050807568877 10.000000000000000
1.732050807568878 6.464101615137754 -10.000000000000000
1.732050807568878 6.464101615137754 -8.000000000000000
1.732050807568878 6.464101615137754 -6.000000000000000
1.732050807568878 6.464101615137754 -4.000000000000000
1.732050807568878 6.464101615137754 -2.000000000000000
1.732050807568878 6.464101615137754 0.000000000000000
1.732050807568878 6.464101615137754 2.000000000000000
1.732050807568878 6.464101615137754 4.000000000000000
1.732050807568878 6.464101615137754 6.000000000000000
1.732050807568878 6.464101615137754 8.000000000000000
1.732050807568878 6.464101615137754 10.000000000000000
0.732050807568878 8.196152422706632 -10.000000000000000
0.732050807568878 8.196152422706632 -8.000000000000000
0.732050807568878 8.196152422706632 -6.000000000000000
0.732050807568878 8.196152422706632 -4.000000000000000
0.732050807568878 8.196152422706632 -2.000000000000000
0.732050807568878 8.196152422706632 0.000000000000000
0.732050807568878 8.196152422706632 2.000000000000000
0.732050807568878 8.196152422706632 4.000000000000000
0.732050807568878 8.196152422706632 6.000000000000000
0.732050807568878 8.196152422706632 8.000000000000000
0.732050807568878 8.196152422706632 10.000000000000000
-0.267949192431122 9.928203230275511 -10.000000000000000
-0.267949192431122 9.928203230275511 -8.000000000000000
-0.267949192431122 9.928203230275511 -6.000000000000000
-0.267949192431122 9.928203230275511 -4.000000000000000
-0.267949192431122 9.928203230275511 -2.000000000000000
-0.267949192431122 9.928203230275511 0.000000000000000
-0.267949192431122 9.928203230275511 2.000000000000000
-0.267949192431122 9.928203230275511 4.000000000000000
-0.267949192431122 9.928203230275511 6.000000000000000
-0.267949192431122 9.928203230275511 8.000000000000000
-0.267949192431122 9.928203230275511 10.000000000000000
-1.267949192431121 11.660254037844387 -10.000000000000000
-1.267949192431121 11.660254037844387 -8.000000000000000
-1.267949192431121 11.660254037844387 -6.000000000000000
-1.267949192431121 11.660254037844387 -4.000000000000000
-1.267949192431121 11.660254037844387 -2.000000000000000
-1.267949192431121 11.660254037844387 0.000000000000000
-1.267949192431121 11.660254037844387 2.000000000000000
-1.267949192431121 11.660254037844387 4.000000000000000
-1.267949192431121 11.660254037844387 6.000000000000000
-1.267949192431121 11.660254037844387 8.000000000000000
-1.267949192431121 11.660254037844387 10.000000000000000
10.464101615137753 -4.660254037844387 -10.000000000000000
10.464101615137753 -4.660254037844387 -8.000000000000000
10.464101615137753 -4.660254037844387 -6.000000000000000
10.464101615137753 -4.660254037844387 -4.000000000000000
10.464101615137753 -4.660254037844387 -2.000000000000000
10.464101615137753 -4.660254037844387 0.000000000000000
10.464101615137753 -4.660254037844387 2.000000000000000
10.464101615137753 -4.660254037844387 4.000000000000000
10.464101615137753 -4.660254037844387 6.000000000000000
10.464101615137753 -4.660254037844387 8.000000000000000
10.464101615137753 -4.660254037844387 10.000000000000000
9.464101615137753 -2.928203230275510 -10.000000000000000
9.464101615137753 -2.928203230275510 -8.000000000000000
9.464101615137753 -2.928203230275510 -6.000000000000000
9.464101615137753 -2.928203230275510 -4.000000000000000
9.464101615137753 -2.928203230275510 -2.000000000000000
9.464101615137753 -2.928203230275510 0.000000000000000
9.464101615137753 -2.928203230275510 2.000000000000000
9.464101615137753 -2.928203230275510 4.000000000000000
9.464101615137753 -2.928203230275510 6.000000000000000
9.464101615137753 -2.928203230275510 8.000000000000000
9.464101615137753 -2.928203230275510 10.000000000000000
8.464101615137753 -1.196152422706632 -10.000000000000000
8.464101615137753 -1.196152422706632 -8.000000000000000
8.464101615137753 -1.196152422706632 -6.000000000000000
8.464101615137753 -1.196152422706632 -4.000000000000000
8.464101615137753 -1.196152422706632 -2.000000000000000
8.464101615137753 -1.196152422706632 0.000000000000000
8.464101615137753 -1.196152422706632 2.000000000000000
8.464101615137753 -1.196152422706632 4.000000000000000
8.464101615137753 -1.196152422706632 6.000000000000000
8.464101615137753 -1.196152422706632 8.000000000000000
8.464101615137753 -1.196152422706632 10.000000000000000
7.464101615137754 0.535898384862245 -10.000000000000000
7.464101615137754 0.535898384862245 -8.000000000000000
7.464101615137754 0.535898384862245 -6.000000000000000
7.464101615137754 0.535898384862245 -4.000000000000000
7.464101615137754 0.535898384862245 -2.000000000000000
7.464101615137754 0.535898384862245 0.000000000000000
7.464101615137754 0.535898384862245 2.000000000000000
7.464101615137754 0.535898384862245 4.000000000000000
7.464101615137754 0.535898384862245 6.000000000000000
7.464101615137754 0.535898384862245 8.000000000000000
7.464101615137754 0.535898384862245 10.000000000000000
6.464101615137754 2.267949192431122 -10.000000000000000
6.464101615137754 2.267949192431122 -8.000000000000000
6.464101615137754 2.267949192431122 -6.000000000000000
6.464101615137754 2.267949192431122 -4.000000000000000
6.464101615137754 2.267949192431122 -2.000000000000000
6.464101615137754 2.267949192431122 0.000000000000000
6.464101615137754 2.267949192431122 2.000000000000000
6.464101615137754 2.267949192431122 4.000000000000000
6.464101615137754 2.267949192431122 6.000000000000000
6.464101615137754 2.267949192431122 8.000000000000000
6.464101615137754 2.267949192431122 10.000000000000000
5.464101615137755 4.000000000000000 -10.000000000000000
5.464101615137755 4.000000000000000 -8.000000000000000
5.464101615137755 4.000000000000000 -6.000000000000000
5.464101615137755 4.000000000000000 -4.000000000000000
5.464101615137755 4.000000000000000 -2.000000000000000
5.464101615137755 4.000000000000000 0.000000000000000
5.464101615137755 4.000000000000000 2.000000000000000
5.464101615137755 4.000000000000000 4.000000000000000
5.464101615137755 4.000000000000000 6.000000000000000
5.464101615137755 4.000000000000000 8.000000000000000
5.464101615137755 4.000000000000000 10.000000000000000
4.464101615137755 5.732050807568877 -10.000000000000000
4.464101615137755 5.732050807568877 -8.000000000000000
4.464101615137755 5.732050807568877 -6.000000000000000
4.464101615137755 5.732050807568877 -4.000000000000000
4.464101615137755 5.732050807568877 -2.000000000000000
4.464101615137755 5.732050807568877 0.000000000000000
4.464101615137755 5.732050807568877 2.000000000000000
4.464101615137755 5.732050807568877 4.000000000000000
4.464101615137755 5.732050807568877 6.000000000000000
4.464101615137755 5.732050807568877 8.000000000000000
4.464101615137755 5.732050807568877 10.000000000000000
3.464101615137755 7.464101615137754 -10.000000000000000
3.464101615137755 7.464101615137754 -8.000000000000000
3.464101615137755 7.464101615137754 -6.000000000000000
3.464101615137755 7.464101615137754 -4.000000000000000
3.464101615137755 7.464101615137754 -2.000000000000000
3.464101615137755 7.464101615137754 0.000000000000000
3.464101615137755 7.464101615137754 2.000000000000000
3.464101615137755 7.464101615137754 4.000000000000000
3.464101615137755 7.464101615137754 6.000000000000000
3.464101615137755 7.464101615137754 8.000000000000000
3.464101615137755 7.464101615137754 10.000000000000000
2.464101615137755 9.196152422706632 -10.000000000000000
2.464101615137755 9.196152422706632 -8.000000000000000
2.464101615137755 9.196152422706632 -6.000000000000000
2.464101615137755 9.196152422706632 -4.000000000000000
2.464101615137755 9.196152422706632 -2.000000000000000
2.464101615137755 9.196152422706632 0.000000000000000
2.464101615137755 9.196152422706632 2.000000000000000
2.464101615137755 9.196152422706632 4.000000000000000
2.464101615137755 9.196152422706632 6.000000000000000
2.464101615137755 9.196152422706632 8.000000000000000
2.464101615137755 9.196152422706632 10.000000000000000
1.464101615137755 10.928203230275509 -10.000000000000000
1.464101615137755 10.928203230275509 -8.000000000000000
1.464101615137755 10.928203230275509 -6.000000000000000
1.464101615137755 10.928203230275509 -4.000000000000000
1.464101615137755 10.928203230275509 -2.000000000000000
1.464101615137755 10.928203230275509 0.000000000000000
1.464101615137755 10.928203230275509 2.000000000000000
1.464101615137755 10.928203230275509 4.000000000000000
1.464101615137755 10.928203230275509 6.000000000000000
1.464101615137755 10.928203230275509 8.000000000000000
1.464101615137755 10.928203230275509 10.000000000000000
0.464101615137756 12.660254037844387 -10.000000000000000
0.464101615137756 12.660254037844387 -8.000000000000000
0.464101615137756 12.660254037844387 -6.000000000000000
0.464101615137756 12.660254037844387 -4.000000000000000
0.464101615137756 12.660254037844387 -2.000000000000000
0.464101615137756 12.660254037844387 0.000000000000000
0.464101615137756 12.660254037844387 2.000000000000000
0.464101615137756 12.660254037844387 4.000000000000000
0.464101615137756 12.660254037844387 6.000000000000000
0.464101615137756 12.660254037844387 8.000000000000000
0.464101615137756 12.660254037844387 10.000000000000000
12.196152422706632 -3.660254037844387 -10.000000000000000
12.196152422706632 -3.660254037844387 -8.000000000000000
12.196152422706632 -3.660254037844387 -6.000000000000000
12.196152422706632 -3.660254037844387 -4.000000000000000
12.196152422706632 -3.660254037844387 -2.000000000000000
12.196152422706632 -3.660254037844387 0.000000000000000
12.196152422706632 -3.660254037844387 2.000000000000000
12.196152422706632 -3.660254037844387 4.000000000000000
12.196152422706632 -3.660254037844387 6.000000000000000
12.196152422706632 -3.660254037844387 8.000000000000000
12.196152422706632 -3.660254037844387 10.000000000000000
11.196152422706632 -1.928203230275510 -10.000000000000000
11.196152422706632 -1.928203230275510 -8.000000000000000
11.196152422706632 -1.928203230275510 -6.000000000000000
11.196152422706632 -1.928203230275510 -4.000000000000000
11.196152422706632 -1.928203230275510 -2.000000000000000
11.196152422706632 -1.928203230275510 0.000000000000000
11.196152422706632 -1.928203230275510 2.000000000000000
11.196152422706632 -1.928203230275510 4.000000000000000
11.196152422706632 -1.928203230275510 6.000000000000000
11.196152422706632 -1.928203230275510 8.000000000000000
11.196152422706632 -1.928203230275510 10.000000000000000
10.196152422706632 -0.196152422706632 -10.000000000000000
10.196152422706632 -0.196152422706632 -8.000000000000000
10.196152422706632 -0.196152422706632 -6.000000000000000
10.196152422706632 -0.196152422706632 -4.000000000000000
10.196152422706632 -0.196152422706632 -2.000000000000000
10.196152422706632 -0.196152422706632 0.000000000000000
10.196152422706632 -0.196152422706632 2.000000000000000
10.196152422706632 -0.196152422706632 4.000000000000000
10.196152422706632 -0.196152422706632 6.000000000000000
10.196152422706632 -0.196152422706632 8.000000000000000
10.196152422706632 -0.196152422706632 10.000000000000000
9.196152422706632 1.535898384862245 -10.000000000000000
9.196152422706632 1.535898384862245 -8.000000000000000
9.196152422706632 1.535898384862245 -6.000000000000000
9.196152422706632 1.535898384862245 -4.000000000000000
9.196152422706632 1.535898384862245 -2.000000000000000
9.196152422706632 1.535898384862245 0.000000000000000
9.196152422706632 1.535898384862245 2.000000000000000
9.196152422706632 1.535898384862245 4.000000000000000
9.196152422706632 1.535898384862245 6.000000000000000
9.196152422706632 1.535898384862245 8.000000000000000
9.196152422706632 1.535898384862245 10.000000000000000
8.196152422706632 3.267949192431122 -10.000000000000000
8.196152422706632 3.267949192431122 -8.000000000000000
8.196152422706632 3.267949192431122 -6.000000000000000
8.196152422706632 3.267949192431122 -4.000000000000000
8.196152422706632 3.267949192431122 -2.000000000000000
8.196152422706632 3.267949192431122 0.000000000000000
8.196152422706632 3.267949192431122 2.000000000000000
8.196152422706632 3.267949192431122 4.000000000000000
8.196152422706632 3.267949192431122 6.000000000000000
8.196152422706632 3.267949192431122 8.000000000000000
8.196152422706632 3.267949192431122 10.000000000000000
7.196152422706632 5.000000000000000 -10.000000000000000
7.196152422706632 5.000000000000000 -8.000000000000000
7.196152422706632 5.000000000000000 -6.000000000000000
7.196152422706632 5.000000000000000 -4.000000000000000
7.196152422706632 5.000000000000000 -2.000000000000000
7.196152422706632 5.000000000000000 0.000000000000000
7.196152422706632 5.000000000000000 2.000000000000000
7.196152422706632 5.000000000000000 4.000000000000000
7.196152422706632 5.000000000000000 6.000000000000000
7.196152422706632 5.000000000000000 8.000000000000000
7.196152422706632 5.000000000000000 10.000000000000000
6.196152422706632 6.732050807568877 -10.000000000000000
6.196152422706632 6.732050807568877 -8.000000000000000
6.196152422706632 6.732050807568877 -6.000000000000000
6.196152422706632 6.732050807568877 -4.000000000000000
6.196152422706632 6.732050807568877 -2.000000000000000
6.196152422706632 6.732050807568877 0.000000000000000
6.196152422706632 6.732050807568877 2.000000000000000
6.196152422706632 6.732050807568877 4.000000000000000
6.196152422706632 6.732050807568877 6.000000000000000
6.196152422706632 6.732050807568877 8.000000000000000
6.196152422706632 6.732050807568877 10.000000000000000
5.196152422706632 8.464101615137753 -10.000000000000000
5.196152422706632 8.464101615137753 -8.000000000000000
5.196152422706632 8.464101615137753 -6.000000000000000
5.196152422706632 8.464101615137753 -4.000000000000000
5.196152422706632 8.464101615137753 -2.000000000000000
5.196152422706632 8.464101615137753 0.000000000000000
5.196152422706632 8.464101615137753 2.000000000000000
5.196152422706632 8.464101615137753 4.000000000000000
5.196152422706632 8.464101615137753 6.000000000000000
5.196152422706632 8.464101615137753 8.000000000000000
5.196152422706632 8.464101615137753 10.000000000000000
4.196152422706632 10.196152422706632 -10.000000000000000
4.196152422706632 10.196152422706632 -8.000000000000000
4.196152422706632 10.196152422706632 -6.000000000000000
4.196152422706632 10.196152422706632 -4.000000000000000
4.196152422706632 10.196152422706632 -2.000000000000000
4.196152422706632 10.196152422706632 0.000000000000000
4.196152422706632 10.196152422706632 2.000000000000000
4.196152422706632 10.196152422706632 4.000000000000000
4.196152422706632 10.196152422706632 6.000000000000000
4.196152422706632 10.196152422706632 8.000000000000000
4.196152422706632 10.196152422706632 10.000000000000000
3.196152422706632 11.928203230275509 -10.000000000000000
3.196152422706632 11.928203230275509 -8.000000000000000
3.196152422706632 11.928203230275509 -6.000000000000000
3.196152422706632 11.928203230275509 -4.000000000000000
3.196152422706632 11.928203230275509 -2.000000000000000
3.196152422706632 11.928203230275509 0.000000000000000
3.196152422706632 11.928203230275509 2.000000000000000
3.196152422706632 11.928203230275509 4.000000000000000
3.196152422706632 11.928203230275509 6.000000000000000
3.196152422706632 11.928203230275509 8.000000000000000
3.196152422706632 11.928203230275509 10.000000000000000
2.196152422706633 13.660254037844387 -10.000000000000000
2.196152422706633 13.660254037844387 -8.000000000000000
2.196152422706633 13.660254037844387 -6.000000000000000
2.196152422706633 13.660254037844387 -4.000000000000000
2.196152422706633 13.660254037844387 -2.000000000000000
2.196152422706633 13.660254037844387 0.000000000000000
2.196152422706633 13.660254037844387 2.000000000000000
2.196152422706633 13.660254037844387 4.000000000000000
2.196152422706633 13.660254037844387 6.000000000000000
2.196152422706633 13.660254037844387 8.000000000000000
2.196152422706633 13.660254037844387 10.000000000000000
13.928203230275509 -2.660254037844387 -10.000000000000000
13.928203230275509 -2.660254037844387 -8.000000000000000
13.928203230275509 -2.660254037844387 -6.000000000000000
13.928203230275509 -2.660254037844387 -4.000000000000000
13.928203230275509 -2.660254037844387 -2.000000000000000
13.928203230275509 -2.660254037844387 0.000000000000000
13.928203230275509 -2.660254037844387 2.000000000000000
13.928203230275509 -2.660254037844387 4.000000000000000
13.928203230275509 -2.660254037844387 6.000000000000000
13.928203230275509 -2.660254037844387 8.000000000000000
13.928203230275509 -2.660254037844387 10.000000000000000
12.928203230275509 -0.928203230275510 -10.000000000000000
12.928203230275509 -0.928203230275510 -8.000000000000000
12.928203230275509 -0.928203230275510 -6.000000000000000
12.928203230275509 -0.928203230275510 -4.000000000000000
12.928203230275509 -0.928203230275510 -2.000000000000000
12.928203230275509 -0.928203230275510 0.000000000000000
12.928203230275509 -0.928203230275510 2.000000000000000
12.928203230275509 -0.928203230275510 4.000000000000000
12.928203230275509 -0.928203230275510 6.000000000000000
12.928203230275509 -0.928203230275510 8.000000000000000
12.928203230275509 -0.928203230275510 10.000000000000000
11.928203230275509 0.803847577293368 -10.000000000000000
11.928203230275509 0.803847577293368 -8.000000000000000
11.928203230275509 0.803847577293368 -6.000000000000000
11.928203230275509 0.803847577293368 -4.000000000000000
11.928203230275509 0.803847577293368 -2.000000000000000
11.928203230275509 0.803847577293368 0.000000000000000
11.928203230275509 0.803847577293368 2.000000000000000
11.928203230275509 0.803847577293368 4.000000000000000
11.928203230275509 0.803847577293368 6.000000000000000
11.928203230275509 0.803847577293368 8.000000000000000
11.928203230275509 0.803847577293368 10.000000000000000
10.928203230275509 2.535898384862245 -10.000000000000000
10.928203230275509 2.535898384862245 -8.000000000000000
10.928203230275509 2.535898384862245 -6.000000000000000
10.928203230275509 2.535898384862245 -4.000000000000000
10.928203230275509 2.535898384862245 -2.000000000000000
10.928203230275509 2.535898384862245 0.000000000000000
10.928203230275509 2.535898384862245 2.000000000000000
10.928203230275509 2.535898384862245 4.000000000000000
10.928203230275509 2.535898384862245 6.000000000000000
10.928203230275509 2.535898384862245 8.000000000000000
10.928203230275509 2.535898384862245 10.000000000000000
9.928203230275511 4.267949192431121 -10.000000000000000
9.928203230275511 4.267949192431121 -8.000000000000000
9.928203230275511 4.267949192431121 -6.000000000000000
9.928203230275511 4.267949192431121 -4.000000000000000
9.928203230275511 4.267949192431121 -2.000000000000000
9.928203230275511 4.267949192431121 0.000000000000000
9.928203230275511 4.267949192431121 2.000000000000000
9.928203230275511 4.267949192431121 4.000000000000000
9.928203230275511 4.267949192431121 6.000000000000000
9.928203230275511 4.267949192431121 8.000000000000000
9.928203230275511 4.267949192431121 10.000000000000000
8.928203230275511 6.000000000000000 -10.000000000000000
8.928203230275511 6.000000000000000 -8.000000000000000
8.928203230275511 6.000000000000000 -6.000000000000000
8.928203230275511 6.000000000000000 -4.000000000000000
8.928203230275511 6.000000000000000 -2.000000000000000
8.928203230275511 6.000000000000000 0.000000000000000
8.928203230275511 6.000000000000000 2.000000000000000
8.928203230275511 6.000000000000000 4.000000000000000
8.928203230275511 6.000000000000000 6.000000000000000
8.928203230275511 6.000000000000000 8.000000000000000
8.928203230275511 6.000000000000000 10.000000000000000
7.928203230275510 7.732050807568877 -10.000000000000000
7.928203230275510 7.732050807568877 -8.000000000000000
7.928203230275510 7.732050807568877 -6.000000000000000
7.928203230275510 7.732050807568877 -4.000000000000000
7.928203230275510 7.732050807568877 -2.000000000000000
7.928203230275510 7.732050807568877 0.000000000000000
7.928203230275510 7.732050807568877 2.000000000000000
7.928203230275510 7.732050807568877 4.000000000000000
7.928203230275510 7.732050807568877 6.000000000000000
7.928203230275510 7.732050807568877 8.000000000000000
7.928203230275510 7.732050807568877 10.000000000000000
6.928203230275510 9.464101615137753 -10.000000000000000
6.928203230275510 9.464101615137753 -8.000000000000000
6.928203230275510 9.464101615137753 -6.000000000000000
6.928203230275510 9.464101615137753 -4.000000000000000
6.928203230275510 9.464101615137753 -2.000000000000000
6.928203230275510 9.464101615137753 0.000000000000000
6.928203230275510 9.464101615137753 2.000000000000000
6.928203230275510 9.464101615137753 4.000000000000000
6.928203230275510 9.464101615137753 6.000000000000000
6.928203230275510 9.464101615137753 8.000000000000000
6.928203230275510 9.464101615137753 10.000000000000000
5.928203230275511 11.196152422706632 -10.000000000000000
5.928203230275511 11.196152422706632 -8.000000000000000
5.928203230275511 11.196152422706632 -6.000000000000000
5.928203230275511 11.196152422706632 -4.000000000000000
5.928203230275511 11.196152422706632 -2.000000000000000
5.928203230275511 11.196152422706632 0.000000000000000
5.928203230275511 11.196152422706632 2.000000000000000
5.928203230275511 11.196152422706632 4.000000000000000
5.928203230275511 11.196152422706632 6.000000000000000
5.928203230275511 11.196152422706632 8.000000000000000
5.928203230275511 11.196152422706632 10.000000000000000
4.928203230275511 12.928203230275509 -10.000000000000000
4.928203230275511 12.928203230275509 -8.000000000000000
4.928203230275511 12.928203230275509 -6.000000000000000
4.928203230275511 12.928203230275509 -4.000000000000000
4.928203230275511 12.928203230275509 -2.000000000000000
4.928203230275511 12.928203230275509 0.000000000000000
4.928203230275511 12.928203230275509 2.000000000000000
4.928203230275511 12.928203230275509 4.000000000000000
4.928203230275511 12.928203230275509 6.000000000000000
4.928203230275511 12.928203230275509 8.000000000000000
4.928203230275511 12.928203230275509 10.000000000000000
3.928203230275511 14.660254037844387 -10.000000000000000
3.928203230275511 14.660254037844387 -8.000000000000000
3.928203230275511 14.660254037844387 -6.000000000000000
3.928203230275511 14.660254037844387 -4.000000000000000
3.928203230275511 14.660254037844387 -2.000000000000000
3.928203230275511 14.660254037844387 0.000000000000000
3.928203230275511 14.660254037844387 2.000000000000000
3.928203230275511 14.660254037844387 4.000000000000000
3.928203230275511 14.660254037844387 6.000000000000000
3.928203230275511 14.660254037844387 8.000000000000000
3.928203230275511 14.660254037844387 10.000000000000000
15.660254037844386 -1.660254037844388 -10.000000000000000
15.660254037844386 -1.660254037844388 -8.000000000000000
15.660254037844386 -1.660254037844388 -6.000000000000000
15.660254037844386 -1.660254037844388 -4.000000000000000
15.660254037844386 -1.660254037844388 -2.000000000000000
15.660254037844386 -1.660254037844388 0.000000000000000
15.660254037844386 -1.660254037844388 2.000000000000000
15.660254037844386 -1.660254037844388 4.000000000000000
15.660254037844386 -1.660254037844388 6.000000000000000
15.660254037844386 -1.660254037844388 8.000000000000000
15.660254037844386 -1.660254037844388 10.000000000000000
14.660254037844387 0.071796769724489 -10.000000000000000
14.660254037844387 0.071796769724489 -8.000000000000000
14.660254037844387 0.071796769724489 -6.000000000000000
14.660254037844387 0.071796769724489 -4.000000000000000
14.660254037844387 0.071796769724489 -2.000000000000000
14.660254037844387 0.071796769724489 0.000000000000000
14.660254037844387 0.071796769724489 2.000000000000000
14.660254037844387 0.071796769724489 4.000000000000000
14.660254037844387 0.071796769724489 6.000000000000000
14.660254037844387 0.071796769724489 8.000000000000000
14.660254037844387 0.071796769724489 10.000000000000000
13.660254037844387 1.803847577293367 -10.000000000000000
13.660254037844387 1.803847577293367 -8.000000000000000
13.660254037844387 1.803847577293367 -6.000000000000000
13.660254037844387 1.803847577293367 -4.000000000000000
13.660254037844387 1.803847577293367 -2.000000000000000
13.660254037844387 1.803847577293367 0.000000000000000
13.660254037844387 1.803847577293367 2.000000000000000
13.660254037844387 1.803847577293367 4.000000000000000
13.660254037844387 1.803847577293367 6.000000000000000
13.660254037844387 1.803847577293367 8.000000000000000
13.660254037844387 1.803847577293367 10.000000000000000
12.660254037844387 3.535898384862244 -10.000000000000000
12.660254037844387 3.535898384862244 -8.000000000000000
12.660254037844387 3.535898384862244 -6.000000000000000
12.660254037844387 3.535898384862244 -4.000000000000000
12.660254037844387 3.535898384862244 -2.000000000000000
12.660254037844387 3.535898384862244 0.000000000000000
12.660254037844387 3.535898384862244 2.000000000000000
12.660254037844387 3.535898384862244 4.000000000000000
12.660254037844387 3.535898384862244 6.000000000000000
12.660254037844387 3.535898384862244 8.000000000000000
12.660254037844387 3.535898384862244 10.000000000000000
11.660254037844387 5.267949192431121 -10.000000000000000
11.660254037844387 5.267949192431121 -8.000000000000000
11.660254037844387 5.267949192431121 -6.000000000000000
11.660254037844387 5.267949192431121 -4.000000000000000
11.660254037844387 5.267949192431121 -2.000000000000000
11.660254037844387 5.267949192431121 0.000000000000000
11.660254037844387 5.267949192431121 2.000000000000000
11.660254037844387 5.267949192431121 4.000000000000000
11.660254037844387 5.267949192431121 6.000000000000000
11.660254037844387 5.267949192431121 8.000000000000000
11.660254037844387 5.267949192431121 10.000000000000000
10.660254037844387 6.999999999999999 -10.000000000000000
10.660254037844387 6.999999999999999 -8.000000000000000
10.660254037844387 6.999999999999999 -6.000000000000000
10.660254037844387 6.999999999999999 -4.000000000000000
10.660254037844387 6.999999999999999 -2.000000000000000
10.660254037844387 6.999999999999999 0.000000000000000
10.660254037844387 6.999999999999999 2.000000000000000
10.660254037844387 6.999999999999999 4.000000000000000
10.660254037844387 6.999999999999999 6.000000000000000
10.660254037844387 6.999999999999999 8.000000000000000
10.660254037844387 6.999999999999999 10.000000000000000
9.660254037844387 8.732050807568877 -10.000000000000000
9.660254037844387 8.732050807568877 -8.000000000000000
9.660254037844387 8.732050807568877 -6.000000000000000
9.660254037844387 8.732050807568877 -4.000000000000000
9.660254037844387 8.732050807568877 -2.000000000000000
9.660254037844387 8.732050807568877 0.000000000000000
9.660254037844387 8.732050807568877 2.000000000000000
9.660254037844387 8.732050807568877 4.000000000000000
9.660254037844387 8.732050807568877 6.000000000000000
9.660254037844387 8.732050807568877 8.000000000000000
9.660254037844387 8.732050807568877 10.000000000000000
8.660254037844387 10.464101615137753 -10.000000000000000
8.660254037844387 10.464101615137753 -8.000000000000000
8.660254037844387 10.464101615137753 -6.000000000000000
8.660254037844387 10.464101615137753 -4.000000000000000
8.660254037844387 10.464101615137753 -2.000000000000000
8.660254037844387 10.464101615137753 0.000000000000000
8.660254037844387 10.464101615137753 2.000000000000000
8.660254037844387 10.464101615137753 4.000000000000000
8.660254037844387 10.464101615137753 6.000000000000000
8.660254037844387 10.464101615137753 8.000000000000000
8.660254037844387 10.464101615137753 10.000000000000000
7.660254037844387 12.196152422706632 -10.000000000000000
7.660254037844387 12.196152422706632 -8.000000000000000
7.660254037844387 12.196152422706632 -6.000000000000000
7.660254037844387 12.196152422706632 -4.000000000000000
7.660254037844387 12.196152422706632 -2.000000000000000
7.660254037844387 12.196152422706632 0.000000000000000
7.660254037844387 12.196152422706632 2.000000000000000
7.660254037844387 12.196152422706632 4.000000000000000
7.660254037844387 12.196152422706632 6.000000000000000
7.660254037844387 12.196152422706632 8.000000000000000
7.660254037844387 12.196152422706632 10.000000000000000
6.660254037844387 13.928203230275509 -10.000000000000000
6.660254037844387 13.928203230275509 -8.000000000000000
6.660254037844387 13.928203230275509 -6.000000000000000
6.660254037844387 13.928203230275509 -4.000000000000000
6.660254037844387 13.928203230275509 -2.000000000000000
6.660254037844387 13.928203230275509 0.000000000000000
6.660254037844387 13.928203230275509 2.000000000000000
6.660254037844387 13.928203230275509 4.000000000000000
6.660254037844387 13.928203230275509 6.000000000000000
6.660254037844387 13.928203230275509 8.000000000000000
6.660254037844387 13.928203230275509 10.000000000000000
5.660254037844388 15.660254037844386 -10.000000000000000
5.660254037844388 15.660254037844386 -8.000000000000000
5.660254037844388 15.660254037844386 -6.000000000000000
5.660254037844388 15.660254037844386 -4.000000000000000
5.660254037844388 15.660254037844386 -2.000000000000000
5.660254037844388 15.660254037844386 0.000000000000000
5.660254037844388 15.660254037844386 2.000000000000000
5.660254037844388 15.660254037844386 4.000000000000000
5.660254037844388 15.660254037844386 6.000000000000000
5.660254037844388 15.660254037844386 8.000000000000000
5.660254037844388 15.660254037844386 10.000000000000000
# データ (ここまで)
