
img_point :img.dat
ply_point :ply.dat
plyfile :s10.ply

imgpath :kyoiku.JPG
outdir :../../ply_data/check_1124_2/
理論値
 0.866025403784439 -0.500000000000000  0.000000000000000
 0.500000000000000  0.866025403784439  0.000000000000000
 0.000000000000000  0.000000000000000  1.000000000000000
img対応点
-0.577350269189626
-0.577350269189626
-0.577350269189626
-0.615457454896664
-0.615457454896664
-0.492365963917331
-0.650944554904119
-0.650944554904119
-0.390566732942472
-0.680413817439772
-0.680413817439772
-0.272165526975909
-0.700140042014005
-0.700140042014005
-0.140028008402801
-0.707106781186547
-0.707106781186548
 0.000000000000000
-0.700140042014005
-0.700140042014005
 0.140028008402801
-0.680413817439772
-0.680413817439772
 0.272165526975909
-0.650944554904119
-0.650944554904119
 0.390566732942472
-0.615457454896664
-0.615457454896664
 0.492365963917331
-0.577350269189626
-0.577350269189626
 0.577350269189626
-0.615457454896664
-0.492365963917331
-0.615457454896664
-0.662266178532522
-0.529812942826017
-0.529812942826018
-0.707106781186548
-0.565685424949238
-0.424264068711929
-0.745355992499930
-0.596284793999944
-0.298142396999972
-0.771516749810460
-0.617213399848368
-0.154303349962092
-0.780868809443030
-0.624695047554424
 0.000000000000000
-0.771516749810460
-0.617213399848368
 0.154303349962092
-0.745355992499930
-0.596284793999944
 0.298142396999972
-0.707106781186548
-0.565685424949238
 0.424264068711928
-0.662266178532522
-0.529812942826017
 0.529812942826018
-0.615457454896664
-0.492365963917331
 0.615457454896664
-0.650944554904119
-0.390566732942472
-0.650944554904119
-0.707106781186547
-0.424264068711929
-0.565685424949238
-0.762492851663023
-0.457495710997814
-0.457495710997814
-0.811107105653813
-0.486664263392288
-0.324442842261525
-0.845154254728517
-0.507092552837110
-0.169030850945703
-0.857492925712544
-0.514495755427527
 0.000000000000000
-0.845154254728517
-0.507092552837110
 0.169030850945703
-0.811107105653813
-0.486664263392288
 0.324442842261525
-0.762492851663023
-0.457495710997814
 0.457495710997814
-0.707106781186548
-0.424264068711929
 0.565685424949238
-0.650944554904119
-0.390566732942472
 0.650944554904119
-0.680413817439772
-0.272165526975909
-0.680413817439772
-0.745355992499930
-0.298142396999972
-0.596284793999944
-0.811107105653813
-0.324442842261525
-0.486664263392288
-0.870388279778489
-0.348155311911396
-0.348155311911396
-0.912870929175277
-0.365148371670111
-0.182574185835055
-0.928476690885259
-0.371390676354104
 0.000000000000000
-0.912870929175277
-0.365148371670111
 0.182574185835055
-0.870388279778489
-0.348155311911396
 0.348155311911396
-0.811107105653813
-0.324442842261525
 0.486664263392288
-0.745355992499930
-0.298142396999972
 0.596284793999944
-0.680413817439772
-0.272165526975909
 0.680413817439772
-0.700140042014005
-0.140028008402801
-0.700140042014005
ply対応点
-13.660254037844386
 -3.660254037844388
 -9.000000000000000
-13.660254037844386
 -3.660254037844388
 -7.000000000000000
-13.660254037844386
 -3.660254037844388
 -5.000000000000000
-13.660254037844386
 -3.660254037844388
 -3.000000000000000
-13.660254037844386
 -3.660254037844388
 -1.000000000000000
-13.660254037844386
 -3.660254037844388
  1.000000000000000
-13.660254037844386
 -3.660254037844388
  3.000000000000000
-13.660254037844386
 -3.660254037844388
  5.000000000000000
-13.660254037844386
 -3.660254037844388
  7.000000000000000
-13.660254037844386
 -3.660254037844388
  9.000000000000000
-13.660254037844386
 -3.660254037844388
 11.000000000000000
-12.660254037844387
 -1.928203230275511
 -9.000000000000000
-12.660254037844387
 -1.928203230275511
 -7.000000000000000
-12.660254037844387
 -1.928203230275511
 -5.000000000000000
-12.660254037844387
 -1.928203230275511
 -3.000000000000000
-12.660254037844387
 -1.928203230275511
 -1.000000000000000
-12.660254037844387
 -1.928203230275511
  1.000000000000000
-12.660254037844387
 -1.928203230275511
  3.000000000000000
-12.660254037844387
 -1.928203230275511
  5.000000000000000
-12.660254037844387
 -1.928203230275511
  7.000000000000000
-12.660254037844387
 -1.928203230275511
  9.000000000000000
-12.660254037844387
 -1.928203230275511
 11.000000000000000
-11.660254037844387
 -0.196152422706633
 -9.000000000000000
-11.660254037844387
 -0.196152422706633
 -7.000000000000000
-11.660254037844387
 -0.196152422706633
 -5.000000000000000
-11.660254037844387
 -0.196152422706633
 -3.000000000000000
-11.660254037844387
 -0.196152422706633
 -1.000000000000000
-11.660254037844387
 -0.196152422706633
  1.000000000000000
-11.660254037844387
 -0.196152422706633
  3.000000000000000
-11.660254037844387
 -0.196152422706633
  5.000000000000000
-11.660254037844387
 -0.196152422706633
  7.000000000000000
-11.660254037844387
 -0.196152422706633
  9.000000000000000
-11.660254037844387
 -0.196152422706633
 11.000000000000000
-10.660254037844387
  1.535898384862244
 -9.000000000000000
-10.660254037844387
  1.535898384862244
 -7.000000000000000
-10.660254037844387
  1.535898384862244
 -5.000000000000000
-10.660254037844387
  1.535898384862244
 -3.000000000000000
-10.660254037844387
  1.535898384862244
 -1.000000000000000
-10.660254037844387
  1.535898384862244
  1.000000000000000
-10.660254037844387
  1.535898384862244
  3.000000000000000
-10.660254037844387
  1.535898384862244
  5.000000000000000
-10.660254037844387
  1.535898384862244
  7.000000000000000
-10.660254037844387
  1.535898384862244
  9.000000000000000
-10.660254037844387
  1.535898384862244
 11.000000000000000
-9.660254037844387
 3.267949192431121
-9.000000000000000
Matrix_M:
3531.564747024978715  247.551687722626497 -246.024105216788342 2458.887150237013884  299.580626628763468 -188.496005090995311   45.745347095925915  -15.475107540026000 1019.707973355196941
 247.551687722626497  107.227302000577964  -32.146598718148866  299.580626628763525   87.346094345749279  -24.781010354214949  -15.475107540025990    5.235045060936874   49.574038354032268
-246.024105216788342  -32.146598718148866  879.004972760329906 -188.496005090995311  -24.781010354214942  567.871545634731888 1019.707973355196941   49.574038354032268 -123.131786273320046
2458.887150237013884  299.580626628763525 -188.496005090995311 1896.829824986939684  305.897562860439507 -146.994633367666864    9.149069419185127   -3.095021508005195  681.233271286206104
 299.580626628763468   87.346094345749279  -24.781010354214942  305.897562860439507   79.961620907469907  -23.184199345372370   -3.095021508005199    1.047009012187376   74.357911153312401
-188.496005090995311  -24.781010354214949  567.871545634731888 -146.994633367666864  -23.184199345372370  417.583374378586882  681.233271286206104   74.357911153312415 -100.851390299133683
  45.745347095925915  -15.475107540025990 1019.707973355196941    9.149069419185127   -3.095021508005199  681.233271286206104 1229.284179719841177   78.563821405429621  -55.090152740098397
 -15.475107540026000    5.235045060936874   49.574038354032268   -3.095021508005195    1.047009012187376   74.357911153312415   78.563821405429621   41.132325360192340  -20.816569033966019
1019.707973355196941   49.574038354032268 -123.131786273320046  681.233271286206104   74.357911153312401 -100.851390299133683  -55.090152740098397  -20.816569033966019  591.411652861083439
Eigenvalue :
   0.999999999999566
   0.999999999999836
   1.000000000000216
   3.356356810587975
  68.760266179734330
 198.104999697575067
 337.893245679643996
2456.801517902929845
5706.083613729533681
min_eigen
0.999999999999566
min_eigenvector
 0.173986695466032
 0.208666268769732
 0.463437638092081
-0.190846929263623
 0.110185525984409
 0.473325854318133
-0.638011694816668
-0.178193395061429
-0.000000000000001
Essential Matrix:
 0.173986695466032  0.208666268769732  0.463437638092081
-0.190846929263623  0.110185525984409  0.473325854318133
-0.638011694816668 -0.178193395061429 -0.000000000000001

E * E.t Eigenvalue :
-0.000000000000000
 0.465270434240309
 0.534729565759691
E * E.t min_eigen
-0.000000000000000
E * E.t Eigen vec
-0.662479003085240 -0.406203881881202 -0.629380629520666
 0.648639202094065 -0.731337439874113 -0.210743290629034
-0.374684875566069 -0.547853954428570  0.747975459917649
E * E.t min_eigenvector
-0.662479003085240
 0.648639202094065
-0.374684875566069
check_sign: 
412.684404096365256
vector_t_cross
 0.000000000000000 -0.374684875566069 -0.648639202094065
 0.374684875566069  0.000000000000000 -0.662479003085240
 0.648639202094065  0.662479003085240  0.000000000000000

Matrix_R calc from matrix_E
 0.858763580514167 -0.508032181966305 -0.066546336255575
 0.510281956422740  0.859735556424363  0.021612449400024
 0.046232431602358 -0.052517379087705  0.997549240469808

scale_s
45
-0.216467482286230
Rotation matrix Eigenvalue :
 (0.858024188704169,0.513609279120373)
(0.858024188704169,-0.513609279120373)
 (1.000000000000000,0.000000000000000)
Eigen vec
(-0.486748050864538,-0.510364966596100)  (-0.486748050864538,0.510364966596100)  (-0.072165585301230,0.000000000000000)
 (-0.504712810531829,0.489119627040630) (-0.504712810531829,-0.489119627040630)  (-0.109790430627619,0.000000000000000)
 (-0.091330793627542,0.017017382730514) (-0.091330793627542,-0.017017382730514)   (0.991331523578633,0.000000000000000)
Rotation_axis
-0.072165585301230
-0.109790430627619
 0.991331523578633
Rotation_degree: 30.904542495570485
