
default_dir_path: ../../ply_data/trans_rotate/

corresp_img_file_name: 

corresp_ply_file_name: 
s10-r001-d30-t220.dat
s10.dat

img_file_path: 

ply_file_path: 
transform_rotate_simulation::
Point: corresp_plypoint
-1.66025403784439 -11.6602540378444               -10
-1.66025403784439 -11.6602540378444                -8
-1.66025403784439 -11.6602540378444                -6
-1.66025403784439 -11.6602540378444                -4
-1.66025403784439 -11.6602540378444                -2
-1.66025403784439 -11.6602540378444                 0
-1.66025403784439 -11.6602540378444                 2
-1.66025403784439 -11.6602540378444                 4
-1.66025403784439 -11.6602540378444                 6
-1.66025403784439 -11.6602540378444                 8
-1.66025403784439 -11.6602540378444                10
-2.66025403784439 -9.92820323027551               -10
-2.66025403784439 -9.92820323027551                -8
-2.66025403784439 -9.92820323027551                -6
-2.66025403784439 -9.92820323027551                -4
-2.66025403784439 -9.92820323027551                -2
-2.66025403784439 -9.92820323027551                 0
-2.66025403784439 -9.92820323027551                 2
-2.66025403784439 -9.92820323027551                 4
-2.66025403784439 -9.92820323027551                 6
-2.66025403784439 -9.92820323027551                 8
-2.66025403784439 -9.92820323027551                10
-3.66025403784439 -8.19615242270663               -10
-3.66025403784439 -8.19615242270663                -8
-3.66025403784439 -8.19615242270663                -6
-3.66025403784439 -8.19615242270663                -4
-3.66025403784439 -8.19615242270663                -2
-3.66025403784439 -8.19615242270663                 0
-3.66025403784439 -8.19615242270663                 2
-3.66025403784439 -8.19615242270663                 4
-3.66025403784439 -8.19615242270663                 6
-3.66025403784439 -8.19615242270663                 8
-3.66025403784439 -8.19615242270663                10
-4.66025403784439 -6.46410161513775               -10
-4.66025403784439 -6.46410161513775                -8
-4.66025403784439 -6.46410161513775                -6
-4.66025403784439 -6.46410161513775                -4
-4.66025403784439 -6.46410161513775                -2
-4.66025403784439 -6.46410161513775                 0
-4.66025403784439 -6.46410161513775                 2
-4.66025403784439 -6.46410161513775                 4
-4.66025403784439 -6.46410161513775                 6
-4.66025403784439 -6.46410161513775                 8
-4.66025403784439 -6.46410161513775                10
-5.66025403784439 -4.73205080756888               -10
-5.66025403784439 -4.73205080756888                -8
-5.66025403784439 -4.73205080756888                -6
-5.66025403784439 -4.73205080756888                -4
-5.66025403784439 -4.73205080756888                -2
-5.66025403784439 -4.73205080756888                 0
-5.66025403784439 -4.73205080756888                 2
-5.66025403784439 -4.73205080756888                 4
-5.66025403784439 -4.73205080756888                 6
-5.66025403784439 -4.73205080756888                 8
-5.66025403784439 -4.73205080756888                10
-6.66025403784439                -3               -10
-6.66025403784439                -3                -8
-6.66025403784439                -3                -6
-6.66025403784439                -3                -4
-6.66025403784439                -3                -2
-6.66025403784439                -3                 0
-6.66025403784439                -3                 2
-6.66025403784439                -3                 4
-6.66025403784439                -3                 6
-6.66025403784439                -3                 8
-6.66025403784439                -3                10
-7.66025403784439 -1.26794919243112               -10
-7.66025403784439 -1.26794919243112                -8
-7.66025403784439 -1.26794919243112                -6
-7.66025403784439 -1.26794919243112                -4
-7.66025403784439 -1.26794919243112                -2
-7.66025403784439 -1.26794919243112                 0
-7.66025403784439 -1.26794919243112                 2
-7.66025403784439 -1.26794919243112                 4
-7.66025403784439 -1.26794919243112                 6
-7.66025403784439 -1.26794919243112                 8
-7.66025403784439 -1.26794919243112                10
-8.66025403784439 0.464101615137756               -10
-8.66025403784439 0.464101615137756                -8
-8.66025403784439 0.464101615137756                -6
-8.66025403784439 0.464101615137756                -4
-8.66025403784439 0.464101615137756                -2
-8.66025403784439 0.464101615137756                 0
-8.66025403784439 0.464101615137756                 2
-8.66025403784439 0.464101615137756                 4
-8.66025403784439 0.464101615137756                 6
-8.66025403784439 0.464101615137756                 8
-8.66025403784439 0.464101615137756                10
-9.66025403784439  2.19615242270663               -10
-9.66025403784439  2.19615242270663                -8
-9.66025403784439  2.19615242270663                -6
-9.66025403784439  2.19615242270663                -4
-9.66025403784439  2.19615242270663                -2
-9.66025403784439  2.19615242270663                 0
-9.66025403784439  2.19615242270663                 2
-9.66025403784439  2.19615242270663                 4
-9.66025403784439  2.19615242270663                 6
-9.66025403784439  2.19615242270663                 8
-9.66025403784439  2.19615242270663                10
-10.6602540378444  3.92820323027551               -10
-10.6602540378444  3.92820323027551                -8
-10.6602540378444  3.92820323027551                -6
-10.6602540378444  3.92820323027551                -4
-10.6602540378444  3.92820323027551                -2
-10.6602540378444  3.92820323027551                 0
-10.6602540378444  3.92820323027551                 2
-10.6602540378444  3.92820323027551                 4
-10.6602540378444  3.92820323027551                 6
-10.6602540378444  3.92820323027551                 8
-10.6602540378444  3.92820323027551                10
-11.6602540378444  5.66025403784439               -10
-11.6602540378444  5.66025403784439                -8
-11.6602540378444  5.66025403784439                -6
-11.6602540378444  5.66025403784439                -4
-11.6602540378444  5.66025403784439                -2
-11.6602540378444  5.66025403784439                 0
-11.6602540378444  5.66025403784439                 2
-11.6602540378444  5.66025403784439                 4
-11.6602540378444  5.66025403784439                 6
-11.6602540378444  5.66025403784439                 8
-11.6602540378444  5.66025403784439                10
0.071796769724489 -10.6602540378444               -10
0.071796769724489 -10.6602540378444                -8
0.071796769724489 -10.6602540378444                -6
0.071796769724489 -10.6602540378444                -4
0.071796769724489 -10.6602540378444                -2
0.071796769724489 -10.6602540378444                 0
0.071796769724489 -10.6602540378444                 2
0.071796769724489 -10.6602540378444                 4
0.071796769724489 -10.6602540378444                 6
0.071796769724489 -10.6602540378444                 8
0.071796769724489 -10.6602540378444                10
-0.92820323027551 -8.92820323027551               -10
-0.92820323027551 -8.92820323027551                -8
-0.92820323027551 -8.92820323027551                -6
-0.92820323027551 -8.92820323027551                -4
-0.92820323027551 -8.92820323027551                -2
-0.92820323027551 -8.92820323027551                 0
-0.92820323027551 -8.92820323027551                 2
-0.92820323027551 -8.92820323027551                 4
-0.92820323027551 -8.92820323027551                 6
-0.92820323027551 -8.92820323027551                 8
-0.92820323027551 -8.92820323027551                10
-1.92820323027551 -7.19615242270663               -10
-1.92820323027551 -7.19615242270663                -8
-1.92820323027551 -7.19615242270663                -6
-1.92820323027551 -7.19615242270663                -4
-1.92820323027551 -7.19615242270663                -2
-1.92820323027551 -7.19615242270663                 0
-1.92820323027551 -7.19615242270663                 2
-1.92820323027551 -7.19615242270663                 4
-1.92820323027551 -7.19615242270663                 6
-1.92820323027551 -7.19615242270663                 8
-1.92820323027551 -7.19615242270663                10
-2.92820323027551 -5.46410161513775               -10
-2.92820323027551 -5.46410161513775                -8
-2.92820323027551 -5.46410161513775                -6
-2.92820323027551 -5.46410161513775                -4
-2.92820323027551 -5.46410161513775                -2
-2.92820323027551 -5.46410161513775                 0
-2.92820323027551 -5.46410161513775                 2
-2.92820323027551 -5.46410161513775                 4
-2.92820323027551 -5.46410161513775                 6
-2.92820323027551 -5.46410161513775                 8
-2.92820323027551 -5.46410161513775                10
-3.92820323027551 -3.73205080756888               -10
-3.92820323027551 -3.73205080756888                -8
-3.92820323027551 -3.73205080756888                -6
-3.92820323027551 -3.73205080756888                -4
-3.92820323027551 -3.73205080756888                -2
-3.92820323027551 -3.73205080756888                 0
-3.92820323027551 -3.73205080756888                 2
-3.92820323027551 -3.73205080756888                 4
-3.92820323027551 -3.73205080756888                 6
-3.92820323027551 -3.73205080756888                 8
-3.92820323027551 -3.73205080756888                10
-4.92820323027551                -2               -10
-4.92820323027551                -2                -8
-4.92820323027551                -2                -6
-4.92820323027551                -2                -4
-4.92820323027551                -2                -2
-4.92820323027551                -2                 0
-4.92820323027551                -2                 2
-4.92820323027551                -2                 4
-4.92820323027551                -2                 6
-4.92820323027551                -2                 8
-4.92820323027551                -2                10
 -5.92820323027551 -0.267949192431122                -10
 -5.92820323027551 -0.267949192431122                 -8
 -5.92820323027551 -0.267949192431122                 -6
 -5.92820323027551 -0.267949192431122                 -4
 -5.92820323027551 -0.267949192431122                 -2
 -5.92820323027551 -0.267949192431122                  0
 -5.92820323027551 -0.267949192431122                  2
 -5.92820323027551 -0.267949192431122                  4
 -5.92820323027551 -0.267949192431122                  6
 -5.92820323027551 -0.267949192431122                  8
 -5.92820323027551 -0.267949192431122                 10
-6.92820323027551  1.46410161513776               -10
-6.92820323027551  1.46410161513776                -8
-6.92820323027551  1.46410161513776                -6
-6.92820323027551  1.46410161513776                -4
-6.92820323027551  1.46410161513776                -2
-6.92820323027551  1.46410161513776                 0
-6.92820323027551  1.46410161513776                 2
-6.92820323027551  1.46410161513776                 4
-6.92820323027551  1.46410161513776                 6
-6.92820323027551  1.46410161513776                 8
-6.92820323027551  1.46410161513776                10
-7.92820323027551  3.19615242270663               -10
-7.92820323027551  3.19615242270663                -8
-7.92820323027551  3.19615242270663                -6
-7.92820323027551  3.19615242270663                -4
-7.92820323027551  3.19615242270663                -2
-7.92820323027551  3.19615242270663                 0
-7.92820323027551  3.19615242270663                 2
-7.92820323027551  3.19615242270663                 4
-7.92820323027551  3.19615242270663                 6
-7.92820323027551  3.19615242270663                 8
-7.92820323027551  3.19615242270663                10
-8.92820323027551  4.92820323027551               -10
-8.92820323027551  4.92820323027551                -8
-8.92820323027551  4.92820323027551                -6
-8.92820323027551  4.92820323027551                -4
-8.92820323027551  4.92820323027551                -2
-8.92820323027551  4.92820323027551                 0
-8.92820323027551  4.92820323027551                 2
-8.92820323027551  4.92820323027551                 4
-8.92820323027551  4.92820323027551                 6
-8.92820323027551  4.92820323027551                 8
-8.92820323027551  4.92820323027551                10
-9.92820323027551  6.66025403784439               -10
-9.92820323027551  6.66025403784439                -8
-9.92820323027551  6.66025403784439                -6
-9.92820323027551  6.66025403784439                -4
-9.92820323027551  6.66025403784439                -2
-9.92820323027551  6.66025403784439                 0
-9.92820323027551  6.66025403784439                 2
-9.92820323027551  6.66025403784439                 4
-9.92820323027551  6.66025403784439                 6
-9.92820323027551  6.66025403784439                 8
-9.92820323027551  6.66025403784439                10
 1.80384757729337 -9.66025403784439               -10
 1.80384757729337 -9.66025403784439                -8
 1.80384757729337 -9.66025403784439                -6
 1.80384757729337 -9.66025403784439                -4
 1.80384757729337 -9.66025403784439                -2
 1.80384757729337 -9.66025403784439                 0
 1.80384757729337 -9.66025403784439                 2
 1.80384757729337 -9.66025403784439                 4
 1.80384757729337 -9.66025403784439                 6
 1.80384757729337 -9.66025403784439                 8
 1.80384757729337 -9.66025403784439                10
0.803847577293368 -7.92820323027551               -10
0.803847577293368 -7.92820323027551                -8
0.803847577293368 -7.92820323027551                -6
0.803847577293368 -7.92820323027551                -4
0.803847577293368 -7.92820323027551                -2
0.803847577293368 -7.92820323027551                 0
0.803847577293368 -7.92820323027551                 2
0.803847577293368 -7.92820323027551                 4
0.803847577293368 -7.92820323027551                 6
0.803847577293368 -7.92820323027551                 8
0.803847577293368 -7.92820323027551                10
-0.196152422706632  -6.19615242270663                -10
-0.196152422706632  -6.19615242270663                 -8
-0.196152422706632  -6.19615242270663                 -6
-0.196152422706632  -6.19615242270663                 -4
-0.196152422706632  -6.19615242270663                 -2
-0.196152422706632  -6.19615242270663                  0
-0.196152422706632  -6.19615242270663                  2
-0.196152422706632  -6.19615242270663                  4
-0.196152422706632  -6.19615242270663                  6
-0.196152422706632  -6.19615242270663                  8
-0.196152422706632  -6.19615242270663                 10
-1.19615242270663 -4.46410161513775               -10
-1.19615242270663 -4.46410161513775                -8
-1.19615242270663 -4.46410161513775                -6
-1.19615242270663 -4.46410161513775                -4
-1.19615242270663 -4.46410161513775                -2
-1.19615242270663 -4.46410161513775                 0
-1.19615242270663 -4.46410161513775                 2
-1.19615242270663 -4.46410161513775                 4
-1.19615242270663 -4.46410161513775                 6
-1.19615242270663 -4.46410161513775                 8
-1.19615242270663 -4.46410161513775                10
-2.19615242270663 -2.73205080756888               -10
-2.19615242270663 -2.73205080756888                -8
-2.19615242270663 -2.73205080756888                -6
-2.19615242270663 -2.73205080756888                -4
-2.19615242270663 -2.73205080756888                -2
-2.19615242270663 -2.73205080756888                 0
-2.19615242270663 -2.73205080756888                 2
-2.19615242270663 -2.73205080756888                 4
-2.19615242270663 -2.73205080756888                 6
-2.19615242270663 -2.73205080756888                 8
-2.19615242270663 -2.73205080756888                10
-3.19615242270663                -1               -10
-3.19615242270663                -1                -8
-3.19615242270663                -1                -6
-3.19615242270663                -1                -4
-3.19615242270663                -1                -2
-3.19615242270663                -1                 0
-3.19615242270663                -1                 2
-3.19615242270663                -1                 4
-3.19615242270663                -1                 6
-3.19615242270663                -1                 8
-3.19615242270663                -1                10
-4.19615242270663 0.732050807568878               -10
-4.19615242270663 0.732050807568878                -8
-4.19615242270663 0.732050807568878                -6
-4.19615242270663 0.732050807568878                -4
-4.19615242270663 0.732050807568878                -2
-4.19615242270663 0.732050807568878                 0
-4.19615242270663 0.732050807568878                 2
-4.19615242270663 0.732050807568878                 4
-4.19615242270663 0.732050807568878                 6
-4.19615242270663 0.732050807568878                 8
-4.19615242270663 0.732050807568878                10
-5.19615242270663  2.46410161513775               -10
-5.19615242270663  2.46410161513775                -8
-5.19615242270663  2.46410161513775                -6
-5.19615242270663  2.46410161513775                -4
-5.19615242270663  2.46410161513775                -2
-5.19615242270663  2.46410161513775                 0
-5.19615242270663  2.46410161513775                 2
-5.19615242270663  2.46410161513775                 4
-5.19615242270663  2.46410161513775                 6
-5.19615242270663  2.46410161513775                 8
-5.19615242270663  2.46410161513775                10
-6.19615242270663  4.19615242270663               -10
-6.19615242270663  4.19615242270663                -8
-6.19615242270663  4.19615242270663                -6
-6.19615242270663  4.19615242270663                -4
-6.19615242270663  4.19615242270663                -2
-6.19615242270663  4.19615242270663                 0
-6.19615242270663  4.19615242270663                 2
-6.19615242270663  4.19615242270663                 4
-6.19615242270663  4.19615242270663                 6
-6.19615242270663  4.19615242270663                 8
-6.19615242270663  4.19615242270663                10
-7.19615242270663  5.92820323027551               -10
-7.19615242270663  5.92820323027551                -8
-7.19615242270663  5.92820323027551                -6
-7.19615242270663  5.92820323027551                -4
-7.19615242270663  5.92820323027551                -2
-7.19615242270663  5.92820323027551                 0
-7.19615242270663  5.92820323027551                 2
-7.19615242270663  5.92820323027551                 4
-7.19615242270663  5.92820323027551                 6
-7.19615242270663  5.92820323027551                 8
-7.19615242270663  5.92820323027551                10
-8.19615242270663  7.66025403784439               -10
-8.19615242270663  7.66025403784439                -8
-8.19615242270663  7.66025403784439                -6
-8.19615242270663  7.66025403784439                -4
-8.19615242270663  7.66025403784439                -2
-8.19615242270663  7.66025403784439                 0
-8.19615242270663  7.66025403784439                 2
-8.19615242270663  7.66025403784439                 4
-8.19615242270663  7.66025403784439                 6
-8.19615242270663  7.66025403784439                 8
-8.19615242270663  7.66025403784439                10
 3.53589838486224 -8.66025403784439               -10
 3.53589838486224 -8.66025403784439                -8
 3.53589838486224 -8.66025403784439                -6
 3.53589838486224 -8.66025403784439                -4
 3.53589838486224 -8.66025403784439                -2
 3.53589838486224 -8.66025403784439                 0
 3.53589838486224 -8.66025403784439                 2
 3.53589838486224 -8.66025403784439                 4
 3.53589838486224 -8.66025403784439                 6
 3.53589838486224 -8.66025403784439                 8
 3.53589838486224 -8.66025403784439                10
 2.53589838486225 -6.92820323027551               -10
 2.53589838486225 -6.92820323027551                -8
 2.53589838486225 -6.92820323027551                -6
 2.53589838486225 -6.92820323027551                -4
 2.53589838486225 -6.92820323027551                -2
 2.53589838486225 -6.92820323027551                 0
 2.53589838486225 -6.92820323027551                 2
 2.53589838486225 -6.92820323027551                 4
 2.53589838486225 -6.92820323027551                 6
 2.53589838486225 -6.92820323027551                 8
 2.53589838486225 -6.92820323027551                10
 1.53589838486224 -5.19615242270663               -10
 1.53589838486224 -5.19615242270663                -8
 1.53589838486224 -5.19615242270663                -6
 1.53589838486224 -5.19615242270663                -4
 1.53589838486224 -5.19615242270663                -2
 1.53589838486224 -5.19615242270663                 0
 1.53589838486224 -5.19615242270663                 2
 1.53589838486224 -5.19615242270663                 4
 1.53589838486224 -5.19615242270663                 6
 1.53589838486224 -5.19615242270663                 8
 1.53589838486224 -5.19615242270663                10
0.535898384862245 -3.46410161513775               -10
0.535898384862245 -3.46410161513775                -8
0.535898384862245 -3.46410161513775                -6
0.535898384862245 -3.46410161513775                -4
0.535898384862245 -3.46410161513775                -2
0.535898384862245 -3.46410161513775                 0
0.535898384862245 -3.46410161513775                 2
0.535898384862245 -3.46410161513775                 4
0.535898384862245 -3.46410161513775                 6
0.535898384862245 -3.46410161513775                 8
0.535898384862245 -3.46410161513775                10
-0.464101615137755  -1.73205080756888                -10
-0.464101615137755  -1.73205080756888                 -8
-0.464101615137755  -1.73205080756888                 -6
-0.464101615137755  -1.73205080756888                 -4
-0.464101615137755  -1.73205080756888                 -2
-0.464101615137755  -1.73205080756888                  0
-0.464101615137755  -1.73205080756888                  2
-0.464101615137755  -1.73205080756888                  4
-0.464101615137755  -1.73205080756888                  6
-0.464101615137755  -1.73205080756888                  8
-0.464101615137755  -1.73205080756888                 10
-1.46410161513776                 0               -10
-1.46410161513776                 0                -8
-1.46410161513776                 0                -6
-1.46410161513776                 0                -4
-1.46410161513776                 0                -2
-1.46410161513776                 0                 0
-1.46410161513776                 0                 2
-1.46410161513776                 0                 4
-1.46410161513776                 0                 6
-1.46410161513776                 0                 8
-1.46410161513776                 0                10
-2.46410161513775  1.73205080756888               -10
-2.46410161513775  1.73205080756888                -8
-2.46410161513775  1.73205080756888                -6
-2.46410161513775  1.73205080756888                -4
-2.46410161513775  1.73205080756888                -2
-2.46410161513775  1.73205080756888                 0
-2.46410161513775  1.73205080756888                 2
-2.46410161513775  1.73205080756888                 4
-2.46410161513775  1.73205080756888                 6
-2.46410161513775  1.73205080756888                 8
-2.46410161513775  1.73205080756888                10
-3.46410161513775  3.46410161513775               -10
-3.46410161513775  3.46410161513775                -8
-3.46410161513775  3.46410161513775                -6
-3.46410161513775  3.46410161513775                -4
-3.46410161513775  3.46410161513775                -2
-3.46410161513775  3.46410161513775                 0
-3.46410161513775  3.46410161513775                 2
-3.46410161513775  3.46410161513775                 4
-3.46410161513775  3.46410161513775                 6
-3.46410161513775  3.46410161513775                 8
-3.46410161513775  3.46410161513775                10
-4.46410161513775  5.19615242270663               -10
-4.46410161513775  5.19615242270663                -8
-4.46410161513775  5.19615242270663                -6
-4.46410161513775  5.19615242270663                -4
-4.46410161513775  5.19615242270663                -2
-4.46410161513775  5.19615242270663                 0
-4.46410161513775  5.19615242270663                 2
-4.46410161513775  5.19615242270663                 4
-4.46410161513775  5.19615242270663                 6
-4.46410161513775  5.19615242270663                 8
-4.46410161513775  5.19615242270663                10
-5.46410161513775  6.92820323027551               -10
-5.46410161513775  6.92820323027551                -8
-5.46410161513775  6.92820323027551                -6
-5.46410161513775  6.92820323027551                -4
-5.46410161513775  6.92820323027551                -2
-5.46410161513775  6.92820323027551                 0
-5.46410161513775  6.92820323027551                 2
-5.46410161513775  6.92820323027551                 4
-5.46410161513775  6.92820323027551                 6
-5.46410161513775  6.92820323027551                 8
-5.46410161513775  6.92820323027551                10
-6.46410161513775  8.66025403784439               -10
-6.46410161513775  8.66025403784439                -8
-6.46410161513775  8.66025403784439                -6
-6.46410161513775  8.66025403784439                -4
-6.46410161513775  8.66025403784439                -2
-6.46410161513775  8.66025403784439                 0
-6.46410161513775  8.66025403784439                 2
-6.46410161513775  8.66025403784439                 4
-6.46410161513775  8.66025403784439                 6
-6.46410161513775  8.66025403784439                 8
-6.46410161513775  8.66025403784439                10
 5.26794919243112 -7.66025403784439               -10
 5.26794919243112 -7.66025403784439                -8
 5.26794919243112 -7.66025403784439                -6
 5.26794919243112 -7.66025403784439                -4
 5.26794919243112 -7.66025403784439                -2
 5.26794919243112 -7.66025403784439                 0
 5.26794919243112 -7.66025403784439                 2
 5.26794919243112 -7.66025403784439                 4
 5.26794919243112 -7.66025403784439                 6
 5.26794919243112 -7.66025403784439                 8
 5.26794919243112 -7.66025403784439                10
 4.26794919243112 -5.92820323027551               -10
 4.26794919243112 -5.92820323027551                -8
 4.26794919243112 -5.92820323027551                -6
 4.26794919243112 -5.92820323027551                -4
 4.26794919243112 -5.92820323027551                -2
 4.26794919243112 -5.92820323027551                 0
 4.26794919243112 -5.92820323027551                 2
 4.26794919243112 -5.92820323027551                 4
 4.26794919243112 -5.92820323027551                 6
 4.26794919243112 -5.92820323027551                 8
 4.26794919243112 -5.92820323027551                10
 3.26794919243112 -4.19615242270663               -10
 3.26794919243112 -4.19615242270663                -8
 3.26794919243112 -4.19615242270663                -6
 3.26794919243112 -4.19615242270663                -4
 3.26794919243112 -4.19615242270663                -2
 3.26794919243112 -4.19615242270663                 0
 3.26794919243112 -4.19615242270663                 2
 3.26794919243112 -4.19615242270663                 4
 3.26794919243112 -4.19615242270663                 6
 3.26794919243112 -4.19615242270663                 8
 3.26794919243112 -4.19615242270663                10
 2.26794919243112 -2.46410161513775               -10
 2.26794919243112 -2.46410161513775                -8
 2.26794919243112 -2.46410161513775                -6
 2.26794919243112 -2.46410161513775                -4
 2.26794919243112 -2.46410161513775                -2
 2.26794919243112 -2.46410161513775                 0
 2.26794919243112 -2.46410161513775                 2
 2.26794919243112 -2.46410161513775                 4
 2.26794919243112 -2.46410161513775                 6
 2.26794919243112 -2.46410161513775                 8
 2.26794919243112 -2.46410161513775                10
  1.26794919243112 -0.732050807568877                -10
  1.26794919243112 -0.732050807568877                 -8
  1.26794919243112 -0.732050807568877                 -6
  1.26794919243112 -0.732050807568877                 -4
  1.26794919243112 -0.732050807568877                 -2
  1.26794919243112 -0.732050807568877                  0
  1.26794919243112 -0.732050807568877                  2
  1.26794919243112 -0.732050807568877                  4
  1.26794919243112 -0.732050807568877                  6
  1.26794919243112 -0.732050807568877                  8
  1.26794919243112 -0.732050807568877                 10
0.267949192431123                 1               -10
0.267949192431123                 1                -8
0.267949192431123                 1                -6
0.267949192431123                 1                -4
0.267949192431123                 1                -2
0.267949192431123                 1                 0
0.267949192431123                 1                 2
0.267949192431123                 1                 4
0.267949192431123                 1                 6
0.267949192431123                 1                 8
0.267949192431123                 1                10
-0.732050807568877   2.73205080756888                -10
-0.732050807568877   2.73205080756888                 -8
-0.732050807568877   2.73205080756888                 -6
-0.732050807568877   2.73205080756888                 -4
-0.732050807568877   2.73205080756888                 -2
-0.732050807568877   2.73205080756888                  0
-0.732050807568877   2.73205080756888                  2
-0.732050807568877   2.73205080756888                  4
-0.732050807568877   2.73205080756888                  6
-0.732050807568877   2.73205080756888                  8
-0.732050807568877   2.73205080756888                 10
-1.73205080756888  4.46410161513776               -10
-1.73205080756888  4.46410161513776                -8
-1.73205080756888  4.46410161513776                -6
-1.73205080756888  4.46410161513776                -4
-1.73205080756888  4.46410161513776                -2
-1.73205080756888  4.46410161513776                 0
-1.73205080756888  4.46410161513776                 2
-1.73205080756888  4.46410161513776                 4
-1.73205080756888  4.46410161513776                 6
-1.73205080756888  4.46410161513776                 8
-1.73205080756888  4.46410161513776                10
-2.73205080756888  6.19615242270663               -10
-2.73205080756888  6.19615242270663                -8
-2.73205080756888  6.19615242270663                -6
-2.73205080756888  6.19615242270663                -4
-2.73205080756888  6.19615242270663                -2
-2.73205080756888  6.19615242270663                 0
-2.73205080756888  6.19615242270663                 2
-2.73205080756888  6.19615242270663                 4
-2.73205080756888  6.19615242270663                 6
-2.73205080756888  6.19615242270663                 8
-2.73205080756888  6.19615242270663                10
-3.73205080756888  7.92820323027551               -10
-3.73205080756888  7.92820323027551                -8
-3.73205080756888  7.92820323027551                -6
-3.73205080756888  7.92820323027551                -4
-3.73205080756888  7.92820323027551                -2
-3.73205080756888  7.92820323027551                 0
-3.73205080756888  7.92820323027551                 2
-3.73205080756888  7.92820323027551                 4
-3.73205080756888  7.92820323027551                 6
-3.73205080756888  7.92820323027551                 8
-3.73205080756888  7.92820323027551                10
-4.73205080756888  9.66025403784439               -10
-4.73205080756888  9.66025403784439                -8
-4.73205080756888  9.66025403784439                -6
-4.73205080756888  9.66025403784439                -4
-4.73205080756888  9.66025403784439                -2
-4.73205080756888  9.66025403784439                 0
-4.73205080756888  9.66025403784439                 2
-4.73205080756888  9.66025403784439                 4
-4.73205080756888  9.66025403784439                 6
-4.73205080756888  9.66025403784439                 8
-4.73205080756888  9.66025403784439                10
                7 -6.66025403784439               -10
                7 -6.66025403784439                -8
                7 -6.66025403784439                -6
                7 -6.66025403784439                -4
                7 -6.66025403784439                -2
                7 -6.66025403784439                 0
                7 -6.66025403784439                 2
                7 -6.66025403784439                 4
                7 -6.66025403784439                 6
                7 -6.66025403784439                 8
                7 -6.66025403784439                10
                6 -4.92820323027551               -10
                6 -4.92820323027551                -8
                6 -4.92820323027551                -6
                6 -4.92820323027551                -4
                6 -4.92820323027551                -2
                6 -4.92820323027551                 0
                6 -4.92820323027551                 2
                6 -4.92820323027551                 4
                6 -4.92820323027551                 6
                6 -4.92820323027551                 8
                6 -4.92820323027551                10
                5 -3.19615242270663               -10
                5 -3.19615242270663                -8
                5 -3.19615242270663                -6
                5 -3.19615242270663                -4
                5 -3.19615242270663                -2
                5 -3.19615242270663                 0
                5 -3.19615242270663                 2
                5 -3.19615242270663                 4
                5 -3.19615242270663                 6
                5 -3.19615242270663                 8
                5 -3.19615242270663                10
                4 -1.46410161513776               -10
                4 -1.46410161513776                -8
                4 -1.46410161513776                -6
                4 -1.46410161513776                -4
                4 -1.46410161513776                -2
                4 -1.46410161513776                 0
                4 -1.46410161513776                 2
                4 -1.46410161513776                 4
                4 -1.46410161513776                 6
                4 -1.46410161513776                 8
                4 -1.46410161513776                10
                3 0.267949192431123               -10
                3 0.267949192431123                -8
                3 0.267949192431123                -6
                3 0.267949192431123                -4
                3 0.267949192431123                -2
                3 0.267949192431123                 0
                3 0.267949192431123                 2
                3 0.267949192431123                 4
                3 0.267949192431123                 6
                3 0.267949192431123                 8
                3 0.267949192431123                10
  2   2 -10
 2  2 -8
 2  2 -6
 2  2 -4
 2  2 -2
2 2 0
2 2 2
2 2 4
2 2 6
2 2 8
 2  2 10
               1 3.73205080756888              -10
               1 3.73205080756888               -8
               1 3.73205080756888               -6
               1 3.73205080756888               -4
               1 3.73205080756888               -2
               1 3.73205080756888                0
               1 3.73205080756888                2
               1 3.73205080756888                4
               1 3.73205080756888                6
               1 3.73205080756888                8
               1 3.73205080756888               10
               0 5.46410161513776              -10
               0 5.46410161513776               -8
               0 5.46410161513776               -6
               0 5.46410161513776               -4
               0 5.46410161513776               -2
               0 5.46410161513776                0
               0 5.46410161513776                2
               0 5.46410161513776                4
               0 5.46410161513776                6
               0 5.46410161513776                8
               0 5.46410161513776               10
              -1 7.19615242270663              -10
              -1 7.19615242270663               -8
              -1 7.19615242270663               -6
              -1 7.19615242270663               -4
              -1 7.19615242270663               -2
              -1 7.19615242270663                0
              -1 7.19615242270663                2
              -1 7.19615242270663                4
              -1 7.19615242270663                6
              -1 7.19615242270663                8
              -1 7.19615242270663               10
              -2 8.92820323027551              -10
              -2 8.92820323027551               -8
              -2 8.92820323027551               -6
              -2 8.92820323027551               -4
              -2 8.92820323027551               -2
              -2 8.92820323027551                0
              -2 8.92820323027551                2
              -2 8.92820323027551                4
              -2 8.92820323027551                6
              -2 8.92820323027551                8
              -2 8.92820323027551               10
              -3 10.6602540378444              -10
              -3 10.6602540378444               -8
              -3 10.6602540378444               -6
              -3 10.6602540378444               -4
              -3 10.6602540378444               -2
              -3 10.6602540378444                0
              -3 10.6602540378444                2
              -3 10.6602540378444                4
              -3 10.6602540378444                6
              -3 10.6602540378444                8
              -3 10.6602540378444               10
 8.73205080756888 -5.66025403784439               -10
 8.73205080756888 -5.66025403784439                -8
 8.73205080756888 -5.66025403784439                -6
 8.73205080756888 -5.66025403784439                -4
 8.73205080756888 -5.66025403784439                -2
 8.73205080756888 -5.66025403784439                 0
 8.73205080756888 -5.66025403784439                 2
 8.73205080756888 -5.66025403784439                 4
 8.73205080756888 -5.66025403784439                 6
 8.73205080756888 -5.66025403784439                 8
 8.73205080756888 -5.66025403784439                10
 7.73205080756888 -3.92820323027551               -10
 7.73205080756888 -3.92820323027551                -8
 7.73205080756888 -3.92820323027551                -6
 7.73205080756888 -3.92820323027551                -4
 7.73205080756888 -3.92820323027551                -2
 7.73205080756888 -3.92820323027551                 0
 7.73205080756888 -3.92820323027551                 2
 7.73205080756888 -3.92820323027551                 4
 7.73205080756888 -3.92820323027551                 6
 7.73205080756888 -3.92820323027551                 8
 7.73205080756888 -3.92820323027551                10
 6.73205080756888 -2.19615242270663               -10
 6.73205080756888 -2.19615242270663                -8
 6.73205080756888 -2.19615242270663                -6
 6.73205080756888 -2.19615242270663                -4
 6.73205080756888 -2.19615242270663                -2
 6.73205080756888 -2.19615242270663                 0
 6.73205080756888 -2.19615242270663                 2
 6.73205080756888 -2.19615242270663                 4
 6.73205080756888 -2.19615242270663                 6
 6.73205080756888 -2.19615242270663                 8
 6.73205080756888 -2.19615242270663                10
  5.73205080756888 -0.464101615137755                -10
  5.73205080756888 -0.464101615137755                 -8
  5.73205080756888 -0.464101615137755                 -6
  5.73205080756888 -0.464101615137755                 -4
  5.73205080756888 -0.464101615137755                 -2
  5.73205080756888 -0.464101615137755                  0
  5.73205080756888 -0.464101615137755                  2
  5.73205080756888 -0.464101615137755                  4
  5.73205080756888 -0.464101615137755                  6
  5.73205080756888 -0.464101615137755                  8
  5.73205080756888 -0.464101615137755                 10
4.73205080756888 1.26794919243112              -10
4.73205080756888 1.26794919243112               -8
4.73205080756888 1.26794919243112               -6
4.73205080756888 1.26794919243112               -4
4.73205080756888 1.26794919243112               -2
4.73205080756888 1.26794919243112                0
4.73205080756888 1.26794919243112                2
4.73205080756888 1.26794919243112                4
4.73205080756888 1.26794919243112                6
4.73205080756888 1.26794919243112                8
4.73205080756888 1.26794919243112               10
3.73205080756888                3              -10
3.73205080756888                3               -8
3.73205080756888                3               -6
3.73205080756888                3               -4
3.73205080756888                3               -2
3.73205080756888                3                0
3.73205080756888                3                2
3.73205080756888                3                4
3.73205080756888                3                6
3.73205080756888                3                8
3.73205080756888                3               10
2.73205080756888 4.73205080756888              -10
2.73205080756888 4.73205080756888               -8
2.73205080756888 4.73205080756888               -6
2.73205080756888 4.73205080756888               -4
2.73205080756888 4.73205080756888               -2
2.73205080756888 4.73205080756888                0
2.73205080756888 4.73205080756888                2
2.73205080756888 4.73205080756888                4
2.73205080756888 4.73205080756888                6
2.73205080756888 4.73205080756888                8
2.73205080756888 4.73205080756888               10
1.73205080756888 6.46410161513775              -10
1.73205080756888 6.46410161513775               -8
1.73205080756888 6.46410161513775               -6
1.73205080756888 6.46410161513775               -4
1.73205080756888 6.46410161513775               -2
1.73205080756888 6.46410161513775                0
1.73205080756888 6.46410161513775                2
1.73205080756888 6.46410161513775                4
1.73205080756888 6.46410161513775                6
1.73205080756888 6.46410161513775                8
1.73205080756888 6.46410161513775               10
0.732050807568878  8.19615242270663               -10
0.732050807568878  8.19615242270663                -8
0.732050807568878  8.19615242270663                -6
0.732050807568878  8.19615242270663                -4
0.732050807568878  8.19615242270663                -2
0.732050807568878  8.19615242270663                 0
0.732050807568878  8.19615242270663                 2
0.732050807568878  8.19615242270663                 4
0.732050807568878  8.19615242270663                 6
0.732050807568878  8.19615242270663                 8
0.732050807568878  8.19615242270663                10
-0.267949192431122   9.92820323027551                -10
-0.267949192431122   9.92820323027551                 -8
-0.267949192431122   9.92820323027551                 -6
-0.267949192431122   9.92820323027551                 -4
-0.267949192431122   9.92820323027551                 -2
-0.267949192431122   9.92820323027551                  0
-0.267949192431122   9.92820323027551                  2
-0.267949192431122   9.92820323027551                  4
-0.267949192431122   9.92820323027551                  6
-0.267949192431122   9.92820323027551                  8
-0.267949192431122   9.92820323027551                 10
-1.26794919243112  11.6602540378444               -10
-1.26794919243112  11.6602540378444                -8
-1.26794919243112  11.6602540378444                -6
-1.26794919243112  11.6602540378444                -4
-1.26794919243112  11.6602540378444                -2
-1.26794919243112  11.6602540378444                 0
-1.26794919243112  11.6602540378444                 2
-1.26794919243112  11.6602540378444                 4
-1.26794919243112  11.6602540378444                 6
-1.26794919243112  11.6602540378444                 8
-1.26794919243112  11.6602540378444                10
 10.4641016151378 -4.66025403784439               -10
 10.4641016151378 -4.66025403784439                -8
 10.4641016151378 -4.66025403784439                -6
 10.4641016151378 -4.66025403784439                -4
 10.4641016151378 -4.66025403784439                -2
 10.4641016151378 -4.66025403784439                 0
 10.4641016151378 -4.66025403784439                 2
 10.4641016151378 -4.66025403784439                 4
 10.4641016151378 -4.66025403784439                 6
 10.4641016151378 -4.66025403784439                 8
 10.4641016151378 -4.66025403784439                10
 9.46410161513775 -2.92820323027551               -10
 9.46410161513775 -2.92820323027551                -8
 9.46410161513775 -2.92820323027551                -6
 9.46410161513775 -2.92820323027551                -4
 9.46410161513775 -2.92820323027551                -2
 9.46410161513775 -2.92820323027551                 0
 9.46410161513775 -2.92820323027551                 2
 9.46410161513775 -2.92820323027551                 4
 9.46410161513775 -2.92820323027551                 6
 9.46410161513775 -2.92820323027551                 8
 9.46410161513775 -2.92820323027551                10
 8.46410161513775 -1.19615242270663               -10
 8.46410161513775 -1.19615242270663                -8
 8.46410161513775 -1.19615242270663                -6
 8.46410161513775 -1.19615242270663                -4
 8.46410161513775 -1.19615242270663                -2
 8.46410161513775 -1.19615242270663                 0
 8.46410161513775 -1.19615242270663                 2
 8.46410161513775 -1.19615242270663                 4
 8.46410161513775 -1.19615242270663                 6
 8.46410161513775 -1.19615242270663                 8
 8.46410161513775 -1.19615242270663                10
 7.46410161513775 0.535898384862245               -10
 7.46410161513775 0.535898384862245                -8
 7.46410161513775 0.535898384862245                -6
 7.46410161513775 0.535898384862245                -4
 7.46410161513775 0.535898384862245                -2
 7.46410161513775 0.535898384862245                 0
 7.46410161513775 0.535898384862245                 2
 7.46410161513775 0.535898384862245                 4
 7.46410161513775 0.535898384862245                 6
 7.46410161513775 0.535898384862245                 8
 7.46410161513775 0.535898384862245                10
6.46410161513775 2.26794919243112              -10
6.46410161513775 2.26794919243112               -8
6.46410161513775 2.26794919243112               -6
6.46410161513775 2.26794919243112               -4
6.46410161513775 2.26794919243112               -2
6.46410161513775 2.26794919243112                0
6.46410161513775 2.26794919243112                2
6.46410161513775 2.26794919243112                4
6.46410161513775 2.26794919243112                6
6.46410161513775 2.26794919243112                8
6.46410161513775 2.26794919243112               10
5.46410161513776                4              -10
5.46410161513776                4               -8
5.46410161513776                4               -6
5.46410161513776                4               -4
5.46410161513776                4               -2
5.46410161513776                4                0
5.46410161513776                4                2
5.46410161513776                4                4
5.46410161513776                4                6
5.46410161513776                4                8
5.46410161513776                4               10
4.46410161513776 5.73205080756888              -10
4.46410161513776 5.73205080756888               -8
4.46410161513776 5.73205080756888               -6
4.46410161513776 5.73205080756888               -4
4.46410161513776 5.73205080756888               -2
4.46410161513776 5.73205080756888                0
4.46410161513776 5.73205080756888                2
4.46410161513776 5.73205080756888                4
4.46410161513776 5.73205080756888                6
4.46410161513776 5.73205080756888                8
4.46410161513776 5.73205080756888               10
3.46410161513775 7.46410161513775              -10
3.46410161513775 7.46410161513775               -8
3.46410161513775 7.46410161513775               -6
3.46410161513775 7.46410161513775               -4
3.46410161513775 7.46410161513775               -2
3.46410161513775 7.46410161513775                0
3.46410161513775 7.46410161513775                2
3.46410161513775 7.46410161513775                4
3.46410161513775 7.46410161513775                6
3.46410161513775 7.46410161513775                8
3.46410161513775 7.46410161513775               10
2.46410161513775 9.19615242270663              -10
2.46410161513775 9.19615242270663               -8
2.46410161513775 9.19615242270663               -6
2.46410161513775 9.19615242270663               -4
2.46410161513775 9.19615242270663               -2
2.46410161513775 9.19615242270663                0
2.46410161513775 9.19615242270663                2
2.46410161513775 9.19615242270663                4
2.46410161513775 9.19615242270663                6
2.46410161513775 9.19615242270663                8
2.46410161513775 9.19615242270663               10
1.46410161513776 10.9282032302755              -10
1.46410161513776 10.9282032302755               -8
1.46410161513776 10.9282032302755               -6
1.46410161513776 10.9282032302755               -4
1.46410161513776 10.9282032302755               -2
1.46410161513776 10.9282032302755                0
1.46410161513776 10.9282032302755                2
1.46410161513776 10.9282032302755                4
1.46410161513776 10.9282032302755                6
1.46410161513776 10.9282032302755                8
1.46410161513776 10.9282032302755               10
0.464101615137756  12.6602540378444               -10
0.464101615137756  12.6602540378444                -8
0.464101615137756  12.6602540378444                -6
0.464101615137756  12.6602540378444                -4
0.464101615137756  12.6602540378444                -2
0.464101615137756  12.6602540378444                 0
0.464101615137756  12.6602540378444                 2
0.464101615137756  12.6602540378444                 4
0.464101615137756  12.6602540378444                 6
0.464101615137756  12.6602540378444                 8
0.464101615137756  12.6602540378444                10
 12.1961524227066 -3.66025403784439               -10
 12.1961524227066 -3.66025403784439                -8
 12.1961524227066 -3.66025403784439                -6
 12.1961524227066 -3.66025403784439                -4
 12.1961524227066 -3.66025403784439                -2
 12.1961524227066 -3.66025403784439                 0
 12.1961524227066 -3.66025403784439                 2
 12.1961524227066 -3.66025403784439                 4
 12.1961524227066 -3.66025403784439                 6
 12.1961524227066 -3.66025403784439                 8
 12.1961524227066 -3.66025403784439                10
 11.1961524227066 -1.92820323027551               -10
 11.1961524227066 -1.92820323027551                -8
 11.1961524227066 -1.92820323027551                -6
 11.1961524227066 -1.92820323027551                -4
 11.1961524227066 -1.92820323027551                -2
 11.1961524227066 -1.92820323027551                 0
 11.1961524227066 -1.92820323027551                 2
 11.1961524227066 -1.92820323027551                 4
 11.1961524227066 -1.92820323027551                 6
 11.1961524227066 -1.92820323027551                 8
 11.1961524227066 -1.92820323027551                10
  10.1961524227066 -0.196152422706632                -10
  10.1961524227066 -0.196152422706632                 -8
  10.1961524227066 -0.196152422706632                 -6
  10.1961524227066 -0.196152422706632                 -4
  10.1961524227066 -0.196152422706632                 -2
  10.1961524227066 -0.196152422706632                  0
  10.1961524227066 -0.196152422706632                  2
  10.1961524227066 -0.196152422706632                  4
  10.1961524227066 -0.196152422706632                  6
  10.1961524227066 -0.196152422706632                  8
  10.1961524227066 -0.196152422706632                 10
9.19615242270663 1.53589838486224              -10
9.19615242270663 1.53589838486224               -8
9.19615242270663 1.53589838486224               -6
9.19615242270663 1.53589838486224               -4
9.19615242270663 1.53589838486224               -2
9.19615242270663 1.53589838486224                0
9.19615242270663 1.53589838486224                2
9.19615242270663 1.53589838486224                4
9.19615242270663 1.53589838486224                6
9.19615242270663 1.53589838486224                8
9.19615242270663 1.53589838486224               10
8.19615242270663 3.26794919243112              -10
8.19615242270663 3.26794919243112               -8
8.19615242270663 3.26794919243112               -6
8.19615242270663 3.26794919243112               -4
8.19615242270663 3.26794919243112               -2
8.19615242270663 3.26794919243112                0
8.19615242270663 3.26794919243112                2
8.19615242270663 3.26794919243112                4
8.19615242270663 3.26794919243112                6
8.19615242270663 3.26794919243112                8
8.19615242270663 3.26794919243112               10
7.19615242270663                5              -10
7.19615242270663                5               -8
7.19615242270663                5               -6
7.19615242270663                5               -4
7.19615242270663                5               -2
7.19615242270663                5                0
7.19615242270663                5                2
7.19615242270663                5                4
7.19615242270663                5                6
7.19615242270663                5                8
7.19615242270663                5               10
6.19615242270663 6.73205080756888              -10
6.19615242270663 6.73205080756888               -8
6.19615242270663 6.73205080756888               -6
6.19615242270663 6.73205080756888               -4
6.19615242270663 6.73205080756888               -2
6.19615242270663 6.73205080756888                0
6.19615242270663 6.73205080756888                2
6.19615242270663 6.73205080756888                4
6.19615242270663 6.73205080756888                6
6.19615242270663 6.73205080756888                8
6.19615242270663 6.73205080756888               10
5.19615242270663 8.46410161513775              -10
5.19615242270663 8.46410161513775               -8
5.19615242270663 8.46410161513775               -6
5.19615242270663 8.46410161513775               -4
5.19615242270663 8.46410161513775               -2
5.19615242270663 8.46410161513775                0
5.19615242270663 8.46410161513775                2
5.19615242270663 8.46410161513775                4
5.19615242270663 8.46410161513775                6
5.19615242270663 8.46410161513775                8
5.19615242270663 8.46410161513775               10
4.19615242270663 10.1961524227066              -10
4.19615242270663 10.1961524227066               -8
4.19615242270663 10.1961524227066               -6
4.19615242270663 10.1961524227066               -4
4.19615242270663 10.1961524227066               -2
4.19615242270663 10.1961524227066                0
4.19615242270663 10.1961524227066                2
4.19615242270663 10.1961524227066                4
4.19615242270663 10.1961524227066                6
4.19615242270663 10.1961524227066                8
4.19615242270663 10.1961524227066               10
3.19615242270663 11.9282032302755              -10
3.19615242270663 11.9282032302755               -8
3.19615242270663 11.9282032302755               -6
3.19615242270663 11.9282032302755               -4
3.19615242270663 11.9282032302755               -2
3.19615242270663 11.9282032302755                0
3.19615242270663 11.9282032302755                2
3.19615242270663 11.9282032302755                4
3.19615242270663 11.9282032302755                6
3.19615242270663 11.9282032302755                8
3.19615242270663 11.9282032302755               10
2.19615242270663 13.6602540378444              -10
2.19615242270663 13.6602540378444               -8
2.19615242270663 13.6602540378444               -6
2.19615242270663 13.6602540378444               -4
2.19615242270663 13.6602540378444               -2
2.19615242270663 13.6602540378444                0
2.19615242270663 13.6602540378444                2
2.19615242270663 13.6602540378444                4
2.19615242270663 13.6602540378444                6
2.19615242270663 13.6602540378444                8
2.19615242270663 13.6602540378444               10
 13.9282032302755 -2.66025403784439               -10
 13.9282032302755 -2.66025403784439                -8
 13.9282032302755 -2.66025403784439                -6
 13.9282032302755 -2.66025403784439                -4
 13.9282032302755 -2.66025403784439                -2
 13.9282032302755 -2.66025403784439                 0
 13.9282032302755 -2.66025403784439                 2
 13.9282032302755 -2.66025403784439                 4
 13.9282032302755 -2.66025403784439                 6
 13.9282032302755 -2.66025403784439                 8
 13.9282032302755 -2.66025403784439                10
 12.9282032302755 -0.92820323027551               -10
 12.9282032302755 -0.92820323027551                -8
 12.9282032302755 -0.92820323027551                -6
 12.9282032302755 -0.92820323027551                -4
 12.9282032302755 -0.92820323027551                -2
 12.9282032302755 -0.92820323027551                 0
 12.9282032302755 -0.92820323027551                 2
 12.9282032302755 -0.92820323027551                 4
 12.9282032302755 -0.92820323027551                 6
 12.9282032302755 -0.92820323027551                 8
 12.9282032302755 -0.92820323027551                10
 11.9282032302755 0.803847577293368               -10
 11.9282032302755 0.803847577293368                -8
 11.9282032302755 0.803847577293368                -6
 11.9282032302755 0.803847577293368                -4
 11.9282032302755 0.803847577293368                -2
 11.9282032302755 0.803847577293368                 0
 11.9282032302755 0.803847577293368                 2
 11.9282032302755 0.803847577293368                 4
 11.9282032302755 0.803847577293368                 6
 11.9282032302755 0.803847577293368                 8
 11.9282032302755 0.803847577293368                10
10.9282032302755 2.53589838486225              -10
10.9282032302755 2.53589838486225               -8
10.9282032302755 2.53589838486225               -6
10.9282032302755 2.53589838486225               -4
10.9282032302755 2.53589838486225               -2
10.9282032302755 2.53589838486225                0
10.9282032302755 2.53589838486225                2
10.9282032302755 2.53589838486225                4
10.9282032302755 2.53589838486225                6
10.9282032302755 2.53589838486225                8
10.9282032302755 2.53589838486225               10
9.92820323027551 4.26794919243112              -10
9.92820323027551 4.26794919243112               -8
9.92820323027551 4.26794919243112               -6
9.92820323027551 4.26794919243112               -4
9.92820323027551 4.26794919243112               -2
9.92820323027551 4.26794919243112                0
9.92820323027551 4.26794919243112                2
9.92820323027551 4.26794919243112                4
9.92820323027551 4.26794919243112                6
9.92820323027551 4.26794919243112                8
9.92820323027551 4.26794919243112               10
8.92820323027551                6              -10
8.92820323027551                6               -8
8.92820323027551                6               -6
8.92820323027551                6               -4
8.92820323027551                6               -2
8.92820323027551                6                0
8.92820323027551                6                2
8.92820323027551                6                4
8.92820323027551                6                6
8.92820323027551                6                8
8.92820323027551                6               10
7.92820323027551 7.73205080756888              -10
7.92820323027551 7.73205080756888               -8
7.92820323027551 7.73205080756888               -6
7.92820323027551 7.73205080756888               -4
7.92820323027551 7.73205080756888               -2
7.92820323027551 7.73205080756888                0
7.92820323027551 7.73205080756888                2
7.92820323027551 7.73205080756888                4
7.92820323027551 7.73205080756888                6
7.92820323027551 7.73205080756888                8
7.92820323027551 7.73205080756888               10
6.92820323027551 9.46410161513775              -10
6.92820323027551 9.46410161513775               -8
6.92820323027551 9.46410161513775               -6
6.92820323027551 9.46410161513775               -4
6.92820323027551 9.46410161513775               -2
6.92820323027551 9.46410161513775                0
6.92820323027551 9.46410161513775                2
6.92820323027551 9.46410161513775                4
6.92820323027551 9.46410161513775                6
6.92820323027551 9.46410161513775                8
6.92820323027551 9.46410161513775               10
5.92820323027551 11.1961524227066              -10
5.92820323027551 11.1961524227066               -8
5.92820323027551 11.1961524227066               -6
5.92820323027551 11.1961524227066               -4
5.92820323027551 11.1961524227066               -2
5.92820323027551 11.1961524227066                0
5.92820323027551 11.1961524227066                2
5.92820323027551 11.1961524227066                4
5.92820323027551 11.1961524227066                6
5.92820323027551 11.1961524227066                8
5.92820323027551 11.1961524227066               10
4.92820323027551 12.9282032302755              -10
4.92820323027551 12.9282032302755               -8
4.92820323027551 12.9282032302755               -6
4.92820323027551 12.9282032302755               -4
4.92820323027551 12.9282032302755               -2
4.92820323027551 12.9282032302755                0
4.92820323027551 12.9282032302755                2
4.92820323027551 12.9282032302755                4
4.92820323027551 12.9282032302755                6
4.92820323027551 12.9282032302755                8
4.92820323027551 12.9282032302755               10
3.92820323027551 14.6602540378444              -10
3.92820323027551 14.6602540378444               -8
3.92820323027551 14.6602540378444               -6
3.92820323027551 14.6602540378444               -4
3.92820323027551 14.6602540378444               -2
3.92820323027551 14.6602540378444                0
3.92820323027551 14.6602540378444                2
3.92820323027551 14.6602540378444                4
3.92820323027551 14.6602540378444                6
3.92820323027551 14.6602540378444                8
3.92820323027551 14.6602540378444               10
 15.6602540378444 -1.66025403784439               -10
 15.6602540378444 -1.66025403784439                -8
 15.6602540378444 -1.66025403784439                -6
 15.6602540378444 -1.66025403784439                -4
 15.6602540378444 -1.66025403784439                -2
 15.6602540378444 -1.66025403784439                 0
 15.6602540378444 -1.66025403784439                 2
 15.6602540378444 -1.66025403784439                 4
 15.6602540378444 -1.66025403784439                 6
 15.6602540378444 -1.66025403784439                 8
 15.6602540378444 -1.66025403784439                10
 14.6602540378444 0.071796769724489               -10
 14.6602540378444 0.071796769724489                -8
 14.6602540378444 0.071796769724489                -6
 14.6602540378444 0.071796769724489                -4
 14.6602540378444 0.071796769724489                -2
 14.6602540378444 0.071796769724489                 0
 14.6602540378444 0.071796769724489                 2
 14.6602540378444 0.071796769724489                 4
 14.6602540378444 0.071796769724489                 6
 14.6602540378444 0.071796769724489                 8
 14.6602540378444 0.071796769724489                10
13.6602540378444 1.80384757729337              -10
13.6602540378444 1.80384757729337               -8
13.6602540378444 1.80384757729337               -6
13.6602540378444 1.80384757729337               -4
13.6602540378444 1.80384757729337               -2
13.6602540378444 1.80384757729337                0
13.6602540378444 1.80384757729337                2
13.6602540378444 1.80384757729337                4
13.6602540378444 1.80384757729337                6
13.6602540378444 1.80384757729337                8
13.6602540378444 1.80384757729337               10
12.6602540378444 3.53589838486224              -10
12.6602540378444 3.53589838486224               -8
12.6602540378444 3.53589838486224               -6
12.6602540378444 3.53589838486224               -4
12.6602540378444 3.53589838486224               -2
12.6602540378444 3.53589838486224                0
12.6602540378444 3.53589838486224                2
12.6602540378444 3.53589838486224                4
12.6602540378444 3.53589838486224                6
12.6602540378444 3.53589838486224                8
12.6602540378444 3.53589838486224               10
11.6602540378444 5.26794919243112              -10
11.6602540378444 5.26794919243112               -8
11.6602540378444 5.26794919243112               -6
11.6602540378444 5.26794919243112               -4
11.6602540378444 5.26794919243112               -2
11.6602540378444 5.26794919243112                0
11.6602540378444 5.26794919243112                2
11.6602540378444 5.26794919243112                4
11.6602540378444 5.26794919243112                6
11.6602540378444 5.26794919243112                8
11.6602540378444 5.26794919243112               10
10.6602540378444                7              -10
10.6602540378444                7               -8
10.6602540378444                7               -6
10.6602540378444                7               -4
10.6602540378444                7               -2
10.6602540378444                7                0
10.6602540378444                7                2
10.6602540378444                7                4
10.6602540378444                7                6
10.6602540378444                7                8
10.6602540378444                7               10
9.66025403784439 8.73205080756888              -10
9.66025403784439 8.73205080756888               -8
9.66025403784439 8.73205080756888               -6
9.66025403784439 8.73205080756888               -4
9.66025403784439 8.73205080756888               -2
9.66025403784439 8.73205080756888                0
9.66025403784439 8.73205080756888                2
9.66025403784439 8.73205080756888                4
9.66025403784439 8.73205080756888                6
9.66025403784439 8.73205080756888                8
9.66025403784439 8.73205080756888               10
8.66025403784439 10.4641016151378              -10
8.66025403784439 10.4641016151378               -8
8.66025403784439 10.4641016151378               -6
8.66025403784439 10.4641016151378               -4
8.66025403784439 10.4641016151378               -2
8.66025403784439 10.4641016151378                0
8.66025403784439 10.4641016151378                2
8.66025403784439 10.4641016151378                4
8.66025403784439 10.4641016151378                6
8.66025403784439 10.4641016151378                8
8.66025403784439 10.4641016151378               10
7.66025403784439 12.1961524227066              -10
7.66025403784439 12.1961524227066               -8
7.66025403784439 12.1961524227066               -6
7.66025403784439 12.1961524227066               -4
7.66025403784439 12.1961524227066               -2
7.66025403784439 12.1961524227066                0
7.66025403784439 12.1961524227066                2
7.66025403784439 12.1961524227066                4
7.66025403784439 12.1961524227066                6
7.66025403784439 12.1961524227066                8
7.66025403784439 12.1961524227066               10
6.66025403784439 13.9282032302755              -10
6.66025403784439 13.9282032302755               -8
6.66025403784439 13.9282032302755               -6
6.66025403784439 13.9282032302755               -4
6.66025403784439 13.9282032302755               -2
6.66025403784439 13.9282032302755                0
6.66025403784439 13.9282032302755                2
6.66025403784439 13.9282032302755                4
6.66025403784439 13.9282032302755                6
6.66025403784439 13.9282032302755                8
6.66025403784439 13.9282032302755               10
5.66025403784439 15.6602540378444              -10
5.66025403784439 15.6602540378444               -8
5.66025403784439 15.6602540378444               -6
5.66025403784439 15.6602540378444               -4
5.66025403784439 15.6602540378444               -2
5.66025403784439 15.6602540378444                0
5.66025403784439 15.6602540378444                2
5.66025403784439 15.6602540378444                4
5.66025403784439 15.6602540378444                6
5.66025403784439 15.6602540378444                8
5.66025403784439 15.6602540378444               10

Point: corresp_imgpoint
-10 -10 -10
-10 -10  -8
-10 -10  -6
-10 -10  -4
-10 -10  -2
-10 -10   0
-10 -10   2
-10 -10   4
-10 -10   6
-10 -10   8
-10 -10  10
-10  -8 -10
-10  -8  -8
-10  -8  -6
-10  -8  -4
-10  -8  -2
-10  -8   0
-10  -8   2
-10  -8   4
-10  -8   6
-10  -8   8
-10  -8  10
-10  -6 -10
-10  -6  -8
-10  -6  -6
-10  -6  -4
-10  -6  -2
-10  -6   0
-10  -6   2
-10  -6   4
-10  -6   6
-10  -6   8
-10  -6  10
-10  -4 -10
-10  -4  -8
-10  -4  -6
-10  -4  -4
-10  -4  -2
-10  -4   0
-10  -4   2
-10  -4   4
-10  -4   6
-10  -4   8
-10  -4  10
-10  -2 -10
-10  -2  -8
-10  -2  -6
-10  -2  -4
-10  -2  -2
-10  -2   0
-10  -2   2
-10  -2   4
-10  -2   6
-10  -2   8
-10  -2  10
-10   0 -10
-10   0  -8
-10   0  -6
-10   0  -4
-10   0  -2
-10   0   0
-10   0   2
-10   0   4
-10   0   6
-10   0   8
-10   0  10
-10   2 -10
-10   2  -8
-10   2  -6
-10   2  -4
-10   2  -2
-10   2   0
-10   2   2
-10   2   4
-10   2   6
-10   2   8
-10   2  10
-10   4 -10
-10   4  -8
-10   4  -6
-10   4  -4
-10   4  -2
-10   4   0
-10   4   2
-10   4   4
-10   4   6
-10   4   8
-10   4  10
-10   6 -10
-10   6  -8
-10   6  -6
-10   6  -4
-10   6  -2
-10   6   0
-10   6   2
-10   6   4
-10   6   6
-10   6   8
-10   6  10
-10   8 -10
-10   8  -8
-10   8  -6
-10   8  -4
-10   8  -2
-10   8   0
-10   8   2
-10   8   4
-10   8   6
-10   8   8
-10   8  10
-10  10 -10
-10  10  -8
-10  10  -6
-10  10  -4
-10  10  -2
-10  10   0
-10  10   2
-10  10   4
-10  10   6
-10  10   8
-10  10  10
 -8 -10 -10
 -8 -10  -8
 -8 -10  -6
 -8 -10  -4
 -8 -10  -2
 -8 -10   0
 -8 -10   2
 -8 -10   4
 -8 -10   6
 -8 -10   8
 -8 -10  10
 -8  -8 -10
-8 -8 -8
-8 -8 -6
-8 -8 -4
-8 -8 -2
-8 -8  0
-8 -8  2
-8 -8  4
-8 -8  6
-8 -8  8
-8 -8 10
 -8  -6 -10
-8 -6 -8
-8 -6 -6
-8 -6 -4
-8 -6 -2
-8 -6  0
-8 -6  2
-8 -6  4
-8 -6  6
-8 -6  8
-8 -6 10
 -8  -4 -10
-8 -4 -8
-8 -4 -6
-8 -4 -4
-8 -4 -2
-8 -4  0
-8 -4  2
-8 -4  4
-8 -4  6
-8 -4  8
-8 -4 10
 -8  -2 -10
-8 -2 -8
-8 -2 -6
-8 -2 -4
-8 -2 -2
-8 -2  0
-8 -2  2
-8 -2  4
-8 -2  6
-8 -2  8
-8 -2 10
 -8   0 -10
-8  0 -8
-8  0 -6
-8  0 -4
-8  0 -2
-8  0  0
-8  0  2
-8  0  4
-8  0  6
-8  0  8
-8  0 10
 -8   2 -10
-8  2 -8
-8  2 -6
-8  2 -4
-8  2 -2
-8  2  0
-8  2  2
-8  2  4
-8  2  6
-8  2  8
-8  2 10
 -8   4 -10
-8  4 -8
-8  4 -6
-8  4 -4
-8  4 -2
-8  4  0
-8  4  2
-8  4  4
-8  4  6
-8  4  8
-8  4 10
 -8   6 -10
-8  6 -8
-8  6 -6
-8  6 -4
-8  6 -2
-8  6  0
-8  6  2
-8  6  4
-8  6  6
-8  6  8
-8  6 10
 -8   8 -10
-8  8 -8
-8  8 -6
-8  8 -4
-8  8 -2
-8  8  0
-8  8  2
-8  8  4
-8  8  6
-8  8  8
-8  8 10
 -8  10 -10
-8 10 -8
-8 10 -6
-8 10 -4
-8 10 -2
-8 10  0
-8 10  2
-8 10  4
-8 10  6
-8 10  8
-8 10 10
 -6 -10 -10
 -6 -10  -8
 -6 -10  -6
 -6 -10  -4
 -6 -10  -2
 -6 -10   0
 -6 -10   2
 -6 -10   4
 -6 -10   6
 -6 -10   8
 -6 -10  10
 -6  -8 -10
-6 -8 -8
-6 -8 -6
-6 -8 -4
-6 -8 -2
-6 -8  0
-6 -8  2
-6 -8  4
-6 -8  6
-6 -8  8
-6 -8 10
 -6  -6 -10
-6 -6 -8
-6 -6 -6
-6 -6 -4
-6 -6 -2
-6 -6  0
-6 -6  2
-6 -6  4
-6 -6  6
-6 -6  8
-6 -6 10
 -6  -4 -10
-6 -4 -8
-6 -4 -6
-6 -4 -4
-6 -4 -2
-6 -4  0
-6 -4  2
-6 -4  4
-6 -4  6
-6 -4  8
-6 -4 10
 -6  -2 -10
-6 -2 -8
-6 -2 -6
-6 -2 -4
-6 -2 -2
-6 -2  0
-6 -2  2
-6 -2  4
-6 -2  6
-6 -2  8
-6 -2 10
 -6   0 -10
-6  0 -8
-6  0 -6
-6  0 -4
-6  0 -2
-6  0  0
-6  0  2
-6  0  4
-6  0  6
-6  0  8
-6  0 10
 -6   2 -10
-6  2 -8
-6  2 -6
-6  2 -4
-6  2 -2
-6  2  0
-6  2  2
-6  2  4
-6  2  6
-6  2  8
-6  2 10
 -6   4 -10
-6  4 -8
-6  4 -6
-6  4 -4
-6  4 -2
-6  4  0
-6  4  2
-6  4  4
-6  4  6
-6  4  8
-6  4 10
 -6   6 -10
-6  6 -8
-6  6 -6
-6  6 -4
-6  6 -2
-6  6  0
-6  6  2
-6  6  4
-6  6  6
-6  6  8
-6  6 10
 -6   8 -10
-6  8 -8
-6  8 -6
-6  8 -4
-6  8 -2
-6  8  0
-6  8  2
-6  8  4
-6  8  6
-6  8  8
-6  8 10
 -6  10 -10
-6 10 -8
-6 10 -6
-6 10 -4
-6 10 -2
-6 10  0
-6 10  2
-6 10  4
-6 10  6
-6 10  8
-6 10 10
 -4 -10 -10
 -4 -10  -8
 -4 -10  -6
 -4 -10  -4
 -4 -10  -2
 -4 -10   0
 -4 -10   2
 -4 -10   4
 -4 -10   6
 -4 -10   8
 -4 -10  10
 -4  -8 -10
-4 -8 -8
-4 -8 -6
-4 -8 -4
-4 -8 -2
-4 -8  0
-4 -8  2
-4 -8  4
-4 -8  6
-4 -8  8
-4 -8 10
 -4  -6 -10
-4 -6 -8
-4 -6 -6
-4 -6 -4
-4 -6 -2
-4 -6  0
-4 -6  2
-4 -6  4
-4 -6  6
-4 -6  8
-4 -6 10
 -4  -4 -10
-4 -4 -8
-4 -4 -6
-4 -4 -4
-4 -4 -2
-4 -4  0
-4 -4  2
-4 -4  4
-4 -4  6
-4 -4  8
-4 -4 10
 -4  -2 -10
-4 -2 -8
-4 -2 -6
-4 -2 -4
-4 -2 -2
-4 -2  0
-4 -2  2
-4 -2  4
-4 -2  6
-4 -2  8
-4 -2 10
 -4   0 -10
-4  0 -8
-4  0 -6
-4  0 -4
-4  0 -2
-4  0  0
-4  0  2
-4  0  4
-4  0  6
-4  0  8
-4  0 10
 -4   2 -10
-4  2 -8
-4  2 -6
-4  2 -4
-4  2 -2
-4  2  0
-4  2  2
-4  2  4
-4  2  6
-4  2  8
-4  2 10
 -4   4 -10
-4  4 -8
-4  4 -6
-4  4 -4
-4  4 -2
-4  4  0
-4  4  2
-4  4  4
-4  4  6
-4  4  8
-4  4 10
 -4   6 -10
-4  6 -8
-4  6 -6
-4  6 -4
-4  6 -2
-4  6  0
-4  6  2
-4  6  4
-4  6  6
-4  6  8
-4  6 10
 -4   8 -10
-4  8 -8
-4  8 -6
-4  8 -4
-4  8 -2
-4  8  0
-4  8  2
-4  8  4
-4  8  6
-4  8  8
-4  8 10
 -4  10 -10
-4 10 -8
-4 10 -6
-4 10 -4
-4 10 -2
-4 10  0
-4 10  2
-4 10  4
-4 10  6
-4 10  8
-4 10 10
 -2 -10 -10
 -2 -10  -8
 -2 -10  -6
 -2 -10  -4
 -2 -10  -2
 -2 -10   0
 -2 -10   2
 -2 -10   4
 -2 -10   6
 -2 -10   8
 -2 -10  10
 -2  -8 -10
-2 -8 -8
-2 -8 -6
-2 -8 -4
-2 -8 -2
-2 -8  0
-2 -8  2
-2 -8  4
-2 -8  6
-2 -8  8
-2 -8 10
 -2  -6 -10
-2 -6 -8
-2 -6 -6
-2 -6 -4
-2 -6 -2
-2 -6  0
-2 -6  2
-2 -6  4
-2 -6  6
-2 -6  8
-2 -6 10
 -2  -4 -10
-2 -4 -8
-2 -4 -6
-2 -4 -4
-2 -4 -2
-2 -4  0
-2 -4  2
-2 -4  4
-2 -4  6
-2 -4  8
-2 -4 10
 -2  -2 -10
-2 -2 -8
-2 -2 -6
-2 -2 -4
-2 -2 -2
-2 -2  0
-2 -2  2
-2 -2  4
-2 -2  6
-2 -2  8
-2 -2 10
 -2   0 -10
-2  0 -8
-2  0 -6
-2  0 -4
-2  0 -2
-2  0  0
-2  0  2
-2  0  4
-2  0  6
-2  0  8
-2  0 10
 -2   2 -10
-2  2 -8
-2  2 -6
-2  2 -4
-2  2 -2
-2  2  0
-2  2  2
-2  2  4
-2  2  6
-2  2  8
-2  2 10
 -2   4 -10
-2  4 -8
-2  4 -6
-2  4 -4
-2  4 -2
-2  4  0
-2  4  2
-2  4  4
-2  4  6
-2  4  8
-2  4 10
 -2   6 -10
-2  6 -8
-2  6 -6
-2  6 -4
-2  6 -2
-2  6  0
-2  6  2
-2  6  4
-2  6  6
-2  6  8
-2  6 10
 -2   8 -10
-2  8 -8
-2  8 -6
-2  8 -4
-2  8 -2
-2  8  0
-2  8  2
-2  8  4
-2  8  6
-2  8  8
-2  8 10
 -2  10 -10
-2 10 -8
-2 10 -6
-2 10 -4
-2 10 -2
-2 10  0
-2 10  2
-2 10  4
-2 10  6
-2 10  8
-2 10 10
  0 -10 -10
  0 -10  -8
  0 -10  -6
  0 -10  -4
  0 -10  -2
  0 -10   0
  0 -10   2
  0 -10   4
  0 -10   6
  0 -10   8
  0 -10  10
  0  -8 -10
 0 -8 -8
 0 -8 -6
 0 -8 -4
 0 -8 -2
 0 -8  0
 0 -8  2
 0 -8  4
 0 -8  6
 0 -8  8
 0 -8 10
  0  -6 -10
 0 -6 -8
 0 -6 -6
 0 -6 -4
 0 -6 -2
 0 -6  0
 0 -6  2
 0 -6  4
 0 -6  6
 0 -6  8
 0 -6 10
  0  -4 -10
 0 -4 -8
 0 -4 -6
 0 -4 -4
 0 -4 -2
 0 -4  0
 0 -4  2
 0 -4  4
 0 -4  6
 0 -4  8
 0 -4 10
  0  -2 -10
 0 -2 -8
 0 -2 -6
 0 -2 -4
 0 -2 -2
 0 -2  0
 0 -2  2
 0 -2  4
 0 -2  6
 0 -2  8
 0 -2 10
  0   0 -10
 0  0 -8
 0  0 -6
 0  0 -4
 0  0 -2
0 0 0
0 0 2
0 0 4
0 0 6
0 0 8
 0  0 10
  0   2 -10
 0  2 -8
 0  2 -6
 0  2 -4
 0  2 -2
0 2 0
0 2 2
0 2 4
0 2 6
0 2 8
 0  2 10
  0   4 -10
 0  4 -8
 0  4 -6
 0  4 -4
 0  4 -2
0 4 0
0 4 2
0 4 4
0 4 6
0 4 8
 0  4 10
  0   6 -10
 0  6 -8
 0  6 -6
 0  6 -4
 0  6 -2
0 6 0
0 6 2
0 6 4
0 6 6
0 6 8
 0  6 10
  0   8 -10
 0  8 -8
 0  8 -6
 0  8 -4
 0  8 -2
0 8 0
0 8 2
0 8 4
0 8 6
0 8 8
 0  8 10
  0  10 -10
 0 10 -8
 0 10 -6
 0 10 -4
 0 10 -2
 0 10  0
 0 10  2
 0 10  4
 0 10  6
 0 10  8
 0 10 10
  2 -10 -10
  2 -10  -8
  2 -10  -6
  2 -10  -4
  2 -10  -2
  2 -10   0
  2 -10   2
  2 -10   4
  2 -10   6
  2 -10   8
  2 -10  10
  2  -8 -10
 2 -8 -8
 2 -8 -6
 2 -8 -4
 2 -8 -2
 2 -8  0
 2 -8  2
 2 -8  4
 2 -8  6
 2 -8  8
 2 -8 10
  2  -6 -10
 2 -6 -8
 2 -6 -6
 2 -6 -4
 2 -6 -2
 2 -6  0
 2 -6  2
 2 -6  4
 2 -6  6
 2 -6  8
 2 -6 10
  2  -4 -10
 2 -4 -8
 2 -4 -6
 2 -4 -4
 2 -4 -2
 2 -4  0
 2 -4  2
 2 -4  4
 2 -4  6
 2 -4  8
 2 -4 10
  2  -2 -10
 2 -2 -8
 2 -2 -6
 2 -2 -4
 2 -2 -2
 2 -2  0
 2 -2  2
 2 -2  4
 2 -2  6
 2 -2  8
 2 -2 10
  2   0 -10
 2  0 -8
 2  0 -6
 2  0 -4
 2  0 -2
2 0 0
2 0 2
2 0 4
2 0 6
2 0 8
 2  0 10
  2   2 -10
 2  2 -8
 2  2 -6
 2  2 -4
 2  2 -2
2 2 0
2 2 2
2 2 4
2 2 6
2 2 8
 2  2 10
  2   4 -10
 2  4 -8
 2  4 -6
 2  4 -4
 2  4 -2
2 4 0
2 4 2
2 4 4
2 4 6
2 4 8
 2  4 10
  2   6 -10
 2  6 -8
 2  6 -6
 2  6 -4
 2  6 -2
2 6 0
2 6 2
2 6 4
2 6 6
2 6 8
 2  6 10
  2   8 -10
 2  8 -8
 2  8 -6
 2  8 -4
 2  8 -2
2 8 0
2 8 2
2 8 4
2 8 6
2 8 8
 2  8 10
  2  10 -10
 2 10 -8
 2 10 -6
 2 10 -4
 2 10 -2
 2 10  0
 2 10  2
 2 10  4
 2 10  6
 2 10  8
 2 10 10
  4 -10 -10
  4 -10  -8
  4 -10  -6
  4 -10  -4
  4 -10  -2
  4 -10   0
  4 -10   2
  4 -10   4
  4 -10   6
  4 -10   8
  4 -10  10
  4  -8 -10
 4 -8 -8
 4 -8 -6
 4 -8 -4
 4 -8 -2
 4 -8  0
 4 -8  2
 4 -8  4
 4 -8  6
 4 -8  8
 4 -8 10
  4  -6 -10
 4 -6 -8
 4 -6 -6
 4 -6 -4
 4 -6 -2
 4 -6  0
 4 -6  2
 4 -6  4
 4 -6  6
 4 -6  8
 4 -6 10
  4  -4 -10
 4 -4 -8
 4 -4 -6
 4 -4 -4
 4 -4 -2
 4 -4  0
 4 -4  2
 4 -4  4
 4 -4  6
 4 -4  8
 4 -4 10
  4  -2 -10
 4 -2 -8
 4 -2 -6
 4 -2 -4
 4 -2 -2
 4 -2  0
 4 -2  2
 4 -2  4
 4 -2  6
 4 -2  8
 4 -2 10
  4   0 -10
 4  0 -8
 4  0 -6
 4  0 -4
 4  0 -2
4 0 0
4 0 2
4 0 4
4 0 6
4 0 8
 4  0 10
  4   2 -10
 4  2 -8
 4  2 -6
 4  2 -4
 4  2 -2
4 2 0
4 2 2
4 2 4
4 2 6
4 2 8
 4  2 10
  4   4 -10
 4  4 -8
 4  4 -6
 4  4 -4
 4  4 -2
4 4 0
4 4 2
4 4 4
4 4 6
4 4 8
 4  4 10
  4   6 -10
 4  6 -8
 4  6 -6
 4  6 -4
 4  6 -2
4 6 0
4 6 2
4 6 4
4 6 6
4 6 8
 4  6 10
  4   8 -10
 4  8 -8
 4  8 -6
 4  8 -4
 4  8 -2
4 8 0
4 8 2
4 8 4
4 8 6
4 8 8
 4  8 10
  4  10 -10
 4 10 -8
 4 10 -6
 4 10 -4
 4 10 -2
 4 10  0
 4 10  2
 4 10  4
 4 10  6
 4 10  8
 4 10 10
  6 -10 -10
  6 -10  -8
  6 -10  -6
  6 -10  -4
  6 -10  -2
  6 -10   0
  6 -10   2
  6 -10   4
  6 -10   6
  6 -10   8
  6 -10  10
  6  -8 -10
 6 -8 -8
 6 -8 -6
 6 -8 -4
 6 -8 -2
 6 -8  0
 6 -8  2
 6 -8  4
 6 -8  6
 6 -8  8
 6 -8 10
  6  -6 -10
 6 -6 -8
 6 -6 -6
 6 -6 -4
 6 -6 -2
 6 -6  0
 6 -6  2
 6 -6  4
 6 -6  6
 6 -6  8
 6 -6 10
  6  -4 -10
 6 -4 -8
 6 -4 -6
 6 -4 -4
 6 -4 -2
 6 -4  0
 6 -4  2
 6 -4  4
 6 -4  6
 6 -4  8
 6 -4 10
  6  -2 -10
 6 -2 -8
 6 -2 -6
 6 -2 -4
 6 -2 -2
 6 -2  0
 6 -2  2
 6 -2  4
 6 -2  6
 6 -2  8
 6 -2 10
  6   0 -10
 6  0 -8
 6  0 -6
 6  0 -4
 6  0 -2
6 0 0
6 0 2
6 0 4
6 0 6
6 0 8
 6  0 10
  6   2 -10
 6  2 -8
 6  2 -6
 6  2 -4
 6  2 -2
6 2 0
6 2 2
6 2 4
6 2 6
6 2 8
 6  2 10
  6   4 -10
 6  4 -8
 6  4 -6
 6  4 -4
 6  4 -2
6 4 0
6 4 2
6 4 4
6 4 6
6 4 8
 6  4 10
  6   6 -10
 6  6 -8
 6  6 -6
 6  6 -4
 6  6 -2
6 6 0
6 6 2
6 6 4
6 6 6
6 6 8
 6  6 10
  6   8 -10
 6  8 -8
 6  8 -6
 6  8 -4
 6  8 -2
6 8 0
6 8 2
6 8 4
6 8 6
6 8 8
 6  8 10
  6  10 -10
 6 10 -8
 6 10 -6
 6 10 -4
 6 10 -2
 6 10  0
 6 10  2
 6 10  4
 6 10  6
 6 10  8
 6 10 10
  8 -10 -10
  8 -10  -8
  8 -10  -6
  8 -10  -4
  8 -10  -2
  8 -10   0
  8 -10   2
  8 -10   4
  8 -10   6
  8 -10   8
  8 -10  10
  8  -8 -10
 8 -8 -8
 8 -8 -6
 8 -8 -4
 8 -8 -2
 8 -8  0
 8 -8  2
 8 -8  4
 8 -8  6
 8 -8  8
 8 -8 10
  8  -6 -10
 8 -6 -8
 8 -6 -6
 8 -6 -4
 8 -6 -2
 8 -6  0
 8 -6  2
 8 -6  4
 8 -6  6
 8 -6  8
 8 -6 10
  8  -4 -10
 8 -4 -8
 8 -4 -6
 8 -4 -4
 8 -4 -2
 8 -4  0
 8 -4  2
 8 -4  4
 8 -4  6
 8 -4  8
 8 -4 10
  8  -2 -10
 8 -2 -8
 8 -2 -6
 8 -2 -4
 8 -2 -2
 8 -2  0
 8 -2  2
 8 -2  4
 8 -2  6
 8 -2  8
 8 -2 10
  8   0 -10
 8  0 -8
 8  0 -6
 8  0 -4
 8  0 -2
8 0 0
8 0 2
8 0 4
8 0 6
8 0 8
 8  0 10
  8   2 -10
 8  2 -8
 8  2 -6
 8  2 -4
 8  2 -2
8 2 0
8 2 2
8 2 4
8 2 6
8 2 8
 8  2 10
  8   4 -10
 8  4 -8
 8  4 -6
 8  4 -4
 8  4 -2
8 4 0
8 4 2
8 4 4
8 4 6
8 4 8
 8  4 10
  8   6 -10
 8  6 -8
 8  6 -6
 8  6 -4
 8  6 -2
8 6 0
8 6 2
8 6 4
8 6 6
8 6 8
 8  6 10
  8   8 -10
 8  8 -8
 8  8 -6
 8  8 -4
 8  8 -2
8 8 0
8 8 2
8 8 4
8 8 6
8 8 8
 8  8 10
  8  10 -10
 8 10 -8
 8 10 -6
 8 10 -4
 8 10 -2
 8 10  0
 8 10  2
 8 10  4
 8 10  6
 8 10  8
 8 10 10
 10 -10 -10
 10 -10  -8
 10 -10  -6
 10 -10  -4
 10 -10  -2
 10 -10   0
 10 -10   2
 10 -10   4
 10 -10   6
 10 -10   8
 10 -10  10
 10  -8 -10
10 -8 -8
10 -8 -6
10 -8 -4
10 -8 -2
10 -8  0
10 -8  2
10 -8  4
10 -8  6
10 -8  8
10 -8 10
 10  -6 -10
10 -6 -8
10 -6 -6
10 -6 -4
10 -6 -2
10 -6  0
10 -6  2
10 -6  4
10 -6  6
10 -6  8
10 -6 10
 10  -4 -10
10 -4 -8
10 -4 -6
10 -4 -4
10 -4 -2
10 -4  0
10 -4  2
10 -4  4
10 -4  6
10 -4  8
10 -4 10
 10  -2 -10
10 -2 -8
10 -2 -6
10 -2 -4
10 -2 -2
10 -2  0
10 -2  2
10 -2  4
10 -2  6
10 -2  8
10 -2 10
 10   0 -10
10  0 -8
10  0 -6
10  0 -4
10  0 -2
10  0  0
10  0  2
10  0  4
10  0  6
10  0  8
10  0 10
 10   2 -10
10  2 -8
10  2 -6
10  2 -4
10  2 -2
10  2  0
10  2  2
10  2  4
10  2  6
10  2  8
10  2 10
 10   4 -10
10  4 -8
10  4 -6
10  4 -4
10  4 -2
10  4  0
10  4  2
10  4  4
10  4  6
10  4  8
10  4 10
 10   6 -10
10  6 -8
10  6 -6
10  6 -4
10  6 -2
10  6  0
10  6  2
10  6  4
10  6  6
10  6  8
10  6 10
 10   8 -10
10  8 -8
10  8 -6
10  8 -4
10  8 -2
10  8  0
10  8  2
10  8  4
10  8  6
10  8  8
10  8 10
 10  10 -10
10 10 -8
10 10 -6
10 10 -4
10 10 -2
10 10  0
10 10  2
10 10  4
10 10  6
10 10  8
10 10 10

pickup point :
212 1321 52 795 722 76 841 564 1121 1207 563 873 1239 458 339 592 1052 926 742 382 194 771 751 195 200 26 738 915 517 1237 Point: pickup_img
-8  6 -4
10 10 -8
-10  -2   6
 2  2 -4
 0 10  4
-10   2  10
 2 10  0
-2  4 -4
 8 -6 10
 8 10  6
-2  4 -6
 4 -6 -2
10 -6  4
-4  6  4
-6  6  8
-2  8  8
6 4 4
 4  4 -6
 2 -8  0
-4 -8  6
-8  2  4
 2 -2 -8
 2 -6 -4
-8  2  6
-8  4 -6
-10  -6  -2
 2 -8 -8
 4  2 -6
 -2  -4 -10
10 -6  0

Point: pickup_ply
-7.92820323027551  3.19615242270663                -4
5.66025403784439 15.6602540378444               -8
-5.66025403784439 -4.73205080756888                 6
2.73205080756888 4.73205080756888               -4
              -3 10.6602540378444                4
-7.66025403784439 -1.26794919243112                10
-1.26794919243112  11.6602540378444                 0
-1.73205080756888  4.46410161513776                -4
 11.9282032302755 0.803847577293368                10
3.92820323027551 14.6602540378444                6
-1.73205080756888  4.46410161513776                -6
 8.46410161513775 -1.19615242270663                -2
13.6602540378444 1.80384757729337                4
-4.46410161513775  5.19615242270663                 4
-6.19615242270663  4.19615242270663                 8
-3.73205080756888  7.92820323027551                 8
5.19615242270663 8.46410161513775                4
3.46410161513775 7.46410161513775               -6
 7.73205080756888 -3.92820323027551                 0
 2.53589838486225 -6.92820323027551                 6
 -5.92820323027551 -0.267949192431122                  4
4.73205080756888 1.26794919243112               -8
 6.73205080756888 -2.19615242270663                -4
 -5.92820323027551 -0.267949192431122                  6
-6.92820323027551  1.46410161513776                -6
-3.66025403784439 -8.19615242270663                -2
 7.73205080756888 -3.92820323027551                -8
4.46410161513776 5.73205080756888               -6
 2.26794919243112 -2.46410161513775               -10
13.6602540378444 1.80384757729337                0

Point: ply_to_img
-0.742781352708207  0.557086014531156 -0.371390676354104
 0.615457454896664  0.615457454896664 -0.492365963917331
-0.845154254728517 -0.169030850945703   0.50709255283711
 0.408248290463863  0.408248290463863 -0.816496580927726
5.6852800378778e-17   0.928476690885259   0.371390676354104
-0.700140042014005  0.140028008402801  0.700140042014005
   0.196116135138184     0.98058067569092 6.12323399573677e-17
-0.333333333333333  0.666666666666667 -0.666666666666667
 0.565685424949238 -0.424264068711929  0.707106781186547
0.565685424949238 0.707106781186548 0.424264068711928
-0.267261241912424  0.534522483824849 -0.801783725737273
 0.534522483824849 -0.801783725737273 -0.267261241912424
 0.811107105653813 -0.486664263392288  0.324442842261525
-0.485071250072666  0.727606875108999  0.485071250072666
-0.514495755427527  0.514495755427527  0.685994340570035
-0.174077655955698  0.696310623822791  0.696310623822791
0.727606875108999 0.485071250072666 0.485071250072666
 0.485071250072666  0.485071250072666 -0.727606875108999
   0.242535625036333   -0.970142500145332 6.12323399573677e-17
-0.371390676354104 -0.742781352708207  0.557086014531156
-0.87287156094397 0.218217890235993 0.436435780471985
 0.235702260395516 -0.235702260395516 -0.942809041582063
 0.267261241912424 -0.801783725737273 -0.534522483824849
-0.784464540552736  0.196116135138184  0.588348405414552
-0.742781352708207  0.371390676354104 -0.557086014531156
-0.845154254728517  -0.50709255283711 -0.169030850945703
 0.174077655955698 -0.696310623822791 -0.696310623822792
 0.534522483824849  0.267261241912424 -0.801783725737273
-0.182574185835055 -0.365148371670111 -0.912870929175277
   0.857492925712544   -0.514495755427527 6.12323399573677e-17


0.866025403784439                 0               0.5
                0                 1                 0
             -0.5                 0 0.866025403784439

Point: ply_to_img
-0.742781352708207  0.557086014531156 -0.371390676354104
 0.615457454896664  0.615457454896664 -0.492365963917331
-0.845154254728517 -0.169030850945703   0.50709255283711
 0.408248290463863  0.408248290463863 -0.816496580927726
5.6852800378778e-17   0.928476690885259   0.371390676354104
-0.700140042014005  0.140028008402801  0.700140042014005
   0.196116135138184     0.98058067569092 6.12323399573677e-17
-0.333333333333333  0.666666666666667 -0.666666666666667
 0.565685424949238 -0.424264068711929  0.707106781186547
0.565685424949238 0.707106781186548 0.424264068711928
-0.267261241912424  0.534522483824849 -0.801783725737273
 0.534522483824849 -0.801783725737273 -0.267261241912424
 0.811107105653813 -0.486664263392288  0.324442842261525
-0.485071250072666  0.727606875108999  0.485071250072666
-0.514495755427527  0.514495755427527  0.685994340570035
-0.174077655955698  0.696310623822791  0.696310623822791
0.727606875108999 0.485071250072666 0.485071250072666
 0.485071250072666  0.485071250072666 -0.727606875108999
   0.242535625036333   -0.970142500145332 6.12323399573677e-17
-0.371390676354104 -0.742781352708207  0.557086014531156
-0.87287156094397 0.218217890235993 0.436435780471985
 0.235702260395516 -0.235702260395516 -0.942809041582063
 0.267261241912424 -0.801783725737273 -0.534522483824849
-0.784464540552736  0.196116135138184  0.588348405414552
-0.742781352708207  0.371390676354104 -0.557086014531156
-0.845154254728517  -0.50709255283711 -0.169030850945703
 0.174077655955698 -0.696310623822791 -0.696310623822792
 0.534522483824849  0.267261241912424 -0.801783725737273
-0.182574185835055 -0.365148371670111 -0.912870929175277
   0.857492925712544   -0.514495755427527 6.12323399573677e-17

vector_xi.transpose() :
 3.48364554420027  9.63822009316691 -4.92365963917331  3.48364554420027   9.6382200931669 -4.92365963917331 -2.78691643536022 -7.71057607453352  3.93892771133865
 4.78378778292845  3.99931287360835  -5.0709255283711 0.956757556585689 0.799862574721669 -1.01418510567422 -2.87027266975707 -2.39958772416501  3.04255531702266
 1.11535507165041  1.93185165257814 -1.63299316185545  1.11535507165041  1.93185165257814 -1.63299316185545 -2.23071014330082 -3.86370330515627  3.26598632371091
-1.70558401136334e-16  6.06065294800629e-16  2.27411201515112e-16     -2.78543007265578      9.89779739305398      3.71390676354104     -1.11417202906231      3.95911895722159      1.48556270541642
  5.36325058389432  0.887742000860349  -7.00140042014005  -1.07265011677886  -0.17754840017207   1.40028008402801  -5.36325058389432 -0.887742000860349   7.00140042014005
   -0.248665295171173      2.28676395663145                     0     -1.24332647585587      11.4338197831572                     0 -7.76394959996122e-17  7.13984639234557e-16                     0
0.577350269189626 -1.48803387171258  1.33333333333333 -1.15470053837925  2.97606774342517 -2.66666666666667  1.15470053837925 -2.97606774342517  2.66666666666667
  6.74761071319928  0.454724858355614   5.65685424949238  -5.06070803489946 -0.341043643766711  -4.24264068711928   8.43451339149909  0.568406072944518   7.07106781186547
2.22212731360537 8.29309203526179 3.39411254969543 2.77765914200672 10.3663650440772 4.24264068711929 1.66659548520403 6.21981902644634 2.54558441227157
 0.462910049886276  -1.19308134168498   1.60356745147455 -0.925820099772551   2.38616268336995  -3.20713490294909   1.38873014965883  -3.57924402505493   4.81070235442364
  4.52425261866935 -0.639370364018259   -1.0690449676497  -6.78637892800402  0.959055546027389   1.60356745147455  -2.26212630933467   0.31968518200913  0.534522483824849
  11.0799291151318   1.46311358745907   3.24442842261525  -6.64795746907906 -0.877868152475439  -1.94665705356915   4.43197164605271  0.585245434983626    1.2977713690461
 2.16540735090628 -2.52050415125042 -1.94028500029066 -3.24811102635942  3.78075622687563    2.910427500436 -2.16540735090628  2.52050415125042  1.94028500029066
 3.18789412146455 -2.15890261060949 -4.11596604342021 -3.18789412146455  2.15890261060949  4.11596604342021 -4.25052549528606  2.87853681414599  5.48795472456028
0.649666656489159 -1.38012303426675 -1.39262124764558 -2.59866662595664  5.52049213706701  5.57048499058233 -2.59866662595664  5.52049213706701  5.57048499058233
3.78075622687563 6.15853852679541   2.910427500436 2.52050415125042 4.10569235119694 1.94028500029066 2.52050415125042 4.10569235119694 1.94028500029066
 1.68033610083361  3.62062110112428   -2.910427500436  1.68033610083361  3.62062110112428   -2.910427500436 -2.52050415125042 -5.43093165168641  4.36564125065399
     1.8752977754264   -0.952729225724613                    0     -7.5011911017056     3.81091690289845                   -0 4.73451563616697e-16 -2.4053307561786e-16                    0
-0.941809016319268   2.57307008361071  -2.22834405812462  -1.88361803263854   5.14614016722141  -4.45668811624924    1.4127135244789  -3.85960512541606   3.34251608718693
   5.17456000720367    0.23388522985103   -3.49148624377588   -1.29364000180092 -0.0584713074627574    0.87287156094397   -2.58728000360183  -0.116942614925515    1.74574312188794
  1.11535507165041  0.298858490722684  -1.88561808316412  -1.11535507165041 -0.298858490722684   1.88561808316412  -4.46142028660164  -1.19543396289074   7.54247233265651
   1.7992162594484 -0.586946423921554   -1.0690449676497  -5.39764877834519   1.76083927176466   3.20713490294909   -3.5984325188968   1.17389284784311    2.1380899352994
   4.65046522334132   0.210196640131957   -4.70678724331642   -1.16261630583533 -0.0525491600329892    1.17669681082911   -3.48784891750599  -0.157647480098968    3.53009043248731
 5.14614016722141 -1.08750737819429  4.45668811624924 -2.57307008361071 0.543753689097147 -2.22834405812462  3.85960512541606 -0.81563053364572  3.34251608718693
 3.09347927347142  6.92701309245395  1.69030850945703  1.85608756408285  4.15620785547237  1.01418510567422 0.618695854694283  1.38540261849079 0.338061701891407
  1.34597728031195 -0.683812410443961  -1.39262124764558   -5.3839091212478   2.73524964177584   5.57048499058233   -5.3839091212478   2.73524964177585   5.57048499058233
 2.38616268336995  3.06391003507195 -3.20713490294909  1.19308134168498  1.53195501753597 -1.60356745147455 -3.57924402505493 -4.59586505260792  4.81070235442364
-0.414068977323383   0.44988134619862   1.82574185835055 -0.828137954646767  0.899762692397241   3.65148371670111  -2.07034488661692    2.2494067309931   9.12870929175277
    11.7135712008878     1.54678653659277                    0    -7.02814272053267   -0.928071921955665                   -0 8.36449319149292e-16 1.10453808084101e-16                    0

Matrix_M:
 530.956345243378  145.999755225006 -38.5636701731072 -256.681598403749  110.529867066292 -11.4764846009484 -4.07114244719649 -5.63302901171147  251.395435077125
 145.999755225006  328.440943878925 -30.4338499553075  110.529867066292  257.495402532378 -48.7102609582746 -5.63302901171147 -61.0329206870775  106.656006643846
-38.5636701731072 -30.4338499553075   284.05372217619 -11.4764846009484 -48.7102609582746 -30.1125991999057  251.395435077125  106.656006643846  -104.51418875278
-256.681598403749  110.529867066292 -11.4764846009484   371.93555971624 -46.0933253379169 -68.3072784930097  15.3697773286424 -73.7390154460992 -138.317230329019
 110.529867066292  257.495402532378 -48.7102609582746 -46.0933253379169  603.483710903847  67.3504365377876 -73.7390154460992  36.0925847561883  229.108494799483
-11.4764846009484 -48.7102609582746 -30.1125991999057 -68.3072784930097  67.3504365377876  261.905652164283 -138.317230329019  229.108494799483  55.8281421033209
-4.07114244719649 -5.63302901171147  251.395435077125  15.3697773286424 -73.7390154460992 -138.317230329019  311.213212806897  29.2512467626839 -142.582843396735
-5.63302901171147 -61.0329206870775  106.656006643846 -73.7390154460992  36.0925847561883  229.108494799483  29.2512467626839  304.180462983743  -28.065334898072
 251.395435077125  106.656006643846  -104.51418875278 -138.317230329019  229.108494799483  55.8281421033209 -142.582843396735  -28.065334898072  501.040625659526

Essential_Matrix:: Matrix M Eigenvalue :
0.999999999999907
 22.8914515724637
 41.5546410867658
 215.526396644437
 239.961618038528
  550.83203877457
  593.18775883378
 664.823864152109
 1167.43246643037

Essential_Matrix:: Matrix M EigenVector: 
 3.59950393433564e-17    -0.368362707341901    -0.248810728260468   -0.0387685087849041     0.492637323517546    -0.215013994354585     0.407413458337281    -0.348748746197555     0.473672012862572
 5.50464984854709e-16     0.433693890254416      0.48499967296449      0.14361508607746     0.460829625653181     0.163433239405799     0.263386252342547     0.413600787866139     0.276671893336541
    0.183012701892221    -0.487734593677547     0.489192332514029     0.248169261644356    -0.193097402244577     0.420846916129966     0.367749109582121    -0.211733538253498    -0.182359436474208
-9.78282877245922e-17    -0.389414441004292    -0.395224595945933       0.4669866954798     0.266524928583576    0.0793664574996066   -0.0472976968655056     0.577165957687531    -0.247760269548776
 -2.8021704656815e-16    -0.193541801829368    -0.198170810908628     -0.41930305157041    -0.281148408659586     0.532768326701577    -0.012469119587158     0.348616294804562     0.512717791789446
   -0.683012701892219    -0.162662291168194     0.186379868491356     0.133997096517149      0.24524312147902     0.285144106278779      -0.4949421042385    -0.237314513813496      0.10772527948006
   -0.500000000000001     0.345625863835173    -0.375889691949747    0.0997303965967097    -0.147358417029833     0.283148220565682     0.563642501184102    -0.120790491557674    -0.212445098455841
    0.499999999999999     0.301948293452103    -0.300346877873254     0.191937580272229     0.258328471640198     0.518621651073997    -0.247066502934378    -0.367468292279719   0.00145855631307396
-2.16951821303168e-16     0.110192672031115   -0.0429707581776964     0.676498851395869    -0.457149494841286     -0.17133830290604   -0.0575116058789543   -0.0433852303891364      0.53369284736568

Essential_Matrix:: min_eigen
0.999999999999907

Essential_Matrix:: min_eigenvector
 3.59950393433564e-17
 5.50464984854709e-16
    0.183012701892221
-9.78282877245922e-17
 -2.8021704656815e-16
   -0.683012701892219
   -0.500000000000001
    0.499999999999999
-2.16951821303168e-16

Essential Matrix:
 3.59950393433564e-17  5.50464984854709e-16     0.183012701892221
-9.78282877245922e-17  -2.8021704656815e-16    -0.683012701892219
   -0.500000000000001     0.499999999999999 -2.16951821303168e-16


Translation:: E * E.t Eigenvalue :
3.11062103910979e-18
                 0.5
                 0.5

Translation:: E * E.t Eigenvec :
   -0.965925826289068    -0.258819045102523                     0
   -0.258819045102523     0.965925826289068  1.74024027006834e-15
 4.50407324948045e-16 -1.68094302080727e-15                     1

Translation:: E * E.t min_eigen
3.11062103910979e-18

Translation:: E * E.t min_eigenvector
  -0.965925826289068
  -0.258819045102523
4.50407324948045e-16

Translation:: diff scale
  -0.965925826289068
  -0.258819045102523
4.50407324948045e-16

translation:: check_sign: 
-143.686058952461

translation:: change_sign
    0.965925826289068
    0.258819045102523
-4.50407324948045e-16

translation_t_cross: 
                    0  4.50407324948045e-16     0.258819045102523
-4.50407324948045e-16                     0    -0.965925826289068
   -0.258819045102523     0.965925826289068                     0

Matrix_R calc from matrix_E: 
    0.866025403784439    -0.499999999999999  4.70533250264427e-17
    0.499999999999999     0.866025403784439  4.70533250264428e-17
-6.42760373186468e-17 -1.72227122922043e-17                     1

scale_s
-0.795153291537983

----RESULT
Essential Matrix:
 3.59950393433564e-17  5.50464984854709e-16     0.183012701892221
-9.78282877245922e-17  -2.8021704656815e-16    -0.683012701892219
   -0.500000000000001     0.499999999999999 -2.16951821303168e-16

Rotation Matrix:
    0.866025403784439    -0.499999999999999  4.70533250264427e-17
    0.499999999999999     0.866025403784439  4.70533250264428e-17
-6.42760373186468e-17 -1.72227122922043e-17                     1

scale
-0.795153291537983

translation Vector: 
  -0.768059100155299
  -0.205800815625989
3.58142866965256e-16

Rotation_axis
-6.42760373186471e-17
  1.1132936234509e-16
                    1

Rotation_degree: 
30

