
default_dir_path: ../../ply_data/trans_rotate/

corresp_img_file_name: 

corresp_ply_file_name: 
s10-t220-r001-d30.dat
s10.dat

img_file_path: 

ply_file_path: 
transform_rotate_simulation::
Point: corresp_plypoint
-2.92820323027551 -10.9282032302755               -10
-2.92820323027551 -10.9282032302755                -8
-2.92820323027551 -10.9282032302755                -6
-2.92820323027551 -10.9282032302755                -4
-2.92820323027551 -10.9282032302755                -2
-2.92820323027551 -10.9282032302755                 0
-2.92820323027551 -10.9282032302755                 2
-2.92820323027551 -10.9282032302755                 4
-2.92820323027551 -10.9282032302755                 6
-2.92820323027551 -10.9282032302755                 8
-2.92820323027551 -10.9282032302755                10
-3.92820323027551 -9.19615242270663               -10
-3.92820323027551 -9.19615242270663                -8
-3.92820323027551 -9.19615242270663                -6
-3.92820323027551 -9.19615242270663                -4
-3.92820323027551 -9.19615242270663                -2
-3.92820323027551 -9.19615242270663                 0
-3.92820323027551 -9.19615242270663                 2
-3.92820323027551 -9.19615242270663                 4
-3.92820323027551 -9.19615242270663                 6
-3.92820323027551 -9.19615242270663                 8
-3.92820323027551 -9.19615242270663                10
-4.92820323027551 -7.46410161513775               -10
-4.92820323027551 -7.46410161513775                -8
-4.92820323027551 -7.46410161513775                -6
-4.92820323027551 -7.46410161513775                -4
-4.92820323027551 -7.46410161513775                -2
-4.92820323027551 -7.46410161513775                 0
-4.92820323027551 -7.46410161513775                 2
-4.92820323027551 -7.46410161513775                 4
-4.92820323027551 -7.46410161513775                 6
-4.92820323027551 -7.46410161513775                 8
-4.92820323027551 -7.46410161513775                10
-5.92820323027551 -5.73205080756888               -10
-5.92820323027551 -5.73205080756888                -8
-5.92820323027551 -5.73205080756888                -6
-5.92820323027551 -5.73205080756888                -4
-5.92820323027551 -5.73205080756888                -2
-5.92820323027551 -5.73205080756888                 0
-5.92820323027551 -5.73205080756888                 2
-5.92820323027551 -5.73205080756888                 4
-5.92820323027551 -5.73205080756888                 6
-5.92820323027551 -5.73205080756888                 8
-5.92820323027551 -5.73205080756888                10
-6.92820323027551                -4               -10
-6.92820323027551                -4                -8
-6.92820323027551                -4                -6
-6.92820323027551                -4                -4
-6.92820323027551                -4                -2
-6.92820323027551                -4                 0
-6.92820323027551                -4                 2
-6.92820323027551                -4                 4
-6.92820323027551                -4                 6
-6.92820323027551                -4                 8
-6.92820323027551                -4                10
-7.92820323027551 -2.26794919243112               -10
-7.92820323027551 -2.26794919243112                -8
-7.92820323027551 -2.26794919243112                -6
-7.92820323027551 -2.26794919243112                -4
-7.92820323027551 -2.26794919243112                -2
-7.92820323027551 -2.26794919243112                 0
-7.92820323027551 -2.26794919243112                 2
-7.92820323027551 -2.26794919243112                 4
-7.92820323027551 -2.26794919243112                 6
-7.92820323027551 -2.26794919243112                 8
-7.92820323027551 -2.26794919243112                10
 -8.92820323027551 -0.535898384862245                -10
 -8.92820323027551 -0.535898384862245                 -8
 -8.92820323027551 -0.535898384862245                 -6
 -8.92820323027551 -0.535898384862245                 -4
 -8.92820323027551 -0.535898384862245                 -2
 -8.92820323027551 -0.535898384862245                  0
 -8.92820323027551 -0.535898384862245                  2
 -8.92820323027551 -0.535898384862245                  4
 -8.92820323027551 -0.535898384862245                  6
 -8.92820323027551 -0.535898384862245                  8
 -8.92820323027551 -0.535898384862245                 10
-9.92820323027551  1.19615242270663               -10
-9.92820323027551  1.19615242270663                -8
-9.92820323027551  1.19615242270663                -6
-9.92820323027551  1.19615242270663                -4
-9.92820323027551  1.19615242270663                -2
-9.92820323027551  1.19615242270663                 0
-9.92820323027551  1.19615242270663                 2
-9.92820323027551  1.19615242270663                 4
-9.92820323027551  1.19615242270663                 6
-9.92820323027551  1.19615242270663                 8
-9.92820323027551  1.19615242270663                10
-10.9282032302755  2.92820323027551               -10
-10.9282032302755  2.92820323027551                -8
-10.9282032302755  2.92820323027551                -6
-10.9282032302755  2.92820323027551                -4
-10.9282032302755  2.92820323027551                -2
-10.9282032302755  2.92820323027551                 0
-10.9282032302755  2.92820323027551                 2
-10.9282032302755  2.92820323027551                 4
-10.9282032302755  2.92820323027551                 6
-10.9282032302755  2.92820323027551                 8
-10.9282032302755  2.92820323027551                10
-11.9282032302755  4.66025403784439               -10
-11.9282032302755  4.66025403784439                -8
-11.9282032302755  4.66025403784439                -6
-11.9282032302755  4.66025403784439                -4
-11.9282032302755  4.66025403784439                -2
-11.9282032302755  4.66025403784439                 0
-11.9282032302755  4.66025403784439                 2
-11.9282032302755  4.66025403784439                 4
-11.9282032302755  4.66025403784439                 6
-11.9282032302755  4.66025403784439                 8
-11.9282032302755  4.66025403784439                10
-12.9282032302755  6.39230484541326               -10
-12.9282032302755  6.39230484541326                -8
-12.9282032302755  6.39230484541326                -6
-12.9282032302755  6.39230484541326                -4
-12.9282032302755  6.39230484541326                -2
-12.9282032302755  6.39230484541326                 0
-12.9282032302755  6.39230484541326                 2
-12.9282032302755  6.39230484541326                 4
-12.9282032302755  6.39230484541326                 6
-12.9282032302755  6.39230484541326                 8
-12.9282032302755  6.39230484541326                10
-1.19615242270663 -9.92820323027551               -10
-1.19615242270663 -9.92820323027551                -8
-1.19615242270663 -9.92820323027551                -6
-1.19615242270663 -9.92820323027551                -4
-1.19615242270663 -9.92820323027551                -2
-1.19615242270663 -9.92820323027551                 0
-1.19615242270663 -9.92820323027551                 2
-1.19615242270663 -9.92820323027551                 4
-1.19615242270663 -9.92820323027551                 6
-1.19615242270663 -9.92820323027551                 8
-1.19615242270663 -9.92820323027551                10
-2.19615242270663 -8.19615242270663               -10
-2.19615242270663 -8.19615242270663                -8
-2.19615242270663 -8.19615242270663                -6
-2.19615242270663 -8.19615242270663                -4
-2.19615242270663 -8.19615242270663                -2
-2.19615242270663 -8.19615242270663                 0
-2.19615242270663 -8.19615242270663                 2
-2.19615242270663 -8.19615242270663                 4
-2.19615242270663 -8.19615242270663                 6
-2.19615242270663 -8.19615242270663                 8
-2.19615242270663 -8.19615242270663                10
-3.19615242270663 -6.46410161513775               -10
-3.19615242270663 -6.46410161513775                -8
-3.19615242270663 -6.46410161513775                -6
-3.19615242270663 -6.46410161513775                -4
-3.19615242270663 -6.46410161513775                -2
-3.19615242270663 -6.46410161513775                 0
-3.19615242270663 -6.46410161513775                 2
-3.19615242270663 -6.46410161513775                 4
-3.19615242270663 -6.46410161513775                 6
-3.19615242270663 -6.46410161513775                 8
-3.19615242270663 -6.46410161513775                10
-4.19615242270663 -4.73205080756888               -10
-4.19615242270663 -4.73205080756888                -8
-4.19615242270663 -4.73205080756888                -6
-4.19615242270663 -4.73205080756888                -4
-4.19615242270663 -4.73205080756888                -2
-4.19615242270663 -4.73205080756888                 0
-4.19615242270663 -4.73205080756888                 2
-4.19615242270663 -4.73205080756888                 4
-4.19615242270663 -4.73205080756888                 6
-4.19615242270663 -4.73205080756888                 8
-4.19615242270663 -4.73205080756888                10
-5.19615242270663                -3               -10
-5.19615242270663                -3                -8
-5.19615242270663                -3                -6
-5.19615242270663                -3                -4
-5.19615242270663                -3                -2
-5.19615242270663                -3                 0
-5.19615242270663                -3                 2
-5.19615242270663                -3                 4
-5.19615242270663                -3                 6
-5.19615242270663                -3                 8
-5.19615242270663                -3                10
-6.19615242270663 -1.26794919243112               -10
-6.19615242270663 -1.26794919243112                -8
-6.19615242270663 -1.26794919243112                -6
-6.19615242270663 -1.26794919243112                -4
-6.19615242270663 -1.26794919243112                -2
-6.19615242270663 -1.26794919243112                 0
-6.19615242270663 -1.26794919243112                 2
-6.19615242270663 -1.26794919243112                 4
-6.19615242270663 -1.26794919243112                 6
-6.19615242270663 -1.26794919243112                 8
-6.19615242270663 -1.26794919243112                10
-7.19615242270663 0.464101615137755               -10
-7.19615242270663 0.464101615137755                -8
-7.19615242270663 0.464101615137755                -6
-7.19615242270663 0.464101615137755                -4
-7.19615242270663 0.464101615137755                -2
-7.19615242270663 0.464101615137755                 0
-7.19615242270663 0.464101615137755                 2
-7.19615242270663 0.464101615137755                 4
-7.19615242270663 0.464101615137755                 6
-7.19615242270663 0.464101615137755                 8
-7.19615242270663 0.464101615137755                10
-8.19615242270663  2.19615242270663               -10
-8.19615242270663  2.19615242270663                -8
-8.19615242270663  2.19615242270663                -6
-8.19615242270663  2.19615242270663                -4
-8.19615242270663  2.19615242270663                -2
-8.19615242270663  2.19615242270663                 0
-8.19615242270663  2.19615242270663                 2
-8.19615242270663  2.19615242270663                 4
-8.19615242270663  2.19615242270663                 6
-8.19615242270663  2.19615242270663                 8
-8.19615242270663  2.19615242270663                10
-9.19615242270663  3.92820323027551               -10
-9.19615242270663  3.92820323027551                -8
-9.19615242270663  3.92820323027551                -6
-9.19615242270663  3.92820323027551                -4
-9.19615242270663  3.92820323027551                -2
-9.19615242270663  3.92820323027551                 0
-9.19615242270663  3.92820323027551                 2
-9.19615242270663  3.92820323027551                 4
-9.19615242270663  3.92820323027551                 6
-9.19615242270663  3.92820323027551                 8
-9.19615242270663  3.92820323027551                10
-10.1961524227066  5.66025403784439               -10
-10.1961524227066  5.66025403784439                -8
-10.1961524227066  5.66025403784439                -6
-10.1961524227066  5.66025403784439                -4
-10.1961524227066  5.66025403784439                -2
-10.1961524227066  5.66025403784439                 0
-10.1961524227066  5.66025403784439                 2
-10.1961524227066  5.66025403784439                 4
-10.1961524227066  5.66025403784439                 6
-10.1961524227066  5.66025403784439                 8
-10.1961524227066  5.66025403784439                10
-11.1961524227066  7.39230484541326               -10
-11.1961524227066  7.39230484541326                -8
-11.1961524227066  7.39230484541326                -6
-11.1961524227066  7.39230484541326                -4
-11.1961524227066  7.39230484541326                -2
-11.1961524227066  7.39230484541326                 0
-11.1961524227066  7.39230484541326                 2
-11.1961524227066  7.39230484541326                 4
-11.1961524227066  7.39230484541326                 6
-11.1961524227066  7.39230484541326                 8
-11.1961524227066  7.39230484541326                10
0.535898384862245 -8.92820323027551               -10
0.535898384862245 -8.92820323027551                -8
0.535898384862245 -8.92820323027551                -6
0.535898384862245 -8.92820323027551                -4
0.535898384862245 -8.92820323027551                -2
0.535898384862245 -8.92820323027551                 0
0.535898384862245 -8.92820323027551                 2
0.535898384862245 -8.92820323027551                 4
0.535898384862245 -8.92820323027551                 6
0.535898384862245 -8.92820323027551                 8
0.535898384862245 -8.92820323027551                10
-0.464101615137755  -7.19615242270663                -10
-0.464101615137755  -7.19615242270663                 -8
-0.464101615137755  -7.19615242270663                 -6
-0.464101615137755  -7.19615242270663                 -4
-0.464101615137755  -7.19615242270663                 -2
-0.464101615137755  -7.19615242270663                  0
-0.464101615137755  -7.19615242270663                  2
-0.464101615137755  -7.19615242270663                  4
-0.464101615137755  -7.19615242270663                  6
-0.464101615137755  -7.19615242270663                  8
-0.464101615137755  -7.19615242270663                 10
-1.46410161513776 -5.46410161513775               -10
-1.46410161513776 -5.46410161513775                -8
-1.46410161513776 -5.46410161513775                -6
-1.46410161513776 -5.46410161513775                -4
-1.46410161513776 -5.46410161513775                -2
-1.46410161513776 -5.46410161513775                 0
-1.46410161513776 -5.46410161513775                 2
-1.46410161513776 -5.46410161513775                 4
-1.46410161513776 -5.46410161513775                 6
-1.46410161513776 -5.46410161513775                 8
-1.46410161513776 -5.46410161513775                10
-2.46410161513775 -3.73205080756888               -10
-2.46410161513775 -3.73205080756888                -8
-2.46410161513775 -3.73205080756888                -6
-2.46410161513775 -3.73205080756888                -4
-2.46410161513775 -3.73205080756888                -2
-2.46410161513775 -3.73205080756888                 0
-2.46410161513775 -3.73205080756888                 2
-2.46410161513775 -3.73205080756888                 4
-2.46410161513775 -3.73205080756888                 6
-2.46410161513775 -3.73205080756888                 8
-2.46410161513775 -3.73205080756888                10
-3.46410161513775                -2               -10
-3.46410161513775                -2                -8
-3.46410161513775                -2                -6
-3.46410161513775                -2                -4
-3.46410161513775                -2                -2
-3.46410161513775                -2                 0
-3.46410161513775                -2                 2
-3.46410161513775                -2                 4
-3.46410161513775                -2                 6
-3.46410161513775                -2                 8
-3.46410161513775                -2                10
 -4.46410161513775 -0.267949192431122                -10
 -4.46410161513775 -0.267949192431122                 -8
 -4.46410161513775 -0.267949192431122                 -6
 -4.46410161513775 -0.267949192431122                 -4
 -4.46410161513775 -0.267949192431122                 -2
 -4.46410161513775 -0.267949192431122                  0
 -4.46410161513775 -0.267949192431122                  2
 -4.46410161513775 -0.267949192431122                  4
 -4.46410161513775 -0.267949192431122                  6
 -4.46410161513775 -0.267949192431122                  8
 -4.46410161513775 -0.267949192431122                 10
-5.46410161513775  1.46410161513776               -10
-5.46410161513775  1.46410161513776                -8
-5.46410161513775  1.46410161513776                -6
-5.46410161513775  1.46410161513776                -4
-5.46410161513775  1.46410161513776                -2
-5.46410161513775  1.46410161513776                 0
-5.46410161513775  1.46410161513776                 2
-5.46410161513775  1.46410161513776                 4
-5.46410161513775  1.46410161513776                 6
-5.46410161513775  1.46410161513776                 8
-5.46410161513775  1.46410161513776                10
-6.46410161513775  3.19615242270663               -10
-6.46410161513775  3.19615242270663                -8
-6.46410161513775  3.19615242270663                -6
-6.46410161513775  3.19615242270663                -4
-6.46410161513775  3.19615242270663                -2
-6.46410161513775  3.19615242270663                 0
-6.46410161513775  3.19615242270663                 2
-6.46410161513775  3.19615242270663                 4
-6.46410161513775  3.19615242270663                 6
-6.46410161513775  3.19615242270663                 8
-6.46410161513775  3.19615242270663                10
-7.46410161513775  4.92820323027551               -10
-7.46410161513775  4.92820323027551                -8
-7.46410161513775  4.92820323027551                -6
-7.46410161513775  4.92820323027551                -4
-7.46410161513775  4.92820323027551                -2
-7.46410161513775  4.92820323027551                 0
-7.46410161513775  4.92820323027551                 2
-7.46410161513775  4.92820323027551                 4
-7.46410161513775  4.92820323027551                 6
-7.46410161513775  4.92820323027551                 8
-7.46410161513775  4.92820323027551                10
-8.46410161513775  6.66025403784439               -10
-8.46410161513775  6.66025403784439                -8
-8.46410161513775  6.66025403784439                -6
-8.46410161513775  6.66025403784439                -4
-8.46410161513775  6.66025403784439                -2
-8.46410161513775  6.66025403784439                 0
-8.46410161513775  6.66025403784439                 2
-8.46410161513775  6.66025403784439                 4
-8.46410161513775  6.66025403784439                 6
-8.46410161513775  6.66025403784439                 8
-8.46410161513775  6.66025403784439                10
-9.46410161513775  8.39230484541326               -10
-9.46410161513775  8.39230484541326                -8
-9.46410161513775  8.39230484541326                -6
-9.46410161513775  8.39230484541326                -4
-9.46410161513775  8.39230484541326                -2
-9.46410161513775  8.39230484541326                 0
-9.46410161513775  8.39230484541326                 2
-9.46410161513775  8.39230484541326                 4
-9.46410161513775  8.39230484541326                 6
-9.46410161513775  8.39230484541326                 8
-9.46410161513775  8.39230484541326                10
 2.26794919243112 -7.92820323027551               -10
 2.26794919243112 -7.92820323027551                -8
 2.26794919243112 -7.92820323027551                -6
 2.26794919243112 -7.92820323027551                -4
 2.26794919243112 -7.92820323027551                -2
 2.26794919243112 -7.92820323027551                 0
 2.26794919243112 -7.92820323027551                 2
 2.26794919243112 -7.92820323027551                 4
 2.26794919243112 -7.92820323027551                 6
 2.26794919243112 -7.92820323027551                 8
 2.26794919243112 -7.92820323027551                10
 1.26794919243112 -6.19615242270663               -10
 1.26794919243112 -6.19615242270663                -8
 1.26794919243112 -6.19615242270663                -6
 1.26794919243112 -6.19615242270663                -4
 1.26794919243112 -6.19615242270663                -2
 1.26794919243112 -6.19615242270663                 0
 1.26794919243112 -6.19615242270663                 2
 1.26794919243112 -6.19615242270663                 4
 1.26794919243112 -6.19615242270663                 6
 1.26794919243112 -6.19615242270663                 8
 1.26794919243112 -6.19615242270663                10
0.267949192431122 -4.46410161513775               -10
0.267949192431122 -4.46410161513775                -8
0.267949192431122 -4.46410161513775                -6
0.267949192431122 -4.46410161513775                -4
0.267949192431122 -4.46410161513775                -2
0.267949192431122 -4.46410161513775                 0
0.267949192431122 -4.46410161513775                 2
0.267949192431122 -4.46410161513775                 4
0.267949192431122 -4.46410161513775                 6
0.267949192431122 -4.46410161513775                 8
0.267949192431122 -4.46410161513775                10
-0.732050807568878  -2.73205080756888                -10
-0.732050807568878  -2.73205080756888                 -8
-0.732050807568878  -2.73205080756888                 -6
-0.732050807568878  -2.73205080756888                 -4
-0.732050807568878  -2.73205080756888                 -2
-0.732050807568878  -2.73205080756888                  0
-0.732050807568878  -2.73205080756888                  2
-0.732050807568878  -2.73205080756888                  4
-0.732050807568878  -2.73205080756888                  6
-0.732050807568878  -2.73205080756888                  8
-0.732050807568878  -2.73205080756888                 10
-1.73205080756888                -1               -10
-1.73205080756888                -1                -8
-1.73205080756888                -1                -6
-1.73205080756888                -1                -4
-1.73205080756888                -1                -2
-1.73205080756888                -1                 0
-1.73205080756888                -1                 2
-1.73205080756888                -1                 4
-1.73205080756888                -1                 6
-1.73205080756888                -1                 8
-1.73205080756888                -1                10
-2.73205080756888 0.732050807568878               -10
-2.73205080756888 0.732050807568878                -8
-2.73205080756888 0.732050807568878                -6
-2.73205080756888 0.732050807568878                -4
-2.73205080756888 0.732050807568878                -2
-2.73205080756888 0.732050807568878                 0
-2.73205080756888 0.732050807568878                 2
-2.73205080756888 0.732050807568878                 4
-2.73205080756888 0.732050807568878                 6
-2.73205080756888 0.732050807568878                 8
-2.73205080756888 0.732050807568878                10
-3.73205080756888  2.46410161513775               -10
-3.73205080756888  2.46410161513775                -8
-3.73205080756888  2.46410161513775                -6
-3.73205080756888  2.46410161513775                -4
-3.73205080756888  2.46410161513775                -2
-3.73205080756888  2.46410161513775                 0
-3.73205080756888  2.46410161513775                 2
-3.73205080756888  2.46410161513775                 4
-3.73205080756888  2.46410161513775                 6
-3.73205080756888  2.46410161513775                 8
-3.73205080756888  2.46410161513775                10
-4.73205080756888  4.19615242270663               -10
-4.73205080756888  4.19615242270663                -8
-4.73205080756888  4.19615242270663                -6
-4.73205080756888  4.19615242270663                -4
-4.73205080756888  4.19615242270663                -2
-4.73205080756888  4.19615242270663                 0
-4.73205080756888  4.19615242270663                 2
-4.73205080756888  4.19615242270663                 4
-4.73205080756888  4.19615242270663                 6
-4.73205080756888  4.19615242270663                 8
-4.73205080756888  4.19615242270663                10
-5.73205080756888  5.92820323027551               -10
-5.73205080756888  5.92820323027551                -8
-5.73205080756888  5.92820323027551                -6
-5.73205080756888  5.92820323027551                -4
-5.73205080756888  5.92820323027551                -2
-5.73205080756888  5.92820323027551                 0
-5.73205080756888  5.92820323027551                 2
-5.73205080756888  5.92820323027551                 4
-5.73205080756888  5.92820323027551                 6
-5.73205080756888  5.92820323027551                 8
-5.73205080756888  5.92820323027551                10
-6.73205080756888  7.66025403784439               -10
-6.73205080756888  7.66025403784439                -8
-6.73205080756888  7.66025403784439                -6
-6.73205080756888  7.66025403784439                -4
-6.73205080756888  7.66025403784439                -2
-6.73205080756888  7.66025403784439                 0
-6.73205080756888  7.66025403784439                 2
-6.73205080756888  7.66025403784439                 4
-6.73205080756888  7.66025403784439                 6
-6.73205080756888  7.66025403784439                 8
-6.73205080756888  7.66025403784439                10
-7.73205080756888  9.39230484541326               -10
-7.73205080756888  9.39230484541326                -8
-7.73205080756888  9.39230484541326                -6
-7.73205080756888  9.39230484541326                -4
-7.73205080756888  9.39230484541326                -2
-7.73205080756888  9.39230484541326                 0
-7.73205080756888  9.39230484541326                 2
-7.73205080756888  9.39230484541326                 4
-7.73205080756888  9.39230484541326                 6
-7.73205080756888  9.39230484541326                 8
-7.73205080756888  9.39230484541326                10
                4 -6.92820323027551               -10
                4 -6.92820323027551                -8
                4 -6.92820323027551                -6
                4 -6.92820323027551                -4
                4 -6.92820323027551                -2
                4 -6.92820323027551                 0
                4 -6.92820323027551                 2
                4 -6.92820323027551                 4
                4 -6.92820323027551                 6
                4 -6.92820323027551                 8
                4 -6.92820323027551                10
                3 -5.19615242270663               -10
                3 -5.19615242270663                -8
                3 -5.19615242270663                -6
                3 -5.19615242270663                -4
                3 -5.19615242270663                -2
                3 -5.19615242270663                 0
                3 -5.19615242270663                 2
                3 -5.19615242270663                 4
                3 -5.19615242270663                 6
                3 -5.19615242270663                 8
                3 -5.19615242270663                10
                2 -3.46410161513775               -10
                2 -3.46410161513775                -8
                2 -3.46410161513775                -6
                2 -3.46410161513775                -4
                2 -3.46410161513775                -2
                2 -3.46410161513775                 0
                2 -3.46410161513775                 2
                2 -3.46410161513775                 4
                2 -3.46410161513775                 6
                2 -3.46410161513775                 8
                2 -3.46410161513775                10
                1 -1.73205080756888               -10
                1 -1.73205080756888                -8
                1 -1.73205080756888                -6
                1 -1.73205080756888                -4
                1 -1.73205080756888                -2
                1 -1.73205080756888                 0
                1 -1.73205080756888                 2
                1 -1.73205080756888                 4
                1 -1.73205080756888                 6
                1 -1.73205080756888                 8
                1 -1.73205080756888                10
  0   0 -10
 0  0 -8
 0  0 -6
 0  0 -4
 0  0 -2
0 0 0
0 0 2
0 0 4
0 0 6
0 0 8
 0  0 10
              -1 1.73205080756888              -10
              -1 1.73205080756888               -8
              -1 1.73205080756888               -6
              -1 1.73205080756888               -4
              -1 1.73205080756888               -2
              -1 1.73205080756888                0
              -1 1.73205080756888                2
              -1 1.73205080756888                4
              -1 1.73205080756888                6
              -1 1.73205080756888                8
              -1 1.73205080756888               10
              -2 3.46410161513775              -10
              -2 3.46410161513775               -8
              -2 3.46410161513775               -6
              -2 3.46410161513775               -4
              -2 3.46410161513775               -2
              -2 3.46410161513775                0
              -2 3.46410161513775                2
              -2 3.46410161513775                4
              -2 3.46410161513775                6
              -2 3.46410161513775                8
              -2 3.46410161513775               10
              -3 5.19615242270663              -10
              -3 5.19615242270663               -8
              -3 5.19615242270663               -6
              -3 5.19615242270663               -4
              -3 5.19615242270663               -2
              -3 5.19615242270663                0
              -3 5.19615242270663                2
              -3 5.19615242270663                4
              -3 5.19615242270663                6
              -3 5.19615242270663                8
              -3 5.19615242270663               10
              -4 6.92820323027551              -10
              -4 6.92820323027551               -8
              -4 6.92820323027551               -6
              -4 6.92820323027551               -4
              -4 6.92820323027551               -2
              -4 6.92820323027551                0
              -4 6.92820323027551                2
              -4 6.92820323027551                4
              -4 6.92820323027551                6
              -4 6.92820323027551                8
              -4 6.92820323027551               10
              -5 8.66025403784439              -10
              -5 8.66025403784439               -8
              -5 8.66025403784439               -6
              -5 8.66025403784439               -4
              -5 8.66025403784439               -2
              -5 8.66025403784439                0
              -5 8.66025403784439                2
              -5 8.66025403784439                4
              -5 8.66025403784439                6
              -5 8.66025403784439                8
              -5 8.66025403784439               10
              -6 10.3923048454133              -10
              -6 10.3923048454133               -8
              -6 10.3923048454133               -6
              -6 10.3923048454133               -4
              -6 10.3923048454133               -2
              -6 10.3923048454133                0
              -6 10.3923048454133                2
              -6 10.3923048454133                4
              -6 10.3923048454133                6
              -6 10.3923048454133                8
              -6 10.3923048454133               10
 5.73205080756888 -5.92820323027551               -10
 5.73205080756888 -5.92820323027551                -8
 5.73205080756888 -5.92820323027551                -6
 5.73205080756888 -5.92820323027551                -4
 5.73205080756888 -5.92820323027551                -2
 5.73205080756888 -5.92820323027551                 0
 5.73205080756888 -5.92820323027551                 2
 5.73205080756888 -5.92820323027551                 4
 5.73205080756888 -5.92820323027551                 6
 5.73205080756888 -5.92820323027551                 8
 5.73205080756888 -5.92820323027551                10
 4.73205080756888 -4.19615242270663               -10
 4.73205080756888 -4.19615242270663                -8
 4.73205080756888 -4.19615242270663                -6
 4.73205080756888 -4.19615242270663                -4
 4.73205080756888 -4.19615242270663                -2
 4.73205080756888 -4.19615242270663                 0
 4.73205080756888 -4.19615242270663                 2
 4.73205080756888 -4.19615242270663                 4
 4.73205080756888 -4.19615242270663                 6
 4.73205080756888 -4.19615242270663                 8
 4.73205080756888 -4.19615242270663                10
 3.73205080756888 -2.46410161513775               -10
 3.73205080756888 -2.46410161513775                -8
 3.73205080756888 -2.46410161513775                -6
 3.73205080756888 -2.46410161513775                -4
 3.73205080756888 -2.46410161513775                -2
 3.73205080756888 -2.46410161513775                 0
 3.73205080756888 -2.46410161513775                 2
 3.73205080756888 -2.46410161513775                 4
 3.73205080756888 -2.46410161513775                 6
 3.73205080756888 -2.46410161513775                 8
 3.73205080756888 -2.46410161513775                10
  2.73205080756888 -0.732050807568878                -10
  2.73205080756888 -0.732050807568878                 -8
  2.73205080756888 -0.732050807568878                 -6
  2.73205080756888 -0.732050807568878                 -4
  2.73205080756888 -0.732050807568878                 -2
  2.73205080756888 -0.732050807568878                  0
  2.73205080756888 -0.732050807568878                  2
  2.73205080756888 -0.732050807568878                  4
  2.73205080756888 -0.732050807568878                  6
  2.73205080756888 -0.732050807568878                  8
  2.73205080756888 -0.732050807568878                 10
1.73205080756888                1              -10
1.73205080756888                1               -8
1.73205080756888                1               -6
1.73205080756888                1               -4
1.73205080756888                1               -2
1.73205080756888                1                0
1.73205080756888                1                2
1.73205080756888                1                4
1.73205080756888                1                6
1.73205080756888                1                8
1.73205080756888                1               10
0.732050807568878  2.73205080756888               -10
0.732050807568878  2.73205080756888                -8
0.732050807568878  2.73205080756888                -6
0.732050807568878  2.73205080756888                -4
0.732050807568878  2.73205080756888                -2
0.732050807568878  2.73205080756888                 0
0.732050807568878  2.73205080756888                 2
0.732050807568878  2.73205080756888                 4
0.732050807568878  2.73205080756888                 6
0.732050807568878  2.73205080756888                 8
0.732050807568878  2.73205080756888                10
-0.267949192431122   4.46410161513775                -10
-0.267949192431122   4.46410161513775                 -8
-0.267949192431122   4.46410161513775                 -6
-0.267949192431122   4.46410161513775                 -4
-0.267949192431122   4.46410161513775                 -2
-0.267949192431122   4.46410161513775                  0
-0.267949192431122   4.46410161513775                  2
-0.267949192431122   4.46410161513775                  4
-0.267949192431122   4.46410161513775                  6
-0.267949192431122   4.46410161513775                  8
-0.267949192431122   4.46410161513775                 10
-1.26794919243112  6.19615242270663               -10
-1.26794919243112  6.19615242270663                -8
-1.26794919243112  6.19615242270663                -6
-1.26794919243112  6.19615242270663                -4
-1.26794919243112  6.19615242270663                -2
-1.26794919243112  6.19615242270663                 0
-1.26794919243112  6.19615242270663                 2
-1.26794919243112  6.19615242270663                 4
-1.26794919243112  6.19615242270663                 6
-1.26794919243112  6.19615242270663                 8
-1.26794919243112  6.19615242270663                10
-2.26794919243112  7.92820323027551               -10
-2.26794919243112  7.92820323027551                -8
-2.26794919243112  7.92820323027551                -6
-2.26794919243112  7.92820323027551                -4
-2.26794919243112  7.92820323027551                -2
-2.26794919243112  7.92820323027551                 0
-2.26794919243112  7.92820323027551                 2
-2.26794919243112  7.92820323027551                 4
-2.26794919243112  7.92820323027551                 6
-2.26794919243112  7.92820323027551                 8
-2.26794919243112  7.92820323027551                10
-3.26794919243112  9.66025403784439               -10
-3.26794919243112  9.66025403784439                -8
-3.26794919243112  9.66025403784439                -6
-3.26794919243112  9.66025403784439                -4
-3.26794919243112  9.66025403784439                -2
-3.26794919243112  9.66025403784439                 0
-3.26794919243112  9.66025403784439                 2
-3.26794919243112  9.66025403784439                 4
-3.26794919243112  9.66025403784439                 6
-3.26794919243112  9.66025403784439                 8
-3.26794919243112  9.66025403784439                10
-4.26794919243112  11.3923048454133               -10
-4.26794919243112  11.3923048454133                -8
-4.26794919243112  11.3923048454133                -6
-4.26794919243112  11.3923048454133                -4
-4.26794919243112  11.3923048454133                -2
-4.26794919243112  11.3923048454133                 0
-4.26794919243112  11.3923048454133                 2
-4.26794919243112  11.3923048454133                 4
-4.26794919243112  11.3923048454133                 6
-4.26794919243112  11.3923048454133                 8
-4.26794919243112  11.3923048454133                10
 7.46410161513775 -4.92820323027551               -10
 7.46410161513775 -4.92820323027551                -8
 7.46410161513775 -4.92820323027551                -6
 7.46410161513775 -4.92820323027551                -4
 7.46410161513775 -4.92820323027551                -2
 7.46410161513775 -4.92820323027551                 0
 7.46410161513775 -4.92820323027551                 2
 7.46410161513775 -4.92820323027551                 4
 7.46410161513775 -4.92820323027551                 6
 7.46410161513775 -4.92820323027551                 8
 7.46410161513775 -4.92820323027551                10
 6.46410161513775 -3.19615242270663               -10
 6.46410161513775 -3.19615242270663                -8
 6.46410161513775 -3.19615242270663                -6
 6.46410161513775 -3.19615242270663                -4
 6.46410161513775 -3.19615242270663                -2
 6.46410161513775 -3.19615242270663                 0
 6.46410161513775 -3.19615242270663                 2
 6.46410161513775 -3.19615242270663                 4
 6.46410161513775 -3.19615242270663                 6
 6.46410161513775 -3.19615242270663                 8
 6.46410161513775 -3.19615242270663                10
 5.46410161513775 -1.46410161513776               -10
 5.46410161513775 -1.46410161513776                -8
 5.46410161513775 -1.46410161513776                -6
 5.46410161513775 -1.46410161513776                -4
 5.46410161513775 -1.46410161513776                -2
 5.46410161513775 -1.46410161513776                 0
 5.46410161513775 -1.46410161513776                 2
 5.46410161513775 -1.46410161513776                 4
 5.46410161513775 -1.46410161513776                 6
 5.46410161513775 -1.46410161513776                 8
 5.46410161513775 -1.46410161513776                10
 4.46410161513775 0.267949192431122               -10
 4.46410161513775 0.267949192431122                -8
 4.46410161513775 0.267949192431122                -6
 4.46410161513775 0.267949192431122                -4
 4.46410161513775 0.267949192431122                -2
 4.46410161513775 0.267949192431122                 0
 4.46410161513775 0.267949192431122                 2
 4.46410161513775 0.267949192431122                 4
 4.46410161513775 0.267949192431122                 6
 4.46410161513775 0.267949192431122                 8
 4.46410161513775 0.267949192431122                10
3.46410161513775                2              -10
3.46410161513775                2               -8
3.46410161513775                2               -6
3.46410161513775                2               -4
3.46410161513775                2               -2
3.46410161513775                2                0
3.46410161513775                2                2
3.46410161513775                2                4
3.46410161513775                2                6
3.46410161513775                2                8
3.46410161513775                2               10
2.46410161513775 3.73205080756888              -10
2.46410161513775 3.73205080756888               -8
2.46410161513775 3.73205080756888               -6
2.46410161513775 3.73205080756888               -4
2.46410161513775 3.73205080756888               -2
2.46410161513775 3.73205080756888                0
2.46410161513775 3.73205080756888                2
2.46410161513775 3.73205080756888                4
2.46410161513775 3.73205080756888                6
2.46410161513775 3.73205080756888                8
2.46410161513775 3.73205080756888               10
1.46410161513776 5.46410161513775              -10
1.46410161513776 5.46410161513775               -8
1.46410161513776 5.46410161513775               -6
1.46410161513776 5.46410161513775               -4
1.46410161513776 5.46410161513775               -2
1.46410161513776 5.46410161513775                0
1.46410161513776 5.46410161513775                2
1.46410161513776 5.46410161513775                4
1.46410161513776 5.46410161513775                6
1.46410161513776 5.46410161513775                8
1.46410161513776 5.46410161513775               10
0.464101615137755  7.19615242270663               -10
0.464101615137755  7.19615242270663                -8
0.464101615137755  7.19615242270663                -6
0.464101615137755  7.19615242270663                -4
0.464101615137755  7.19615242270663                -2
0.464101615137755  7.19615242270663                 0
0.464101615137755  7.19615242270663                 2
0.464101615137755  7.19615242270663                 4
0.464101615137755  7.19615242270663                 6
0.464101615137755  7.19615242270663                 8
0.464101615137755  7.19615242270663                10
-0.535898384862245   8.92820323027551                -10
-0.535898384862245   8.92820323027551                 -8
-0.535898384862245   8.92820323027551                 -6
-0.535898384862245   8.92820323027551                 -4
-0.535898384862245   8.92820323027551                 -2
-0.535898384862245   8.92820323027551                  0
-0.535898384862245   8.92820323027551                  2
-0.535898384862245   8.92820323027551                  4
-0.535898384862245   8.92820323027551                  6
-0.535898384862245   8.92820323027551                  8
-0.535898384862245   8.92820323027551                 10
-1.53589838486224  10.6602540378444               -10
-1.53589838486224  10.6602540378444                -8
-1.53589838486224  10.6602540378444                -6
-1.53589838486224  10.6602540378444                -4
-1.53589838486224  10.6602540378444                -2
-1.53589838486224  10.6602540378444                 0
-1.53589838486224  10.6602540378444                 2
-1.53589838486224  10.6602540378444                 4
-1.53589838486224  10.6602540378444                 6
-1.53589838486224  10.6602540378444                 8
-1.53589838486224  10.6602540378444                10
-2.53589838486224  12.3923048454133               -10
-2.53589838486224  12.3923048454133                -8
-2.53589838486224  12.3923048454133                -6
-2.53589838486224  12.3923048454133                -4
-2.53589838486224  12.3923048454133                -2
-2.53589838486224  12.3923048454133                 0
-2.53589838486224  12.3923048454133                 2
-2.53589838486224  12.3923048454133                 4
-2.53589838486224  12.3923048454133                 6
-2.53589838486224  12.3923048454133                 8
-2.53589838486224  12.3923048454133                10
 9.19615242270663 -3.92820323027551               -10
 9.19615242270663 -3.92820323027551                -8
 9.19615242270663 -3.92820323027551                -6
 9.19615242270663 -3.92820323027551                -4
 9.19615242270663 -3.92820323027551                -2
 9.19615242270663 -3.92820323027551                 0
 9.19615242270663 -3.92820323027551                 2
 9.19615242270663 -3.92820323027551                 4
 9.19615242270663 -3.92820323027551                 6
 9.19615242270663 -3.92820323027551                 8
 9.19615242270663 -3.92820323027551                10
 8.19615242270663 -2.19615242270663               -10
 8.19615242270663 -2.19615242270663                -8
 8.19615242270663 -2.19615242270663                -6
 8.19615242270663 -2.19615242270663                -4
 8.19615242270663 -2.19615242270663                -2
 8.19615242270663 -2.19615242270663                 0
 8.19615242270663 -2.19615242270663                 2
 8.19615242270663 -2.19615242270663                 4
 8.19615242270663 -2.19615242270663                 6
 8.19615242270663 -2.19615242270663                 8
 8.19615242270663 -2.19615242270663                10
  7.19615242270663 -0.464101615137755                -10
  7.19615242270663 -0.464101615137755                 -8
  7.19615242270663 -0.464101615137755                 -6
  7.19615242270663 -0.464101615137755                 -4
  7.19615242270663 -0.464101615137755                 -2
  7.19615242270663 -0.464101615137755                  0
  7.19615242270663 -0.464101615137755                  2
  7.19615242270663 -0.464101615137755                  4
  7.19615242270663 -0.464101615137755                  6
  7.19615242270663 -0.464101615137755                  8
  7.19615242270663 -0.464101615137755                 10
6.19615242270663 1.26794919243112              -10
6.19615242270663 1.26794919243112               -8
6.19615242270663 1.26794919243112               -6
6.19615242270663 1.26794919243112               -4
6.19615242270663 1.26794919243112               -2
6.19615242270663 1.26794919243112                0
6.19615242270663 1.26794919243112                2
6.19615242270663 1.26794919243112                4
6.19615242270663 1.26794919243112                6
6.19615242270663 1.26794919243112                8
6.19615242270663 1.26794919243112               10
5.19615242270663                3              -10
5.19615242270663                3               -8
5.19615242270663                3               -6
5.19615242270663                3               -4
5.19615242270663                3               -2
5.19615242270663                3                0
5.19615242270663                3                2
5.19615242270663                3                4
5.19615242270663                3                6
5.19615242270663                3                8
5.19615242270663                3               10
4.19615242270663 4.73205080756888              -10
4.19615242270663 4.73205080756888               -8
4.19615242270663 4.73205080756888               -6
4.19615242270663 4.73205080756888               -4
4.19615242270663 4.73205080756888               -2
4.19615242270663 4.73205080756888                0
4.19615242270663 4.73205080756888                2
4.19615242270663 4.73205080756888                4
4.19615242270663 4.73205080756888                6
4.19615242270663 4.73205080756888                8
4.19615242270663 4.73205080756888               10
3.19615242270663 6.46410161513775              -10
3.19615242270663 6.46410161513775               -8
3.19615242270663 6.46410161513775               -6
3.19615242270663 6.46410161513775               -4
3.19615242270663 6.46410161513775               -2
3.19615242270663 6.46410161513775                0
3.19615242270663 6.46410161513775                2
3.19615242270663 6.46410161513775                4
3.19615242270663 6.46410161513775                6
3.19615242270663 6.46410161513775                8
3.19615242270663 6.46410161513775               10
2.19615242270663 8.19615242270663              -10
2.19615242270663 8.19615242270663               -8
2.19615242270663 8.19615242270663               -6
2.19615242270663 8.19615242270663               -4
2.19615242270663 8.19615242270663               -2
2.19615242270663 8.19615242270663                0
2.19615242270663 8.19615242270663                2
2.19615242270663 8.19615242270663                4
2.19615242270663 8.19615242270663                6
2.19615242270663 8.19615242270663                8
2.19615242270663 8.19615242270663               10
1.19615242270663 9.92820323027551              -10
1.19615242270663 9.92820323027551               -8
1.19615242270663 9.92820323027551               -6
1.19615242270663 9.92820323027551               -4
1.19615242270663 9.92820323027551               -2
1.19615242270663 9.92820323027551                0
1.19615242270663 9.92820323027551                2
1.19615242270663 9.92820323027551                4
1.19615242270663 9.92820323027551                6
1.19615242270663 9.92820323027551                8
1.19615242270663 9.92820323027551               10
0.196152422706633  11.6602540378444               -10
0.196152422706633  11.6602540378444                -8
0.196152422706633  11.6602540378444                -6
0.196152422706633  11.6602540378444                -4
0.196152422706633  11.6602540378444                -2
0.196152422706633  11.6602540378444                 0
0.196152422706633  11.6602540378444                 2
0.196152422706633  11.6602540378444                 4
0.196152422706633  11.6602540378444                 6
0.196152422706633  11.6602540378444                 8
0.196152422706633  11.6602540378444                10
-0.803847577293367   13.3923048454133                -10
-0.803847577293367   13.3923048454133                 -8
-0.803847577293367   13.3923048454133                 -6
-0.803847577293367   13.3923048454133                 -4
-0.803847577293367   13.3923048454133                 -2
-0.803847577293367   13.3923048454133                  0
-0.803847577293367   13.3923048454133                  2
-0.803847577293367   13.3923048454133                  4
-0.803847577293367   13.3923048454133                  6
-0.803847577293367   13.3923048454133                  8
-0.803847577293367   13.3923048454133                 10
 10.9282032302755 -2.92820323027551               -10
 10.9282032302755 -2.92820323027551                -8
 10.9282032302755 -2.92820323027551                -6
 10.9282032302755 -2.92820323027551                -4
 10.9282032302755 -2.92820323027551                -2
 10.9282032302755 -2.92820323027551                 0
 10.9282032302755 -2.92820323027551                 2
 10.9282032302755 -2.92820323027551                 4
 10.9282032302755 -2.92820323027551                 6
 10.9282032302755 -2.92820323027551                 8
 10.9282032302755 -2.92820323027551                10
 9.92820323027551 -1.19615242270663               -10
 9.92820323027551 -1.19615242270663                -8
 9.92820323027551 -1.19615242270663                -6
 9.92820323027551 -1.19615242270663                -4
 9.92820323027551 -1.19615242270663                -2
 9.92820323027551 -1.19615242270663                 0
 9.92820323027551 -1.19615242270663                 2
 9.92820323027551 -1.19615242270663                 4
 9.92820323027551 -1.19615242270663                 6
 9.92820323027551 -1.19615242270663                 8
 9.92820323027551 -1.19615242270663                10
 8.92820323027551 0.535898384862245               -10
 8.92820323027551 0.535898384862245                -8
 8.92820323027551 0.535898384862245                -6
 8.92820323027551 0.535898384862245                -4
 8.92820323027551 0.535898384862245                -2
 8.92820323027551 0.535898384862245                 0
 8.92820323027551 0.535898384862245                 2
 8.92820323027551 0.535898384862245                 4
 8.92820323027551 0.535898384862245                 6
 8.92820323027551 0.535898384862245                 8
 8.92820323027551 0.535898384862245                10
7.92820323027551 2.26794919243112              -10
7.92820323027551 2.26794919243112               -8
7.92820323027551 2.26794919243112               -6
7.92820323027551 2.26794919243112               -4
7.92820323027551 2.26794919243112               -2
7.92820323027551 2.26794919243112                0
7.92820323027551 2.26794919243112                2
7.92820323027551 2.26794919243112                4
7.92820323027551 2.26794919243112                6
7.92820323027551 2.26794919243112                8
7.92820323027551 2.26794919243112               10
6.92820323027551                4              -10
6.92820323027551                4               -8
6.92820323027551                4               -6
6.92820323027551                4               -4
6.92820323027551                4               -2
6.92820323027551                4                0
6.92820323027551                4                2
6.92820323027551                4                4
6.92820323027551                4                6
6.92820323027551                4                8
6.92820323027551                4               10
5.92820323027551 5.73205080756888              -10
5.92820323027551 5.73205080756888               -8
5.92820323027551 5.73205080756888               -6
5.92820323027551 5.73205080756888               -4
5.92820323027551 5.73205080756888               -2
5.92820323027551 5.73205080756888                0
5.92820323027551 5.73205080756888                2
5.92820323027551 5.73205080756888                4
5.92820323027551 5.73205080756888                6
5.92820323027551 5.73205080756888                8
5.92820323027551 5.73205080756888               10
4.92820323027551 7.46410161513775              -10
4.92820323027551 7.46410161513775               -8
4.92820323027551 7.46410161513775               -6
4.92820323027551 7.46410161513775               -4
4.92820323027551 7.46410161513775               -2
4.92820323027551 7.46410161513775                0
4.92820323027551 7.46410161513775                2
4.92820323027551 7.46410161513775                4
4.92820323027551 7.46410161513775                6
4.92820323027551 7.46410161513775                8
4.92820323027551 7.46410161513775               10
3.92820323027551 9.19615242270663              -10
3.92820323027551 9.19615242270663               -8
3.92820323027551 9.19615242270663               -6
3.92820323027551 9.19615242270663               -4
3.92820323027551 9.19615242270663               -2
3.92820323027551 9.19615242270663                0
3.92820323027551 9.19615242270663                2
3.92820323027551 9.19615242270663                4
3.92820323027551 9.19615242270663                6
3.92820323027551 9.19615242270663                8
3.92820323027551 9.19615242270663               10
2.92820323027551 10.9282032302755              -10
2.92820323027551 10.9282032302755               -8
2.92820323027551 10.9282032302755               -6
2.92820323027551 10.9282032302755               -4
2.92820323027551 10.9282032302755               -2
2.92820323027551 10.9282032302755                0
2.92820323027551 10.9282032302755                2
2.92820323027551 10.9282032302755                4
2.92820323027551 10.9282032302755                6
2.92820323027551 10.9282032302755                8
2.92820323027551 10.9282032302755               10
1.92820323027551 12.6602540378444              -10
1.92820323027551 12.6602540378444               -8
1.92820323027551 12.6602540378444               -6
1.92820323027551 12.6602540378444               -4
1.92820323027551 12.6602540378444               -2
1.92820323027551 12.6602540378444                0
1.92820323027551 12.6602540378444                2
1.92820323027551 12.6602540378444                4
1.92820323027551 12.6602540378444                6
1.92820323027551 12.6602540378444                8
1.92820323027551 12.6602540378444               10
0.928203230275511  14.3923048454133               -10
0.928203230275511  14.3923048454133                -8
0.928203230275511  14.3923048454133                -6
0.928203230275511  14.3923048454133                -4
0.928203230275511  14.3923048454133                -2
0.928203230275511  14.3923048454133                 0
0.928203230275511  14.3923048454133                 2
0.928203230275511  14.3923048454133                 4
0.928203230275511  14.3923048454133                 6
0.928203230275511  14.3923048454133                 8
0.928203230275511  14.3923048454133                10
 12.6602540378444 -1.92820323027551               -10
 12.6602540378444 -1.92820323027551                -8
 12.6602540378444 -1.92820323027551                -6
 12.6602540378444 -1.92820323027551                -4
 12.6602540378444 -1.92820323027551                -2
 12.6602540378444 -1.92820323027551                 0
 12.6602540378444 -1.92820323027551                 2
 12.6602540378444 -1.92820323027551                 4
 12.6602540378444 -1.92820323027551                 6
 12.6602540378444 -1.92820323027551                 8
 12.6602540378444 -1.92820323027551                10
  11.6602540378444 -0.196152422706633                -10
  11.6602540378444 -0.196152422706633                 -8
  11.6602540378444 -0.196152422706633                 -6
  11.6602540378444 -0.196152422706633                 -4
  11.6602540378444 -0.196152422706633                 -2
  11.6602540378444 -0.196152422706633                  0
  11.6602540378444 -0.196152422706633                  2
  11.6602540378444 -0.196152422706633                  4
  11.6602540378444 -0.196152422706633                  6
  11.6602540378444 -0.196152422706633                  8
  11.6602540378444 -0.196152422706633                 10
10.6602540378444 1.53589838486224              -10
10.6602540378444 1.53589838486224               -8
10.6602540378444 1.53589838486224               -6
10.6602540378444 1.53589838486224               -4
10.6602540378444 1.53589838486224               -2
10.6602540378444 1.53589838486224                0
10.6602540378444 1.53589838486224                2
10.6602540378444 1.53589838486224                4
10.6602540378444 1.53589838486224                6
10.6602540378444 1.53589838486224                8
10.6602540378444 1.53589838486224               10
9.66025403784439 3.26794919243112              -10
9.66025403784439 3.26794919243112               -8
9.66025403784439 3.26794919243112               -6
9.66025403784439 3.26794919243112               -4
9.66025403784439 3.26794919243112               -2
9.66025403784439 3.26794919243112                0
9.66025403784439 3.26794919243112                2
9.66025403784439 3.26794919243112                4
9.66025403784439 3.26794919243112                6
9.66025403784439 3.26794919243112                8
9.66025403784439 3.26794919243112               10
8.66025403784439                5              -10
8.66025403784439                5               -8
8.66025403784439                5               -6
8.66025403784439                5               -4
8.66025403784439                5               -2
8.66025403784439                5                0
8.66025403784439                5                2
8.66025403784439                5                4
8.66025403784439                5                6
8.66025403784439                5                8
8.66025403784439                5               10
7.66025403784439 6.73205080756888              -10
7.66025403784439 6.73205080756888               -8
7.66025403784439 6.73205080756888               -6
7.66025403784439 6.73205080756888               -4
7.66025403784439 6.73205080756888               -2
7.66025403784439 6.73205080756888                0
7.66025403784439 6.73205080756888                2
7.66025403784439 6.73205080756888                4
7.66025403784439 6.73205080756888                6
7.66025403784439 6.73205080756888                8
7.66025403784439 6.73205080756888               10
6.66025403784439 8.46410161513775              -10
6.66025403784439 8.46410161513775               -8
6.66025403784439 8.46410161513775               -6
6.66025403784439 8.46410161513775               -4
6.66025403784439 8.46410161513775               -2
6.66025403784439 8.46410161513775                0
6.66025403784439 8.46410161513775                2
6.66025403784439 8.46410161513775                4
6.66025403784439 8.46410161513775                6
6.66025403784439 8.46410161513775                8
6.66025403784439 8.46410161513775               10
5.66025403784439 10.1961524227066              -10
5.66025403784439 10.1961524227066               -8
5.66025403784439 10.1961524227066               -6
5.66025403784439 10.1961524227066               -4
5.66025403784439 10.1961524227066               -2
5.66025403784439 10.1961524227066                0
5.66025403784439 10.1961524227066                2
5.66025403784439 10.1961524227066                4
5.66025403784439 10.1961524227066                6
5.66025403784439 10.1961524227066                8
5.66025403784439 10.1961524227066               10
4.66025403784439 11.9282032302755              -10
4.66025403784439 11.9282032302755               -8
4.66025403784439 11.9282032302755               -6
4.66025403784439 11.9282032302755               -4
4.66025403784439 11.9282032302755               -2
4.66025403784439 11.9282032302755                0
4.66025403784439 11.9282032302755                2
4.66025403784439 11.9282032302755                4
4.66025403784439 11.9282032302755                6
4.66025403784439 11.9282032302755                8
4.66025403784439 11.9282032302755               10
3.66025403784439 13.6602540378444              -10
3.66025403784439 13.6602540378444               -8
3.66025403784439 13.6602540378444               -6
3.66025403784439 13.6602540378444               -4
3.66025403784439 13.6602540378444               -2
3.66025403784439 13.6602540378444                0
3.66025403784439 13.6602540378444                2
3.66025403784439 13.6602540378444                4
3.66025403784439 13.6602540378444                6
3.66025403784439 13.6602540378444                8
3.66025403784439 13.6602540378444               10
2.66025403784439 15.3923048454133              -10
2.66025403784439 15.3923048454133               -8
2.66025403784439 15.3923048454133               -6
2.66025403784439 15.3923048454133               -4
2.66025403784439 15.3923048454133               -2
2.66025403784439 15.3923048454133                0
2.66025403784439 15.3923048454133                2
2.66025403784439 15.3923048454133                4
2.66025403784439 15.3923048454133                6
2.66025403784439 15.3923048454133                8
2.66025403784439 15.3923048454133               10
  14.3923048454133 -0.928203230275511                -10
  14.3923048454133 -0.928203230275511                 -8
  14.3923048454133 -0.928203230275511                 -6
  14.3923048454133 -0.928203230275511                 -4
  14.3923048454133 -0.928203230275511                 -2
  14.3923048454133 -0.928203230275511                  0
  14.3923048454133 -0.928203230275511                  2
  14.3923048454133 -0.928203230275511                  4
  14.3923048454133 -0.928203230275511                  6
  14.3923048454133 -0.928203230275511                  8
  14.3923048454133 -0.928203230275511                 10
 13.3923048454133 0.803847577293367               -10
 13.3923048454133 0.803847577293367                -8
 13.3923048454133 0.803847577293367                -6
 13.3923048454133 0.803847577293367                -4
 13.3923048454133 0.803847577293367                -2
 13.3923048454133 0.803847577293367                 0
 13.3923048454133 0.803847577293367                 2
 13.3923048454133 0.803847577293367                 4
 13.3923048454133 0.803847577293367                 6
 13.3923048454133 0.803847577293367                 8
 13.3923048454133 0.803847577293367                10
12.3923048454133 2.53589838486224              -10
12.3923048454133 2.53589838486224               -8
12.3923048454133 2.53589838486224               -6
12.3923048454133 2.53589838486224               -4
12.3923048454133 2.53589838486224               -2
12.3923048454133 2.53589838486224                0
12.3923048454133 2.53589838486224                2
12.3923048454133 2.53589838486224                4
12.3923048454133 2.53589838486224                6
12.3923048454133 2.53589838486224                8
12.3923048454133 2.53589838486224               10
11.3923048454133 4.26794919243112              -10
11.3923048454133 4.26794919243112               -8
11.3923048454133 4.26794919243112               -6
11.3923048454133 4.26794919243112               -4
11.3923048454133 4.26794919243112               -2
11.3923048454133 4.26794919243112                0
11.3923048454133 4.26794919243112                2
11.3923048454133 4.26794919243112                4
11.3923048454133 4.26794919243112                6
11.3923048454133 4.26794919243112                8
11.3923048454133 4.26794919243112               10
10.3923048454133                6              -10
10.3923048454133                6               -8
10.3923048454133                6               -6
10.3923048454133                6               -4
10.3923048454133                6               -2
10.3923048454133                6                0
10.3923048454133                6                2
10.3923048454133                6                4
10.3923048454133                6                6
10.3923048454133                6                8
10.3923048454133                6               10
9.39230484541326 7.73205080756888              -10
9.39230484541326 7.73205080756888               -8
9.39230484541326 7.73205080756888               -6
9.39230484541326 7.73205080756888               -4
9.39230484541326 7.73205080756888               -2
9.39230484541326 7.73205080756888                0
9.39230484541326 7.73205080756888                2
9.39230484541326 7.73205080756888                4
9.39230484541326 7.73205080756888                6
9.39230484541326 7.73205080756888                8
9.39230484541326 7.73205080756888               10
8.39230484541326 9.46410161513775              -10
8.39230484541326 9.46410161513775               -8
8.39230484541326 9.46410161513775               -6
8.39230484541326 9.46410161513775               -4
8.39230484541326 9.46410161513775               -2
8.39230484541326 9.46410161513775                0
8.39230484541326 9.46410161513775                2
8.39230484541326 9.46410161513775                4
8.39230484541326 9.46410161513775                6
8.39230484541326 9.46410161513775                8
8.39230484541326 9.46410161513775               10
7.39230484541326 11.1961524227066              -10
7.39230484541326 11.1961524227066               -8
7.39230484541326 11.1961524227066               -6
7.39230484541326 11.1961524227066               -4
7.39230484541326 11.1961524227066               -2
7.39230484541326 11.1961524227066                0
7.39230484541326 11.1961524227066                2
7.39230484541326 11.1961524227066                4
7.39230484541326 11.1961524227066                6
7.39230484541326 11.1961524227066                8
7.39230484541326 11.1961524227066               10
6.39230484541326 12.9282032302755              -10
6.39230484541326 12.9282032302755               -8
6.39230484541326 12.9282032302755               -6
6.39230484541326 12.9282032302755               -4
6.39230484541326 12.9282032302755               -2
6.39230484541326 12.9282032302755                0
6.39230484541326 12.9282032302755                2
6.39230484541326 12.9282032302755                4
6.39230484541326 12.9282032302755                6
6.39230484541326 12.9282032302755                8
6.39230484541326 12.9282032302755               10
5.39230484541326 14.6602540378444              -10
5.39230484541326 14.6602540378444               -8
5.39230484541326 14.6602540378444               -6
5.39230484541326 14.6602540378444               -4
5.39230484541326 14.6602540378444               -2
5.39230484541326 14.6602540378444                0
5.39230484541326 14.6602540378444                2
5.39230484541326 14.6602540378444                4
5.39230484541326 14.6602540378444                6
5.39230484541326 14.6602540378444                8
5.39230484541326 14.6602540378444               10
4.39230484541326 16.3923048454133              -10
4.39230484541326 16.3923048454133               -8
4.39230484541326 16.3923048454133               -6
4.39230484541326 16.3923048454133               -4
4.39230484541326 16.3923048454133               -2
4.39230484541326 16.3923048454133                0
4.39230484541326 16.3923048454133                2
4.39230484541326 16.3923048454133                4
4.39230484541326 16.3923048454133                6
4.39230484541326 16.3923048454133                8
4.39230484541326 16.3923048454133               10

Point: corresp_imgpoint
-10 -10 -10
-10 -10  -8
-10 -10  -6
-10 -10  -4
-10 -10  -2
-10 -10   0
-10 -10   2
-10 -10   4
-10 -10   6
-10 -10   8
-10 -10  10
-10  -8 -10
-10  -8  -8
-10  -8  -6
-10  -8  -4
-10  -8  -2
-10  -8   0
-10  -8   2
-10  -8   4
-10  -8   6
-10  -8   8
-10  -8  10
-10  -6 -10
-10  -6  -8
-10  -6  -6
-10  -6  -4
-10  -6  -2
-10  -6   0
-10  -6   2
-10  -6   4
-10  -6   6
-10  -6   8
-10  -6  10
-10  -4 -10
-10  -4  -8
-10  -4  -6
-10  -4  -4
-10  -4  -2
-10  -4   0
-10  -4   2
-10  -4   4
-10  -4   6
-10  -4   8
-10  -4  10
-10  -2 -10
-10  -2  -8
-10  -2  -6
-10  -2  -4
-10  -2  -2
-10  -2   0
-10  -2   2
-10  -2   4
-10  -2   6
-10  -2   8
-10  -2  10
-10   0 -10
-10   0  -8
-10   0  -6
-10   0  -4
-10   0  -2
-10   0   0
-10   0   2
-10   0   4
-10   0   6
-10   0   8
-10   0  10
-10   2 -10
-10   2  -8
-10   2  -6
-10   2  -4
-10   2  -2
-10   2   0
-10   2   2
-10   2   4
-10   2   6
-10   2   8
-10   2  10
-10   4 -10
-10   4  -8
-10   4  -6
-10   4  -4
-10   4  -2
-10   4   0
-10   4   2
-10   4   4
-10   4   6
-10   4   8
-10   4  10
-10   6 -10
-10   6  -8
-10   6  -6
-10   6  -4
-10   6  -2
-10   6   0
-10   6   2
-10   6   4
-10   6   6
-10   6   8
-10   6  10
-10   8 -10
-10   8  -8
-10   8  -6
-10   8  -4
-10   8  -2
-10   8   0
-10   8   2
-10   8   4
-10   8   6
-10   8   8
-10   8  10
-10  10 -10
-10  10  -8
-10  10  -6
-10  10  -4
-10  10  -2
-10  10   0
-10  10   2
-10  10   4
-10  10   6
-10  10   8
-10  10  10
 -8 -10 -10
 -8 -10  -8
 -8 -10  -6
 -8 -10  -4
 -8 -10  -2
 -8 -10   0
 -8 -10   2
 -8 -10   4
 -8 -10   6
 -8 -10   8
 -8 -10  10
 -8  -8 -10
-8 -8 -8
-8 -8 -6
-8 -8 -4
-8 -8 -2
-8 -8  0
-8 -8  2
-8 -8  4
-8 -8  6
-8 -8  8
-8 -8 10
 -8  -6 -10
-8 -6 -8
-8 -6 -6
-8 -6 -4
-8 -6 -2
-8 -6  0
-8 -6  2
-8 -6  4
-8 -6  6
-8 -6  8
-8 -6 10
 -8  -4 -10
-8 -4 -8
-8 -4 -6
-8 -4 -4
-8 -4 -2
-8 -4  0
-8 -4  2
-8 -4  4
-8 -4  6
-8 -4  8
-8 -4 10
 -8  -2 -10
-8 -2 -8
-8 -2 -6
-8 -2 -4
-8 -2 -2
-8 -2  0
-8 -2  2
-8 -2  4
-8 -2  6
-8 -2  8
-8 -2 10
 -8   0 -10
-8  0 -8
-8  0 -6
-8  0 -4
-8  0 -2
-8  0  0
-8  0  2
-8  0  4
-8  0  6
-8  0  8
-8  0 10
 -8   2 -10
-8  2 -8
-8  2 -6
-8  2 -4
-8  2 -2
-8  2  0
-8  2  2
-8  2  4
-8  2  6
-8  2  8
-8  2 10
 -8   4 -10
-8  4 -8
-8  4 -6
-8  4 -4
-8  4 -2
-8  4  0
-8  4  2
-8  4  4
-8  4  6
-8  4  8
-8  4 10
 -8   6 -10
-8  6 -8
-8  6 -6
-8  6 -4
-8  6 -2
-8  6  0
-8  6  2
-8  6  4
-8  6  6
-8  6  8
-8  6 10
 -8   8 -10
-8  8 -8
-8  8 -6
-8  8 -4
-8  8 -2
-8  8  0
-8  8  2
-8  8  4
-8  8  6
-8  8  8
-8  8 10
 -8  10 -10
-8 10 -8
-8 10 -6
-8 10 -4
-8 10 -2
-8 10  0
-8 10  2
-8 10  4
-8 10  6
-8 10  8
-8 10 10
 -6 -10 -10
 -6 -10  -8
 -6 -10  -6
 -6 -10  -4
 -6 -10  -2
 -6 -10   0
 -6 -10   2
 -6 -10   4
 -6 -10   6
 -6 -10   8
 -6 -10  10
 -6  -8 -10
-6 -8 -8
-6 -8 -6
-6 -8 -4
-6 -8 -2
-6 -8  0
-6 -8  2
-6 -8  4
-6 -8  6
-6 -8  8
-6 -8 10
 -6  -6 -10
-6 -6 -8
-6 -6 -6
-6 -6 -4
-6 -6 -2
-6 -6  0
-6 -6  2
-6 -6  4
-6 -6  6
-6 -6  8
-6 -6 10
 -6  -4 -10
-6 -4 -8
-6 -4 -6
-6 -4 -4
-6 -4 -2
-6 -4  0
-6 -4  2
-6 -4  4
-6 -4  6
-6 -4  8
-6 -4 10
 -6  -2 -10
-6 -2 -8
-6 -2 -6
-6 -2 -4
-6 -2 -2
-6 -2  0
-6 -2  2
-6 -2  4
-6 -2  6
-6 -2  8
-6 -2 10
 -6   0 -10
-6  0 -8
-6  0 -6
-6  0 -4
-6  0 -2
-6  0  0
-6  0  2
-6  0  4
-6  0  6
-6  0  8
-6  0 10
 -6   2 -10
-6  2 -8
-6  2 -6
-6  2 -4
-6  2 -2
-6  2  0
-6  2  2
-6  2  4
-6  2  6
-6  2  8
-6  2 10
 -6   4 -10
-6  4 -8
-6  4 -6
-6  4 -4
-6  4 -2
-6  4  0
-6  4  2
-6  4  4
-6  4  6
-6  4  8
-6  4 10
 -6   6 -10
-6  6 -8
-6  6 -6
-6  6 -4
-6  6 -2
-6  6  0
-6  6  2
-6  6  4
-6  6  6
-6  6  8
-6  6 10
 -6   8 -10
-6  8 -8
-6  8 -6
-6  8 -4
-6  8 -2
-6  8  0
-6  8  2
-6  8  4
-6  8  6
-6  8  8
-6  8 10
 -6  10 -10
-6 10 -8
-6 10 -6
-6 10 -4
-6 10 -2
-6 10  0
-6 10  2
-6 10  4
-6 10  6
-6 10  8
-6 10 10
 -4 -10 -10
 -4 -10  -8
 -4 -10  -6
 -4 -10  -4
 -4 -10  -2
 -4 -10   0
 -4 -10   2
 -4 -10   4
 -4 -10   6
 -4 -10   8
 -4 -10  10
 -4  -8 -10
-4 -8 -8
-4 -8 -6
-4 -8 -4
-4 -8 -2
-4 -8  0
-4 -8  2
-4 -8  4
-4 -8  6
-4 -8  8
-4 -8 10
 -4  -6 -10
-4 -6 -8
-4 -6 -6
-4 -6 -4
-4 -6 -2
-4 -6  0
-4 -6  2
-4 -6  4
-4 -6  6
-4 -6  8
-4 -6 10
 -4  -4 -10
-4 -4 -8
-4 -4 -6
-4 -4 -4
-4 -4 -2
-4 -4  0
-4 -4  2
-4 -4  4
-4 -4  6
-4 -4  8
-4 -4 10
 -4  -2 -10
-4 -2 -8
-4 -2 -6
-4 -2 -4
-4 -2 -2
-4 -2  0
-4 -2  2
-4 -2  4
-4 -2  6
-4 -2  8
-4 -2 10
 -4   0 -10
-4  0 -8
-4  0 -6
-4  0 -4
-4  0 -2
-4  0  0
-4  0  2
-4  0  4
-4  0  6
-4  0  8
-4  0 10
 -4   2 -10
-4  2 -8
-4  2 -6
-4  2 -4
-4  2 -2
-4  2  0
-4  2  2
-4  2  4
-4  2  6
-4  2  8
-4  2 10
 -4   4 -10
-4  4 -8
-4  4 -6
-4  4 -4
-4  4 -2
-4  4  0
-4  4  2
-4  4  4
-4  4  6
-4  4  8
-4  4 10
 -4   6 -10
-4  6 -8
-4  6 -6
-4  6 -4
-4  6 -2
-4  6  0
-4  6  2
-4  6  4
-4  6  6
-4  6  8
-4  6 10
 -4   8 -10
-4  8 -8
-4  8 -6
-4  8 -4
-4  8 -2
-4  8  0
-4  8  2
-4  8  4
-4  8  6
-4  8  8
-4  8 10
 -4  10 -10
-4 10 -8
-4 10 -6
-4 10 -4
-4 10 -2
-4 10  0
-4 10  2
-4 10  4
-4 10  6
-4 10  8
-4 10 10
 -2 -10 -10
 -2 -10  -8
 -2 -10  -6
 -2 -10  -4
 -2 -10  -2
 -2 -10   0
 -2 -10   2
 -2 -10   4
 -2 -10   6
 -2 -10   8
 -2 -10  10
 -2  -8 -10
-2 -8 -8
-2 -8 -6
-2 -8 -4
-2 -8 -2
-2 -8  0
-2 -8  2
-2 -8  4
-2 -8  6
-2 -8  8
-2 -8 10
 -2  -6 -10
-2 -6 -8
-2 -6 -6
-2 -6 -4
-2 -6 -2
-2 -6  0
-2 -6  2
-2 -6  4
-2 -6  6
-2 -6  8
-2 -6 10
 -2  -4 -10
-2 -4 -8
-2 -4 -6
-2 -4 -4
-2 -4 -2
-2 -4  0
-2 -4  2
-2 -4  4
-2 -4  6
-2 -4  8
-2 -4 10
 -2  -2 -10
-2 -2 -8
-2 -2 -6
-2 -2 -4
-2 -2 -2
-2 -2  0
-2 -2  2
-2 -2  4
-2 -2  6
-2 -2  8
-2 -2 10
 -2   0 -10
-2  0 -8
-2  0 -6
-2  0 -4
-2  0 -2
-2  0  0
-2  0  2
-2  0  4
-2  0  6
-2  0  8
-2  0 10
 -2   2 -10
-2  2 -8
-2  2 -6
-2  2 -4
-2  2 -2
-2  2  0
-2  2  2
-2  2  4
-2  2  6
-2  2  8
-2  2 10
 -2   4 -10
-2  4 -8
-2  4 -6
-2  4 -4
-2  4 -2
-2  4  0
-2  4  2
-2  4  4
-2  4  6
-2  4  8
-2  4 10
 -2   6 -10
-2  6 -8
-2  6 -6
-2  6 -4
-2  6 -2
-2  6  0
-2  6  2
-2  6  4
-2  6  6
-2  6  8
-2  6 10
 -2   8 -10
-2  8 -8
-2  8 -6
-2  8 -4
-2  8 -2
-2  8  0
-2  8  2
-2  8  4
-2  8  6
-2  8  8
-2  8 10
 -2  10 -10
-2 10 -8
-2 10 -6
-2 10 -4
-2 10 -2
-2 10  0
-2 10  2
-2 10  4
-2 10  6
-2 10  8
-2 10 10
  0 -10 -10
  0 -10  -8
  0 -10  -6
  0 -10  -4
  0 -10  -2
  0 -10   0
  0 -10   2
  0 -10   4
  0 -10   6
  0 -10   8
  0 -10  10
  0  -8 -10
 0 -8 -8
 0 -8 -6
 0 -8 -4
 0 -8 -2
 0 -8  0
 0 -8  2
 0 -8  4
 0 -8  6
 0 -8  8
 0 -8 10
  0  -6 -10
 0 -6 -8
 0 -6 -6
 0 -6 -4
 0 -6 -2
 0 -6  0
 0 -6  2
 0 -6  4
 0 -6  6
 0 -6  8
 0 -6 10
  0  -4 -10
 0 -4 -8
 0 -4 -6
 0 -4 -4
 0 -4 -2
 0 -4  0
 0 -4  2
 0 -4  4
 0 -4  6
 0 -4  8
 0 -4 10
  0  -2 -10
 0 -2 -8
 0 -2 -6
 0 -2 -4
 0 -2 -2
 0 -2  0
 0 -2  2
 0 -2  4
 0 -2  6
 0 -2  8
 0 -2 10
  0   0 -10
 0  0 -8
 0  0 -6
 0  0 -4
 0  0 -2
0 0 0
0 0 2
0 0 4
0 0 6
0 0 8
 0  0 10
  0   2 -10
 0  2 -8
 0  2 -6
 0  2 -4
 0  2 -2
0 2 0
0 2 2
0 2 4
0 2 6
0 2 8
 0  2 10
  0   4 -10
 0  4 -8
 0  4 -6
 0  4 -4
 0  4 -2
0 4 0
0 4 2
0 4 4
0 4 6
0 4 8
 0  4 10
  0   6 -10
 0  6 -8
 0  6 -6
 0  6 -4
 0  6 -2
0 6 0
0 6 2
0 6 4
0 6 6
0 6 8
 0  6 10
  0   8 -10
 0  8 -8
 0  8 -6
 0  8 -4
 0  8 -2
0 8 0
0 8 2
0 8 4
0 8 6
0 8 8
 0  8 10
  0  10 -10
 0 10 -8
 0 10 -6
 0 10 -4
 0 10 -2
 0 10  0
 0 10  2
 0 10  4
 0 10  6
 0 10  8
 0 10 10
  2 -10 -10
  2 -10  -8
  2 -10  -6
  2 -10  -4
  2 -10  -2
  2 -10   0
  2 -10   2
  2 -10   4
  2 -10   6
  2 -10   8
  2 -10  10
  2  -8 -10
 2 -8 -8
 2 -8 -6
 2 -8 -4
 2 -8 -2
 2 -8  0
 2 -8  2
 2 -8  4
 2 -8  6
 2 -8  8
 2 -8 10
  2  -6 -10
 2 -6 -8
 2 -6 -6
 2 -6 -4
 2 -6 -2
 2 -6  0
 2 -6  2
 2 -6  4
 2 -6  6
 2 -6  8
 2 -6 10
  2  -4 -10
 2 -4 -8
 2 -4 -6
 2 -4 -4
 2 -4 -2
 2 -4  0
 2 -4  2
 2 -4  4
 2 -4  6
 2 -4  8
 2 -4 10
  2  -2 -10
 2 -2 -8
 2 -2 -6
 2 -2 -4
 2 -2 -2
 2 -2  0
 2 -2  2
 2 -2  4
 2 -2  6
 2 -2  8
 2 -2 10
  2   0 -10
 2  0 -8
 2  0 -6
 2  0 -4
 2  0 -2
2 0 0
2 0 2
2 0 4
2 0 6
2 0 8
 2  0 10
  2   2 -10
 2  2 -8
 2  2 -6
 2  2 -4
 2  2 -2
2 2 0
2 2 2
2 2 4
2 2 6
2 2 8
 2  2 10
  2   4 -10
 2  4 -8
 2  4 -6
 2  4 -4
 2  4 -2
2 4 0
2 4 2
2 4 4
2 4 6
2 4 8
 2  4 10
  2   6 -10
 2  6 -8
 2  6 -6
 2  6 -4
 2  6 -2
2 6 0
2 6 2
2 6 4
2 6 6
2 6 8
 2  6 10
  2   8 -10
 2  8 -8
 2  8 -6
 2  8 -4
 2  8 -2
2 8 0
2 8 2
2 8 4
2 8 6
2 8 8
 2  8 10
  2  10 -10
 2 10 -8
 2 10 -6
 2 10 -4
 2 10 -2
 2 10  0
 2 10  2
 2 10  4
 2 10  6
 2 10  8
 2 10 10
  4 -10 -10
  4 -10  -8
  4 -10  -6
  4 -10  -4
  4 -10  -2
  4 -10   0
  4 -10   2
  4 -10   4
  4 -10   6
  4 -10   8
  4 -10  10
  4  -8 -10
 4 -8 -8
 4 -8 -6
 4 -8 -4
 4 -8 -2
 4 -8  0
 4 -8  2
 4 -8  4
 4 -8  6
 4 -8  8
 4 -8 10
  4  -6 -10
 4 -6 -8
 4 -6 -6
 4 -6 -4
 4 -6 -2
 4 -6  0
 4 -6  2
 4 -6  4
 4 -6  6
 4 -6  8
 4 -6 10
  4  -4 -10
 4 -4 -8
 4 -4 -6
 4 -4 -4
 4 -4 -2
 4 -4  0
 4 -4  2
 4 -4  4
 4 -4  6
 4 -4  8
 4 -4 10
  4  -2 -10
 4 -2 -8
 4 -2 -6
 4 -2 -4
 4 -2 -2
 4 -2  0
 4 -2  2
 4 -2  4
 4 -2  6
 4 -2  8
 4 -2 10
  4   0 -10
 4  0 -8
 4  0 -6
 4  0 -4
 4  0 -2
4 0 0
4 0 2
4 0 4
4 0 6
4 0 8
 4  0 10
  4   2 -10
 4  2 -8
 4  2 -6
 4  2 -4
 4  2 -2
4 2 0
4 2 2
4 2 4
4 2 6
4 2 8
 4  2 10
  4   4 -10
 4  4 -8
 4  4 -6
 4  4 -4
 4  4 -2
4 4 0
4 4 2
4 4 4
4 4 6
4 4 8
 4  4 10
  4   6 -10
 4  6 -8
 4  6 -6
 4  6 -4
 4  6 -2
4 6 0
4 6 2
4 6 4
4 6 6
4 6 8
 4  6 10
  4   8 -10
 4  8 -8
 4  8 -6
 4  8 -4
 4  8 -2
4 8 0
4 8 2
4 8 4
4 8 6
4 8 8
 4  8 10
  4  10 -10
 4 10 -8
 4 10 -6
 4 10 -4
 4 10 -2
 4 10  0
 4 10  2
 4 10  4
 4 10  6
 4 10  8
 4 10 10
  6 -10 -10
  6 -10  -8
  6 -10  -6
  6 -10  -4
  6 -10  -2
  6 -10   0
  6 -10   2
  6 -10   4
  6 -10   6
  6 -10   8
  6 -10  10
  6  -8 -10
 6 -8 -8
 6 -8 -6
 6 -8 -4
 6 -8 -2
 6 -8  0
 6 -8  2
 6 -8  4
 6 -8  6
 6 -8  8
 6 -8 10
  6  -6 -10
 6 -6 -8
 6 -6 -6
 6 -6 -4
 6 -6 -2
 6 -6  0
 6 -6  2
 6 -6  4
 6 -6  6
 6 -6  8
 6 -6 10
  6  -4 -10
 6 -4 -8
 6 -4 -6
 6 -4 -4
 6 -4 -2
 6 -4  0
 6 -4  2
 6 -4  4
 6 -4  6
 6 -4  8
 6 -4 10
  6  -2 -10
 6 -2 -8
 6 -2 -6
 6 -2 -4
 6 -2 -2
 6 -2  0
 6 -2  2
 6 -2  4
 6 -2  6
 6 -2  8
 6 -2 10
  6   0 -10
 6  0 -8
 6  0 -6
 6  0 -4
 6  0 -2
6 0 0
6 0 2
6 0 4
6 0 6
6 0 8
 6  0 10
  6   2 -10
 6  2 -8
 6  2 -6
 6  2 -4
 6  2 -2
6 2 0
6 2 2
6 2 4
6 2 6
6 2 8
 6  2 10
  6   4 -10
 6  4 -8
 6  4 -6
 6  4 -4
 6  4 -2
6 4 0
6 4 2
6 4 4
6 4 6
6 4 8
 6  4 10
  6   6 -10
 6  6 -8
 6  6 -6
 6  6 -4
 6  6 -2
6 6 0
6 6 2
6 6 4
6 6 6
6 6 8
 6  6 10
  6   8 -10
 6  8 -8
 6  8 -6
 6  8 -4
 6  8 -2
6 8 0
6 8 2
6 8 4
6 8 6
6 8 8
 6  8 10
  6  10 -10
 6 10 -8
 6 10 -6
 6 10 -4
 6 10 -2
 6 10  0
 6 10  2
 6 10  4
 6 10  6
 6 10  8
 6 10 10
  8 -10 -10
  8 -10  -8
  8 -10  -6
  8 -10  -4
  8 -10  -2
  8 -10   0
  8 -10   2
  8 -10   4
  8 -10   6
  8 -10   8
  8 -10  10
  8  -8 -10
 8 -8 -8
 8 -8 -6
 8 -8 -4
 8 -8 -2
 8 -8  0
 8 -8  2
 8 -8  4
 8 -8  6
 8 -8  8
 8 -8 10
  8  -6 -10
 8 -6 -8
 8 -6 -6
 8 -6 -4
 8 -6 -2
 8 -6  0
 8 -6  2
 8 -6  4
 8 -6  6
 8 -6  8
 8 -6 10
  8  -4 -10
 8 -4 -8
 8 -4 -6
 8 -4 -4
 8 -4 -2
 8 -4  0
 8 -4  2
 8 -4  4
 8 -4  6
 8 -4  8
 8 -4 10
  8  -2 -10
 8 -2 -8
 8 -2 -6
 8 -2 -4
 8 -2 -2
 8 -2  0
 8 -2  2
 8 -2  4
 8 -2  6
 8 -2  8
 8 -2 10
  8   0 -10
 8  0 -8
 8  0 -6
 8  0 -4
 8  0 -2
8 0 0
8 0 2
8 0 4
8 0 6
8 0 8
 8  0 10
  8   2 -10
 8  2 -8
 8  2 -6
 8  2 -4
 8  2 -2
8 2 0
8 2 2
8 2 4
8 2 6
8 2 8
 8  2 10
  8   4 -10
 8  4 -8
 8  4 -6
 8  4 -4
 8  4 -2
8 4 0
8 4 2
8 4 4
8 4 6
8 4 8
 8  4 10
  8   6 -10
 8  6 -8
 8  6 -6
 8  6 -4
 8  6 -2
8 6 0
8 6 2
8 6 4
8 6 6
8 6 8
 8  6 10
  8   8 -10
 8  8 -8
 8  8 -6
 8  8 -4
 8  8 -2
8 8 0
8 8 2
8 8 4
8 8 6
8 8 8
 8  8 10
  8  10 -10
 8 10 -8
 8 10 -6
 8 10 -4
 8 10 -2
 8 10  0
 8 10  2
 8 10  4
 8 10  6
 8 10  8
 8 10 10
 10 -10 -10
 10 -10  -8
 10 -10  -6
 10 -10  -4
 10 -10  -2
 10 -10   0
 10 -10   2
 10 -10   4
 10 -10   6
 10 -10   8
 10 -10  10
 10  -8 -10
10 -8 -8
10 -8 -6
10 -8 -4
10 -8 -2
10 -8  0
10 -8  2
10 -8  4
10 -8  6
10 -8  8
10 -8 10
 10  -6 -10
10 -6 -8
10 -6 -6
10 -6 -4
10 -6 -2
10 -6  0
10 -6  2
10 -6  4
10 -6  6
10 -6  8
10 -6 10
 10  -4 -10
10 -4 -8
10 -4 -6
10 -4 -4
10 -4 -2
10 -4  0
10 -4  2
10 -4  4
10 -4  6
10 -4  8
10 -4 10
 10  -2 -10
10 -2 -8
10 -2 -6
10 -2 -4
10 -2 -2
10 -2  0
10 -2  2
10 -2  4
10 -2  6
10 -2  8
10 -2 10
 10   0 -10
10  0 -8
10  0 -6
10  0 -4
10  0 -2
10  0  0
10  0  2
10  0  4
10  0  6
10  0  8
10  0 10
 10   2 -10
10  2 -8
10  2 -6
10  2 -4
10  2 -2
10  2  0
10  2  2
10  2  4
10  2  6
10  2  8
10  2 10
 10   4 -10
10  4 -8
10  4 -6
10  4 -4
10  4 -2
10  4  0
10  4  2
10  4  4
10  4  6
10  4  8
10  4 10
 10   6 -10
10  6 -8
10  6 -6
10  6 -4
10  6 -2
10  6  0
10  6  2
10  6  4
10  6  6
10  6  8
10  6 10
 10   8 -10
10  8 -8
10  8 -6
10  8 -4
10  8 -2
10  8  0
10  8  2
10  8  4
10  8  6
10  8  8
10  8 10
 10  10 -10
10 10 -8
10 10 -6
10 10 -4
10 10 -2
10 10  0
10 10  2
10 10  4
10 10  6
10 10  8
10 10 10

pickup point :
212 1321 52 795 722 76 841 564 1121 1207 563 873 1239 458 339 592 1052 926 742 382 194 771 751 195 200 26 738 915 517 1237 Point: pickup_img
-8  6 -4
10 10 -8
-10  -2   6
 2  2 -4
 0 10  4
-10   2  10
 2 10  0
-2  4 -4
 8 -6 10
 8 10  6
-2  4 -6
 4 -6 -2
10 -6  4
-4  6  4
-6  6  8
-2  8  8
6 4 4
 4  4 -6
 2 -8  0
-4 -8  6
-8  2  4
 2 -2 -8
 2 -6 -4
-8  2  6
-8  4 -6
-10  -6  -2
 2 -8 -8
 4  2 -6
 -2  -4 -10
10 -6  0

Point: pickup_ply
-9.19615242270663  3.92820323027551                -4
4.39230484541326 16.3923048454133               -8
-6.92820323027551                -4                 6
1.46410161513776 5.46410161513775               -4
-4.26794919243112  11.3923048454133                 4
 -8.92820323027551 -0.535898384862245                 10
-2.53589838486224  12.3923048454133                 0
              -3 5.19615242270663               -4
10.6602540378444 1.53589838486224               10
2.66025403784439 15.3923048454133                6
              -3 5.19615242270663               -6
  7.19615242270663 -0.464101615137755                 -2
12.3923048454133 2.53589838486224                4
-5.73205080756888  5.92820323027551                 4
-7.46410161513775  4.92820323027551                 8
              -5 8.66025403784439                8
3.92820323027551 9.19615242270663                4
2.19615242270663 8.19615242270663               -6
 6.46410161513775 -3.19615242270663                 0
 1.26794919243112 -6.19615242270663                 6
-7.19615242270663 0.464101615137755                 4
3.46410161513775                2               -8
 5.46410161513775 -1.46410161513776                -4
-7.19615242270663 0.464101615137755                 6
-8.19615242270663  2.19615242270663                -6
-4.92820323027551 -7.46410161513775                -2
 6.46410161513775 -3.19615242270663                -8
3.19615242270663 6.46410161513775               -6
                1 -1.73205080756888               -10
12.3923048454133 2.53589838486224                0

Point: ply_to_img
-0.742781352708207  0.557086014531156 -0.371390676354104
 0.615457454896664  0.615457454896664 -0.492365963917331
-0.845154254728517 -0.169030850945703   0.50709255283711
 0.408248290463863  0.408248290463863 -0.816496580927726
5.6852800378778e-17   0.928476690885259   0.371390676354104
-0.700140042014005  0.140028008402801  0.700140042014005
   0.196116135138184     0.98058067569092 6.12323399573677e-17
-0.333333333333333  0.666666666666667 -0.666666666666667
 0.565685424949238 -0.424264068711929  0.707106781186547
0.565685424949238 0.707106781186548 0.424264068711928
-0.267261241912424  0.534522483824849 -0.801783725737273
 0.534522483824849 -0.801783725737273 -0.267261241912424
 0.811107105653813 -0.486664263392288  0.324442842261525
-0.485071250072666  0.727606875108999  0.485071250072666
-0.514495755427527  0.514495755427527  0.685994340570035
-0.174077655955698  0.696310623822791  0.696310623822791
0.727606875108999 0.485071250072666 0.485071250072666
 0.485071250072666  0.485071250072666 -0.727606875108999
   0.242535625036333   -0.970142500145332 6.12323399573677e-17
-0.371390676354104 -0.742781352708207  0.557086014531156
-0.87287156094397 0.218217890235993 0.436435780471985
 0.235702260395516 -0.235702260395516 -0.942809041582063
 0.267261241912424 -0.801783725737273 -0.534522483824849
-0.784464540552736  0.196116135138184  0.588348405414552
-0.742781352708207  0.371390676354104 -0.557086014531156
-0.845154254728517  -0.50709255283711 -0.169030850945703
 0.174077655955698 -0.696310623822791 -0.696310623822792
 0.534522483824849  0.267261241912424 -0.801783725737273
-0.182574185835055 -0.365148371670111 -0.912870929175277
   0.857492925712544   -0.514495755427527 6.12323399573677e-17


0.866025403784439                 0               0.5
                0                 1                 0
             -0.5                 0 0.866025403784439

Point: ply_to_img
-0.742781352708207  0.557086014531156 -0.371390676354104
 0.615457454896664  0.615457454896664 -0.492365963917331
-0.845154254728517 -0.169030850945703   0.50709255283711
 0.408248290463863  0.408248290463863 -0.816496580927726
5.6852800378778e-17   0.928476690885259   0.371390676354104
-0.700140042014005  0.140028008402801  0.700140042014005
   0.196116135138184     0.98058067569092 6.12323399573677e-17
-0.333333333333333  0.666666666666667 -0.666666666666667
 0.565685424949238 -0.424264068711929  0.707106781186547
0.565685424949238 0.707106781186548 0.424264068711928
-0.267261241912424  0.534522483824849 -0.801783725737273
 0.534522483824849 -0.801783725737273 -0.267261241912424
 0.811107105653813 -0.486664263392288  0.324442842261525
-0.485071250072666  0.727606875108999  0.485071250072666
-0.514495755427527  0.514495755427527  0.685994340570035
-0.174077655955698  0.696310623822791  0.696310623822791
0.727606875108999 0.485071250072666 0.485071250072666
 0.485071250072666  0.485071250072666 -0.727606875108999
   0.242535625036333   -0.970142500145332 6.12323399573677e-17
-0.371390676354104 -0.742781352708207  0.557086014531156
-0.87287156094397 0.218217890235993 0.436435780471985
 0.235702260395516 -0.235702260395516 -0.942809041582063
 0.267261241912424 -0.801783725737273 -0.534522483824849
-0.784464540552736  0.196116135138184  0.588348405414552
-0.742781352708207  0.371390676354104 -0.557086014531156
-0.845154254728517  -0.50709255283711 -0.169030850945703
 0.174077655955698 -0.696310623822791 -0.696310623822792
 0.534522483824849  0.267261241912424 -0.801783725737273
-0.182574185835055 -0.365148371670111 -0.912870929175277
   0.857492925712544   -0.514495755427527 6.12323399573677e-17

vector_xi.transpose() :
 2.70327676128833  10.0887662200483 -4.92365963917331  2.70327676128833  10.0887662200483 -4.92365963917331 -2.16262140903067 -8.07101297603863  3.93892771133865
  5.8554004376912  3.38061701891407  -5.0709255283711  1.17108008753824 0.676123403782813 -1.01418510567422 -3.51324026261472 -2.02837021134844  3.04255531702266
0.597716981445369  2.23071014330082 -1.63299316185545 0.597716981445369  2.23071014330082 -1.63299316185545 -1.19543396289074 -4.46142028660164  3.26598632371091
-2.42644863464053e-16  6.47684433230465e-16  2.27411201515112e-16     -3.96269134305486      10.5774895044254      3.71390676354104     -1.58507653722194      4.23099580177017      1.48556270541642
   6.25099258475467    0.37520391769269   -7.00140042014005   -1.25019851695093 -0.0750407835385379    1.40028008402801   -6.25099258475467   -0.37520391769269    7.00140042014005
   -0.497330590342346      2.43033093173664                     0     -2.48665295171173      12.1516546586832                     0 -1.55278991999224e-16  7.58809823149679e-16                     0
                1 -1.73205080756888  1.33333333333333                -2  3.46410161513775 -2.66666666666667                 2 -3.46410161513776  2.66666666666667
  6.03035033546483  0.868835330519647   5.65685424949238  -4.52276275159862 -0.651626497889735  -4.24264068711928   7.53793791933104   1.08604416314956   7.07106781186547
1.50486693587093 8.70720250742582 3.39411254969543 1.88108366983866 10.8840031342823 4.24264068711929  1.1286502019032 6.53040188056936 2.54558441227157
0.801783725737273 -1.38873014965883  1.60356745147455 -1.60356745147455  2.77746029931765 -3.20713490294909  2.40535117721182 -4.16619044897648  4.81070235442364
  3.84650526696735 -0.248072748070557   -1.0690449676497  -5.76975790045103  0.372109122105835   1.60356745147455  -1.92325263348368  0.124036374035278  0.534522483824849
 10.0514865155429  2.05688519917779  3.24442842261525 -6.03089190932572 -1.23413111950668 -1.94665705356915  4.02059460621715 0.822754079671117   1.2977713690461
 2.78045305070747 -2.87560095159456 -1.94028500029066  -4.1706795760612  4.31340142739184    2.910427500436 -2.78045305070747  2.87560095159456  1.94028500029066
 3.84024859906812 -2.53553964386098 -4.11596604342021 -3.84024859906812  2.53553964386098  4.11596604342021 -5.12033146542416  3.38071952514797  5.48795472456028
0.870388279778489 -1.50755672288882 -1.39262124764558 -3.48155311911396  6.03022689155527  5.57048499058233 -3.48155311911396  6.03022689155527  5.57048499058233
2.85818767717384 6.69118372731162   2.910427500436 1.90545845144923 4.46078915154108 1.94028500029066 1.90545845144923 4.46078915154108 1.94028500029066
 1.06529040103242  3.97571790146842   -2.910427500436  1.06529040103242  3.97571790146842   -2.910427500436 -1.59793560154863 -5.96357685220262  4.36564125065399
      1.5677749255258    -0.775180825552543                     0     -6.27109970210322      3.10072330221017                    -0  3.95812067617084e-16 -1.95707891702737e-16                     0
-0.470904508159634   2.30119323906213  -2.22834405812462 -0.941809016319268   4.60238647812427  -4.45668811624924  0.706356762239451   -3.4517898585932   3.34251608718693
 6.28131679799867 -0.40510110124191 -3.49148624377588 -1.57032919949967 0.101275275310477  0.87287156094397 -3.14065839899933 0.202550550620955  1.74574312188794
 0.816496580927725  0.471404520791031  -1.88561808316412 -0.816496580927725 -0.471404520791031   1.88561808316412   -3.2659863237109  -1.88561808316413   7.54247233265651
   1.4603425835974 -0.391297615947703   -1.0690449676497   -4.3810277507922   1.17389284784311   3.20713490294909   -2.9206851671948  0.782595231895406    2.1380899352994
  5.64512640402602 -0.364071260288822  -4.70678724331642  -1.41128160100651 0.0910178150722055   1.17669681082911  -4.23384480301951  0.273053445216616   3.53009043248731
 6.08794918354068 -1.63126106729144  4.45668811624924 -3.04397459177034  0.81563053364572 -2.22834405812462  4.56596188765551 -1.22344580046858  3.34251608718693
 4.16509192823417  6.30831723775967  1.69030850945703   2.4990551569405   3.7849903426558  1.01418510567422 0.833018385646833  1.26166344755193 0.338061701891407
  1.12525565702262 -0.556378721821895  -1.39262124764558  -4.50102262809048   2.22551488728758   5.57048499058233  -4.50102262809048   2.22551488728758   5.57048499058233
 1.70841533166796  3.45520765101965 -3.20713490294909 0.854207665833978  1.72760382550982 -1.60356745147455 -2.56262299750194 -5.18281147652947  4.81070235442364
-0.182574185835055  0.316227766016838   1.82574185835055 -0.365148371670111  0.632455532033676   3.65148371670111 -0.912870929175277   1.58113883008419   9.12870929175277
    10.6263137382152     2.17451492534524                    0     -6.3757882429291    -1.30470895520714                   -0 7.58809823149679e-16 1.55278991999224e-16                    0

Matrix_M:
 519.262812048072  126.655069093782 -58.3606232991171 -239.086903781184  94.5631726929724 -4.14849211089522 -37.6908808724986   7.4460143946208  256.969706521392
 126.655069093782  354.676107767863 -19.0040737388712  94.5631726929724  270.067254913865 -52.9410793950264  7.44601439462079 -64.9287196747543  103.437699524962
-58.3606232991171 -19.0040737388712   284.05372217619 -4.14849211089524 -52.9410793950264 -30.1125991999057  256.969706521392  103.437699524962  -104.51418875278
-239.086903781184  94.5631726929724 -4.14849211089524  324.557075674674  -83.594746957074 -71.4328369584305  28.0438249281623 -79.1632692069834 -149.864362243846
 94.5631726929724  270.067254913865 -52.9410793950264  -83.594746957074  662.579450651331  69.1549785591663 -79.1632692069834  38.1312909610136  235.775234518876
-4.14849211089522 -52.9410793950264 -30.1125991999057 -71.4328369584305  69.1549785591663  261.905652164283 -149.864362243846  235.775234518876  55.8281421033209
-37.6908808724986  7.44601439462079  256.969706521392  28.0438249281623 -79.1632692069834 -149.864362243846   297.72116543826  -4.1128810199653 -127.268026959891
  7.4460143946208 -64.9287196747543  103.437699524962 -79.1632692069834  38.1312909610136  235.775234518876  -4.1128810199653  347.203388419801 -36.9073482904737
 256.969706521392  103.437699524962  -104.51418875278 -149.864362243846  235.775234518876  55.8281421033209 -127.268026959891 -36.9073482904737  501.040625659526

Essential_Matrix:: Matrix M Eigenvalue :
0.999999999999862
 21.1172589870268
 44.6713932589231
 213.615592360819
 260.410923755338
 556.416557133697
 586.465959934879
 671.458892954292
 1197.84342161502

Essential_Matrix:: Matrix M EigenVector: 
 5.63439358875457e-16     0.318969520198118     0.290809949356531    -0.162128267669067      0.47406367267502    -0.284487300839541     0.499301952945714    -0.197141110460987     0.439961356966917
-8.13588324653043e-16    -0.310850447574456    -0.509705077678341     0.150780065924556     0.533417802893682    -0.127889831875269   -0.0804007372169845     0.489870655536592     0.271127655375786
   -0.499999999999999     0.428521513759444    -0.252132477036048     0.244961880651765     -0.12930767817941    -0.615498408675666    -0.110436261815938 -0.000229234338208586    -0.187182307138913
 7.06455825550816e-16      0.33589004095904     0.512345840285047     0.436579859643798     0.334757857130573     0.233862381361427    -0.169425504895076     0.419294608883328    -0.250619710729784
 1.88461336255036e-16     0.167917991372653     0.243874506001189    -0.347079070307135    -0.279571257071652    -0.136110229322222    -0.522409220457493     0.345765239180096     0.550194343754766
    0.500000000000001     0.452974556390097    -0.344622159945308      0.17067791716018     0.176394740774477     0.117505549788012    -0.404078739366453    -0.417612560976565     0.119650028142173
    0.683012701892219    -0.148092013181454     0.161509811274921    0.0948766850674968    -0.145566303283544    -0.605225704575087    0.0895206243747987     0.181408188973439    -0.219236914850517
    -0.18301270189222    -0.485879962521744     0.350076308714831     0.151137046679011     0.291933700854556     -0.25612902284902    -0.468150649436372    -0.463287876450173    0.0200782242761521
-5.35442982090827e-17    -0.117408066782029    0.0517997321063357     0.720369818234852    -0.382433989806545    0.0703383500268372      0.19990527162532   -0.0620939821588705     0.519209435870261

Essential_Matrix:: min_eigen
0.999999999999862

Essential_Matrix:: min_eigenvector
 5.63439358875457e-16
-8.13588324653043e-16
   -0.499999999999999
 7.06455825550816e-16
 1.88461336255036e-16
    0.500000000000001
    0.683012701892219
    -0.18301270189222
-5.35442982090827e-17

Essential Matrix:
 5.63439358875457e-16 -8.13588324653043e-16    -0.499999999999999
 7.06455825550816e-16  1.88461336255036e-16     0.500000000000001
    0.683012701892219     -0.18301270189222 -5.35442982090827e-17


Translation:: E * E.t Eigenvalue :
3.92523114670941e-17
                 0.5
                 0.5

Translation:: E * E.t Eigenvec :
    0.707106781186549     0.469185391813471     -0.52902274819599
    0.707106781186546    -0.469185391813474     0.529022748195991
-1.38841932552245e-15    -0.748151145302656    -0.663528344369947

Translation:: E * E.t min_eigen
3.92523114670941e-17

Translation:: E * E.t min_eigenvector
    0.707106781186549
    0.707106781186546
-1.38841932552245e-15

Translation:: diff scale
    0.707106781186549
    0.707106781186546
-1.38841932552245e-15

translation:: check_sign: 
-145.575480940487

translation:: change_sign
  -0.707106781186549
  -0.707106781186546
1.38841932552245e-15

translation_t_cross: 
                    0 -1.38841932552245e-15    -0.707106781186546
 1.38841932552245e-15                     0     0.707106781186549
    0.707106781186546    -0.707106781186549                     0

Matrix_R calc from matrix_E: 
    0.866025403784439                  -0.5  -9.9256662119083e-17
                  0.5     0.866025403784439 -3.70430906018113e-16
  2.7117424389903e-16  2.71174243899029e-16                     1

scale_s
-0.938608621299549

----RESULT
Essential Matrix:
 5.63439358875457e-16 -8.13588324653043e-16    -0.499999999999999
 7.06455825550816e-16  1.88461336255036e-16     0.500000000000001
    0.683012701892219     -0.18301270189222 -5.35442982090827e-17

Rotation Matrix:
    0.866025403784439                  -0.5  -9.9256662119083e-17
                  0.5     0.866025403784439 -3.70430906018113e-16
  2.7117424389903e-16  2.71174243899029e-16                     1

scale
-0.938608621299549

translation Vector: 
    0.663696521001069
    0.663696521001066
-1.30318234891427e-15

Rotation_axis
 6.41605149917143e-16
-3.70430906018113e-16
                    1

Rotation_degree: 
29.9999999999999

