
default_dir_path: ../../ply_data/check_1130/

corresp_img_file_name: 

corresp_ply_file_name: 
r0_0_1-d30.dat
img.dat

img_file_path: 

ply_file_path: 
Rotation Point
Point: corresp_plypoint
-3.66025403784439 -13.6602540378444               -10
-3.66025403784439 -13.6602540378444                -8
-3.66025403784439 -13.6602540378444                -6
-3.66025403784439 -13.6602540378444                -4
-3.66025403784439 -13.6602540378444                -2
-3.66025403784439 -13.6602540378444                 0
-3.66025403784439 -13.6602540378444                 2
-3.66025403784439 -13.6602540378444                 4
-3.66025403784439 -13.6602540378444                 6
-3.66025403784439 -13.6602540378444                 8
-3.66025403784439 -13.6602540378444                10
-4.66025403784439 -11.9282032302755               -10
-4.66025403784439 -11.9282032302755                -8
-4.66025403784439 -11.9282032302755                -6
-4.66025403784439 -11.9282032302755                -4
-4.66025403784439 -11.9282032302755                -2
-4.66025403784439 -11.9282032302755                 0
-4.66025403784439 -11.9282032302755                 2
-4.66025403784439 -11.9282032302755                 4
-4.66025403784439 -11.9282032302755                 6
-4.66025403784439 -11.9282032302755                 8
-4.66025403784439 -11.9282032302755                10
-5.66025403784439 -10.1961524227066               -10
-5.66025403784439 -10.1961524227066                -8
-5.66025403784439 -10.1961524227066                -6
-5.66025403784439 -10.1961524227066                -4
-5.66025403784439 -10.1961524227066                -2
-5.66025403784439 -10.1961524227066                 0
-5.66025403784439 -10.1961524227066                 2
-5.66025403784439 -10.1961524227066                 4
-5.66025403784439 -10.1961524227066                 6
-5.66025403784439 -10.1961524227066                 8
-5.66025403784439 -10.1961524227066                10
-6.66025403784439 -8.46410161513775               -10
-6.66025403784439 -8.46410161513775                -8
-6.66025403784439 -8.46410161513775                -6
-6.66025403784439 -8.46410161513775                -4
-6.66025403784439 -8.46410161513775                -2
-6.66025403784439 -8.46410161513775                 0
-6.66025403784439 -8.46410161513775                 2
-6.66025403784439 -8.46410161513775                 4
-6.66025403784439 -8.46410161513775                 6
-6.66025403784439 -8.46410161513775                 8
-6.66025403784439 -8.46410161513775                10
-7.66025403784439 -6.73205080756888               -10
-7.66025403784439 -6.73205080756888                -8
-7.66025403784439 -6.73205080756888                -6
-7.66025403784439 -6.73205080756888                -4
-7.66025403784439 -6.73205080756888                -2
-7.66025403784439 -6.73205080756888                 0
-7.66025403784439 -6.73205080756888                 2
-7.66025403784439 -6.73205080756888                 4
-7.66025403784439 -6.73205080756888                 6
-7.66025403784439 -6.73205080756888                 8
-7.66025403784439 -6.73205080756888                10
-8.66025403784439                -5               -10
-8.66025403784439                -5                -8
-8.66025403784439                -5                -6
-8.66025403784439                -5                -4
-8.66025403784439                -5                -2
-8.66025403784439                -5                 0
-8.66025403784439                -5                 2
-8.66025403784439                -5                 4
-8.66025403784439                -5                 6
-8.66025403784439                -5                 8
-8.66025403784439                -5                10
-9.66025403784439 -3.26794919243112               -10
-9.66025403784439 -3.26794919243112                -8
-9.66025403784439 -3.26794919243112                -6
-9.66025403784439 -3.26794919243112                -4
-9.66025403784439 -3.26794919243112                -2
-9.66025403784439 -3.26794919243112                 0
-9.66025403784439 -3.26794919243112                 2
-9.66025403784439 -3.26794919243112                 4
-9.66025403784439 -3.26794919243112                 6
-9.66025403784439 -3.26794919243112                 8
-9.66025403784439 -3.26794919243112                10
-10.6602540378444 -1.53589838486224               -10
-10.6602540378444 -1.53589838486224                -8
-10.6602540378444 -1.53589838486224                -6
-10.6602540378444 -1.53589838486224                -4
-10.6602540378444 -1.53589838486224                -2
-10.6602540378444 -1.53589838486224                 0
-10.6602540378444 -1.53589838486224                 2
-10.6602540378444 -1.53589838486224                 4
-10.6602540378444 -1.53589838486224                 6
-10.6602540378444 -1.53589838486224                 8
-10.6602540378444 -1.53589838486224                10
-11.6602540378444 0.196152422706633               -10
-11.6602540378444 0.196152422706633                -8
-11.6602540378444 0.196152422706633                -6
-11.6602540378444 0.196152422706633                -4
-11.6602540378444 0.196152422706633                -2
-11.6602540378444 0.196152422706633                 0
-11.6602540378444 0.196152422706633                 2
-11.6602540378444 0.196152422706633                 4
-11.6602540378444 0.196152422706633                 6
-11.6602540378444 0.196152422706633                 8
-11.6602540378444 0.196152422706633                10
-12.6602540378444  1.92820323027551               -10
-12.6602540378444  1.92820323027551                -8
-12.6602540378444  1.92820323027551                -6
-12.6602540378444  1.92820323027551                -4
-12.6602540378444  1.92820323027551                -2
-12.6602540378444  1.92820323027551                 0
-12.6602540378444  1.92820323027551                 2
-12.6602540378444  1.92820323027551                 4
-12.6602540378444  1.92820323027551                 6
-12.6602540378444  1.92820323027551                 8
-12.6602540378444  1.92820323027551                10
-13.6602540378444  3.66025403784439               -10
-13.6602540378444  3.66025403784439                -8
-13.6602540378444  3.66025403784439                -6
-13.6602540378444  3.66025403784439                -4
-13.6602540378444  3.66025403784439                -2
-13.6602540378444  3.66025403784439                 0
-13.6602540378444  3.66025403784439                 2
-13.6602540378444  3.66025403784439                 4
-13.6602540378444  3.66025403784439                 6
-13.6602540378444  3.66025403784439                 8
-13.6602540378444  3.66025403784439                10
-1.92820323027551 -12.6602540378444               -10
-1.92820323027551 -12.6602540378444                -8
-1.92820323027551 -12.6602540378444                -6
-1.92820323027551 -12.6602540378444                -4
-1.92820323027551 -12.6602540378444                -2
-1.92820323027551 -12.6602540378444                 0
-1.92820323027551 -12.6602540378444                 2
-1.92820323027551 -12.6602540378444                 4
-1.92820323027551 -12.6602540378444                 6
-1.92820323027551 -12.6602540378444                 8
-1.92820323027551 -12.6602540378444                10
-2.92820323027551 -10.9282032302755               -10
-2.92820323027551 -10.9282032302755                -8
-2.92820323027551 -10.9282032302755                -6
-2.92820323027551 -10.9282032302755                -4
-2.92820323027551 -10.9282032302755                -2
-2.92820323027551 -10.9282032302755                 0
-2.92820323027551 -10.9282032302755                 2
-2.92820323027551 -10.9282032302755                 4
-2.92820323027551 -10.9282032302755                 6
-2.92820323027551 -10.9282032302755                 8
-2.92820323027551 -10.9282032302755                10
-3.92820323027551 -9.19615242270663               -10
-3.92820323027551 -9.19615242270663                -8
-3.92820323027551 -9.19615242270663                -6
-3.92820323027551 -9.19615242270663                -4
-3.92820323027551 -9.19615242270663                -2
-3.92820323027551 -9.19615242270663                 0
-3.92820323027551 -9.19615242270663                 2
-3.92820323027551 -9.19615242270663                 4
-3.92820323027551 -9.19615242270663                 6
-3.92820323027551 -9.19615242270663                 8
-3.92820323027551 -9.19615242270663                10
-4.92820323027551 -7.46410161513775               -10
-4.92820323027551 -7.46410161513775                -8
-4.92820323027551 -7.46410161513775                -6
-4.92820323027551 -7.46410161513775                -4
-4.92820323027551 -7.46410161513775                -2
-4.92820323027551 -7.46410161513775                 0
-4.92820323027551 -7.46410161513775                 2
-4.92820323027551 -7.46410161513775                 4
-4.92820323027551 -7.46410161513775                 6
-4.92820323027551 -7.46410161513775                 8
-4.92820323027551 -7.46410161513775                10
-5.92820323027551 -5.73205080756888               -10
-5.92820323027551 -5.73205080756888                -8
-5.92820323027551 -5.73205080756888                -6
-5.92820323027551 -5.73205080756888                -4
-5.92820323027551 -5.73205080756888                -2
-5.92820323027551 -5.73205080756888                 0
-5.92820323027551 -5.73205080756888                 2
-5.92820323027551 -5.73205080756888                 4
-5.92820323027551 -5.73205080756888                 6
-5.92820323027551 -5.73205080756888                 8
-5.92820323027551 -5.73205080756888                10
-6.92820323027551                -4               -10
-6.92820323027551                -4                -8
-6.92820323027551                -4                -6
-6.92820323027551                -4                -4
-6.92820323027551                -4                -2
-6.92820323027551                -4                 0
-6.92820323027551                -4                 2
-6.92820323027551                -4                 4
-6.92820323027551                -4                 6
-6.92820323027551                -4                 8
-6.92820323027551                -4                10
-7.92820323027551 -2.26794919243112               -10
-7.92820323027551 -2.26794919243112                -8
-7.92820323027551 -2.26794919243112                -6
-7.92820323027551 -2.26794919243112                -4
-7.92820323027551 -2.26794919243112                -2
-7.92820323027551 -2.26794919243112                 0
-7.92820323027551 -2.26794919243112                 2
-7.92820323027551 -2.26794919243112                 4
-7.92820323027551 -2.26794919243112                 6
-7.92820323027551 -2.26794919243112                 8
-7.92820323027551 -2.26794919243112                10
 -8.92820323027551 -0.535898384862245                -10
 -8.92820323027551 -0.535898384862245                 -8
 -8.92820323027551 -0.535898384862245                 -6
 -8.92820323027551 -0.535898384862245                 -4
 -8.92820323027551 -0.535898384862245                 -2
 -8.92820323027551 -0.535898384862245                  0
 -8.92820323027551 -0.535898384862245                  2
 -8.92820323027551 -0.535898384862245                  4
 -8.92820323027551 -0.535898384862245                  6
 -8.92820323027551 -0.535898384862245                  8
 -8.92820323027551 -0.535898384862245                 10
-9.92820323027551  1.19615242270663               -10
-9.92820323027551  1.19615242270663                -8
-9.92820323027551  1.19615242270663                -6
-9.92820323027551  1.19615242270663                -4
-9.92820323027551  1.19615242270663                -2
-9.92820323027551  1.19615242270663                 0
-9.92820323027551  1.19615242270663                 2
-9.92820323027551  1.19615242270663                 4
-9.92820323027551  1.19615242270663                 6
-9.92820323027551  1.19615242270663                 8
-9.92820323027551  1.19615242270663                10
-10.9282032302755  2.92820323027551               -10
-10.9282032302755  2.92820323027551                -8
-10.9282032302755  2.92820323027551                -6
-10.9282032302755  2.92820323027551                -4
-10.9282032302755  2.92820323027551                -2
-10.9282032302755  2.92820323027551                 0
-10.9282032302755  2.92820323027551                 2
-10.9282032302755  2.92820323027551                 4
-10.9282032302755  2.92820323027551                 6
-10.9282032302755  2.92820323027551                 8
-10.9282032302755  2.92820323027551                10
-11.9282032302755  4.66025403784439               -10
-11.9282032302755  4.66025403784439                -8
-11.9282032302755  4.66025403784439                -6
-11.9282032302755  4.66025403784439                -4
-11.9282032302755  4.66025403784439                -2
-11.9282032302755  4.66025403784439                 0
-11.9282032302755  4.66025403784439                 2
-11.9282032302755  4.66025403784439                 4
-11.9282032302755  4.66025403784439                 6
-11.9282032302755  4.66025403784439                 8
-11.9282032302755  4.66025403784439                10
-0.196152422706633  -11.6602540378444                -10
-0.196152422706633  -11.6602540378444                 -8
-0.196152422706633  -11.6602540378444                 -6
-0.196152422706633  -11.6602540378444                 -4
-0.196152422706633  -11.6602540378444                 -2
-0.196152422706633  -11.6602540378444                  0
-0.196152422706633  -11.6602540378444                  2
-0.196152422706633  -11.6602540378444                  4
-0.196152422706633  -11.6602540378444                  6
-0.196152422706633  -11.6602540378444                  8
-0.196152422706633  -11.6602540378444                 10
-1.19615242270663 -9.92820323027551               -10
-1.19615242270663 -9.92820323027551                -8
-1.19615242270663 -9.92820323027551                -6
-1.19615242270663 -9.92820323027551                -4
-1.19615242270663 -9.92820323027551                -2
-1.19615242270663 -9.92820323027551                 0
-1.19615242270663 -9.92820323027551                 2
-1.19615242270663 -9.92820323027551                 4
-1.19615242270663 -9.92820323027551                 6
-1.19615242270663 -9.92820323027551                 8
-1.19615242270663 -9.92820323027551                10
-2.19615242270663 -8.19615242270663               -10
-2.19615242270663 -8.19615242270663                -8
-2.19615242270663 -8.19615242270663                -6
-2.19615242270663 -8.19615242270663                -4
-2.19615242270663 -8.19615242270663                -2
-2.19615242270663 -8.19615242270663                 0
-2.19615242270663 -8.19615242270663                 2
-2.19615242270663 -8.19615242270663                 4
-2.19615242270663 -8.19615242270663                 6
-2.19615242270663 -8.19615242270663                 8
-2.19615242270663 -8.19615242270663                10
-3.19615242270663 -6.46410161513775               -10
-3.19615242270663 -6.46410161513775                -8
-3.19615242270663 -6.46410161513775                -6
-3.19615242270663 -6.46410161513775                -4
-3.19615242270663 -6.46410161513775                -2
-3.19615242270663 -6.46410161513775                 0
-3.19615242270663 -6.46410161513775                 2
-3.19615242270663 -6.46410161513775                 4
-3.19615242270663 -6.46410161513775                 6
-3.19615242270663 -6.46410161513775                 8
-3.19615242270663 -6.46410161513775                10
-4.19615242270663 -4.73205080756888               -10
-4.19615242270663 -4.73205080756888                -8
-4.19615242270663 -4.73205080756888                -6
-4.19615242270663 -4.73205080756888                -4
-4.19615242270663 -4.73205080756888                -2
-4.19615242270663 -4.73205080756888                 0
-4.19615242270663 -4.73205080756888                 2
-4.19615242270663 -4.73205080756888                 4
-4.19615242270663 -4.73205080756888                 6
-4.19615242270663 -4.73205080756888                 8
-4.19615242270663 -4.73205080756888                10
-5.19615242270663                -3               -10
-5.19615242270663                -3                -8
-5.19615242270663                -3                -6
-5.19615242270663                -3                -4
-5.19615242270663                -3                -2
-5.19615242270663                -3                 0
-5.19615242270663                -3                 2
-5.19615242270663                -3                 4
-5.19615242270663                -3                 6
-5.19615242270663                -3                 8
-5.19615242270663                -3                10
-6.19615242270663 -1.26794919243112               -10
-6.19615242270663 -1.26794919243112                -8
-6.19615242270663 -1.26794919243112                -6
-6.19615242270663 -1.26794919243112                -4
-6.19615242270663 -1.26794919243112                -2
-6.19615242270663 -1.26794919243112                 0
-6.19615242270663 -1.26794919243112                 2
-6.19615242270663 -1.26794919243112                 4
-6.19615242270663 -1.26794919243112                 6
-6.19615242270663 -1.26794919243112                 8
-6.19615242270663 -1.26794919243112                10
-7.19615242270663 0.464101615137755               -10
-7.19615242270663 0.464101615137755                -8
-7.19615242270663 0.464101615137755                -6
-7.19615242270663 0.464101615137755                -4
-7.19615242270663 0.464101615137755                -2
-7.19615242270663 0.464101615137755                 0
-7.19615242270663 0.464101615137755                 2
-7.19615242270663 0.464101615137755                 4
-7.19615242270663 0.464101615137755                 6
-7.19615242270663 0.464101615137755                 8
-7.19615242270663 0.464101615137755                10
-8.19615242270663  2.19615242270663               -10
-8.19615242270663  2.19615242270663                -8
-8.19615242270663  2.19615242270663                -6
-8.19615242270663  2.19615242270663                -4
-8.19615242270663  2.19615242270663                -2
-8.19615242270663  2.19615242270663                 0
-8.19615242270663  2.19615242270663                 2
-8.19615242270663  2.19615242270663                 4
-8.19615242270663  2.19615242270663                 6
-8.19615242270663  2.19615242270663                 8
-8.19615242270663  2.19615242270663                10
-9.19615242270663  3.92820323027551               -10
-9.19615242270663  3.92820323027551                -8
-9.19615242270663  3.92820323027551                -6
-9.19615242270663  3.92820323027551                -4
-9.19615242270663  3.92820323027551                -2
-9.19615242270663  3.92820323027551                 0
-9.19615242270663  3.92820323027551                 2
-9.19615242270663  3.92820323027551                 4
-9.19615242270663  3.92820323027551                 6
-9.19615242270663  3.92820323027551                 8
-9.19615242270663  3.92820323027551                10
-10.1961524227066  5.66025403784439               -10
-10.1961524227066  5.66025403784439                -8
-10.1961524227066  5.66025403784439                -6
-10.1961524227066  5.66025403784439                -4
-10.1961524227066  5.66025403784439                -2
-10.1961524227066  5.66025403784439                 0
-10.1961524227066  5.66025403784439                 2
-10.1961524227066  5.66025403784439                 4
-10.1961524227066  5.66025403784439                 6
-10.1961524227066  5.66025403784439                 8
-10.1961524227066  5.66025403784439                10
 1.53589838486224 -10.6602540378444               -10
 1.53589838486224 -10.6602540378444                -8
 1.53589838486224 -10.6602540378444                -6
 1.53589838486224 -10.6602540378444                -4
 1.53589838486224 -10.6602540378444                -2
 1.53589838486224 -10.6602540378444                 0
 1.53589838486224 -10.6602540378444                 2
 1.53589838486224 -10.6602540378444                 4
 1.53589838486224 -10.6602540378444                 6
 1.53589838486224 -10.6602540378444                 8
 1.53589838486224 -10.6602540378444                10
0.535898384862245 -8.92820323027551               -10
0.535898384862245 -8.92820323027551                -8
0.535898384862245 -8.92820323027551                -6
0.535898384862245 -8.92820323027551                -4
0.535898384862245 -8.92820323027551                -2
0.535898384862245 -8.92820323027551                 0
0.535898384862245 -8.92820323027551                 2
0.535898384862245 -8.92820323027551                 4
0.535898384862245 -8.92820323027551                 6
0.535898384862245 -8.92820323027551                 8
0.535898384862245 -8.92820323027551                10
-0.464101615137755  -7.19615242270663                -10
-0.464101615137755  -7.19615242270663                 -8
-0.464101615137755  -7.19615242270663                 -6
-0.464101615137755  -7.19615242270663                 -4
-0.464101615137755  -7.19615242270663                 -2
-0.464101615137755  -7.19615242270663                  0
-0.464101615137755  -7.19615242270663                  2
-0.464101615137755  -7.19615242270663                  4
-0.464101615137755  -7.19615242270663                  6
-0.464101615137755  -7.19615242270663                  8
-0.464101615137755  -7.19615242270663                 10
-1.46410161513776 -5.46410161513775               -10
-1.46410161513776 -5.46410161513775                -8
-1.46410161513776 -5.46410161513775                -6
-1.46410161513776 -5.46410161513775                -4
-1.46410161513776 -5.46410161513775                -2
-1.46410161513776 -5.46410161513775                 0
-1.46410161513776 -5.46410161513775                 2
-1.46410161513776 -5.46410161513775                 4
-1.46410161513776 -5.46410161513775                 6
-1.46410161513776 -5.46410161513775                 8
-1.46410161513776 -5.46410161513775                10
-2.46410161513775 -3.73205080756888               -10
-2.46410161513775 -3.73205080756888                -8
-2.46410161513775 -3.73205080756888                -6
-2.46410161513775 -3.73205080756888                -4
-2.46410161513775 -3.73205080756888                -2
-2.46410161513775 -3.73205080756888                 0
-2.46410161513775 -3.73205080756888                 2
-2.46410161513775 -3.73205080756888                 4
-2.46410161513775 -3.73205080756888                 6
-2.46410161513775 -3.73205080756888                 8
-2.46410161513775 -3.73205080756888                10
-3.46410161513775                -2               -10
-3.46410161513775                -2                -8
-3.46410161513775                -2                -6
-3.46410161513775                -2                -4
-3.46410161513775                -2                -2
-3.46410161513775                -2                 0
-3.46410161513775                -2                 2
-3.46410161513775                -2                 4
-3.46410161513775                -2                 6
-3.46410161513775                -2                 8
-3.46410161513775                -2                10
 -4.46410161513775 -0.267949192431122                -10
 -4.46410161513775 -0.267949192431122                 -8
 -4.46410161513775 -0.267949192431122                 -6
 -4.46410161513775 -0.267949192431122                 -4
 -4.46410161513775 -0.267949192431122                 -2
 -4.46410161513775 -0.267949192431122                  0
 -4.46410161513775 -0.267949192431122                  2
 -4.46410161513775 -0.267949192431122                  4
 -4.46410161513775 -0.267949192431122                  6
 -4.46410161513775 -0.267949192431122                  8
 -4.46410161513775 -0.267949192431122                 10
-5.46410161513775  1.46410161513776               -10
-5.46410161513775  1.46410161513776                -8
-5.46410161513775  1.46410161513776                -6
-5.46410161513775  1.46410161513776                -4
-5.46410161513775  1.46410161513776                -2
-5.46410161513775  1.46410161513776                 0
-5.46410161513775  1.46410161513776                 2
-5.46410161513775  1.46410161513776                 4
-5.46410161513775  1.46410161513776                 6
-5.46410161513775  1.46410161513776                 8
-5.46410161513775  1.46410161513776                10
-6.46410161513775  3.19615242270663               -10
-6.46410161513775  3.19615242270663                -8
-6.46410161513775  3.19615242270663                -6
-6.46410161513775  3.19615242270663                -4
-6.46410161513775  3.19615242270663                -2
-6.46410161513775  3.19615242270663                 0
-6.46410161513775  3.19615242270663                 2
-6.46410161513775  3.19615242270663                 4
-6.46410161513775  3.19615242270663                 6
-6.46410161513775  3.19615242270663                 8
-6.46410161513775  3.19615242270663                10
-7.46410161513775  4.92820323027551               -10
-7.46410161513775  4.92820323027551                -8
-7.46410161513775  4.92820323027551                -6
-7.46410161513775  4.92820323027551                -4
-7.46410161513775  4.92820323027551                -2
-7.46410161513775  4.92820323027551                 0
-7.46410161513775  4.92820323027551                 2
-7.46410161513775  4.92820323027551                 4
-7.46410161513775  4.92820323027551                 6
-7.46410161513775  4.92820323027551                 8
-7.46410161513775  4.92820323027551                10
-8.46410161513775  6.66025403784439               -10
-8.46410161513775  6.66025403784439                -8
-8.46410161513775  6.66025403784439                -6
-8.46410161513775  6.66025403784439                -4
-8.46410161513775  6.66025403784439                -2
-8.46410161513775  6.66025403784439                 0
-8.46410161513775  6.66025403784439                 2
-8.46410161513775  6.66025403784439                 4
-8.46410161513775  6.66025403784439                 6
-8.46410161513775  6.66025403784439                 8
-8.46410161513775  6.66025403784439                10
 3.26794919243112 -9.66025403784439               -10
 3.26794919243112 -9.66025403784439                -8
 3.26794919243112 -9.66025403784439                -6
 3.26794919243112 -9.66025403784439                -4
 3.26794919243112 -9.66025403784439                -2
 3.26794919243112 -9.66025403784439                 0
 3.26794919243112 -9.66025403784439                 2
 3.26794919243112 -9.66025403784439                 4
 3.26794919243112 -9.66025403784439                 6
 3.26794919243112 -9.66025403784439                 8
 3.26794919243112 -9.66025403784439                10
 2.26794919243112 -7.92820323027551               -10
 2.26794919243112 -7.92820323027551                -8
 2.26794919243112 -7.92820323027551                -6
 2.26794919243112 -7.92820323027551                -4
 2.26794919243112 -7.92820323027551                -2
 2.26794919243112 -7.92820323027551                 0
 2.26794919243112 -7.92820323027551                 2
 2.26794919243112 -7.92820323027551                 4
 2.26794919243112 -7.92820323027551                 6
 2.26794919243112 -7.92820323027551                 8
 2.26794919243112 -7.92820323027551                10
 1.26794919243112 -6.19615242270663               -10
 1.26794919243112 -6.19615242270663                -8
 1.26794919243112 -6.19615242270663                -6
 1.26794919243112 -6.19615242270663                -4
 1.26794919243112 -6.19615242270663                -2
 1.26794919243112 -6.19615242270663                 0
 1.26794919243112 -6.19615242270663                 2
 1.26794919243112 -6.19615242270663                 4
 1.26794919243112 -6.19615242270663                 6
 1.26794919243112 -6.19615242270663                 8
 1.26794919243112 -6.19615242270663                10
0.267949192431122 -4.46410161513775               -10
0.267949192431122 -4.46410161513775                -8
0.267949192431122 -4.46410161513775                -6
0.267949192431122 -4.46410161513775                -4
0.267949192431122 -4.46410161513775                -2
0.267949192431122 -4.46410161513775                 0
0.267949192431122 -4.46410161513775                 2
0.267949192431122 -4.46410161513775                 4
0.267949192431122 -4.46410161513775                 6
0.267949192431122 -4.46410161513775                 8
0.267949192431122 -4.46410161513775                10
-0.732050807568878  -2.73205080756888                -10
-0.732050807568878  -2.73205080756888                 -8
-0.732050807568878  -2.73205080756888                 -6
-0.732050807568878  -2.73205080756888                 -4
-0.732050807568878  -2.73205080756888                 -2
-0.732050807568878  -2.73205080756888                  0
-0.732050807568878  -2.73205080756888                  2
-0.732050807568878  -2.73205080756888                  4
-0.732050807568878  -2.73205080756888                  6
-0.732050807568878  -2.73205080756888                  8
-0.732050807568878  -2.73205080756888                 10
-1.73205080756888                -1               -10
-1.73205080756888                -1                -8
-1.73205080756888                -1                -6
-1.73205080756888                -1                -4
-1.73205080756888                -1                -2
-1.73205080756888                -1                 0
-1.73205080756888                -1                 2
-1.73205080756888                -1                 4
-1.73205080756888                -1                 6
-1.73205080756888                -1                 8
-1.73205080756888                -1                10
-2.73205080756888 0.732050807568878               -10
-2.73205080756888 0.732050807568878                -8
-2.73205080756888 0.732050807568878                -6
-2.73205080756888 0.732050807568878                -4
-2.73205080756888 0.732050807568878                -2
-2.73205080756888 0.732050807568878                 0
-2.73205080756888 0.732050807568878                 2
-2.73205080756888 0.732050807568878                 4
-2.73205080756888 0.732050807568878                 6
-2.73205080756888 0.732050807568878                 8
-2.73205080756888 0.732050807568878                10
-3.73205080756888  2.46410161513775               -10
-3.73205080756888  2.46410161513775                -8
-3.73205080756888  2.46410161513775                -6
-3.73205080756888  2.46410161513775                -4
-3.73205080756888  2.46410161513775                -2
-3.73205080756888  2.46410161513775                 0
-3.73205080756888  2.46410161513775                 2
-3.73205080756888  2.46410161513775                 4
-3.73205080756888  2.46410161513775                 6
-3.73205080756888  2.46410161513775                 8
-3.73205080756888  2.46410161513775                10
-4.73205080756888  4.19615242270663               -10
-4.73205080756888  4.19615242270663                -8
-4.73205080756888  4.19615242270663                -6
-4.73205080756888  4.19615242270663                -4
-4.73205080756888  4.19615242270663                -2
-4.73205080756888  4.19615242270663                 0
-4.73205080756888  4.19615242270663                 2
-4.73205080756888  4.19615242270663                 4
-4.73205080756888  4.19615242270663                 6
-4.73205080756888  4.19615242270663                 8
-4.73205080756888  4.19615242270663                10
-5.73205080756888  5.92820323027551               -10
-5.73205080756888  5.92820323027551                -8
-5.73205080756888  5.92820323027551                -6
-5.73205080756888  5.92820323027551                -4
-5.73205080756888  5.92820323027551                -2
-5.73205080756888  5.92820323027551                 0
-5.73205080756888  5.92820323027551                 2
-5.73205080756888  5.92820323027551                 4
-5.73205080756888  5.92820323027551                 6
-5.73205080756888  5.92820323027551                 8
-5.73205080756888  5.92820323027551                10
-6.73205080756888  7.66025403784439               -10
-6.73205080756888  7.66025403784439                -8
-6.73205080756888  7.66025403784439                -6
-6.73205080756888  7.66025403784439                -4
-6.73205080756888  7.66025403784439                -2
-6.73205080756888  7.66025403784439                 0
-6.73205080756888  7.66025403784439                 2
-6.73205080756888  7.66025403784439                 4
-6.73205080756888  7.66025403784439                 6
-6.73205080756888  7.66025403784439                 8
-6.73205080756888  7.66025403784439                10
                5 -8.66025403784439               -10
                5 -8.66025403784439                -8
                5 -8.66025403784439                -6
                5 -8.66025403784439                -4
                5 -8.66025403784439                -2
                5 -8.66025403784439                 0
                5 -8.66025403784439                 2
                5 -8.66025403784439                 4
                5 -8.66025403784439                 6
                5 -8.66025403784439                 8
                5 -8.66025403784439                10
                4 -6.92820323027551               -10
                4 -6.92820323027551                -8
                4 -6.92820323027551                -6
                4 -6.92820323027551                -4
                4 -6.92820323027551                -2
                4 -6.92820323027551                 0
                4 -6.92820323027551                 2
                4 -6.92820323027551                 4
                4 -6.92820323027551                 6
                4 -6.92820323027551                 8
                4 -6.92820323027551                10
                3 -5.19615242270663               -10
                3 -5.19615242270663                -8
                3 -5.19615242270663                -6
                3 -5.19615242270663                -4
                3 -5.19615242270663                -2
                3 -5.19615242270663                 0
                3 -5.19615242270663                 2
                3 -5.19615242270663                 4
                3 -5.19615242270663                 6
                3 -5.19615242270663                 8
                3 -5.19615242270663                10
                2 -3.46410161513775               -10
                2 -3.46410161513775                -8
                2 -3.46410161513775                -6
                2 -3.46410161513775                -4
                2 -3.46410161513775                -2
                2 -3.46410161513775                 0
                2 -3.46410161513775                 2
                2 -3.46410161513775                 4
                2 -3.46410161513775                 6
                2 -3.46410161513775                 8
                2 -3.46410161513775                10
                1 -1.73205080756888               -10
                1 -1.73205080756888                -8
                1 -1.73205080756888                -6
                1 -1.73205080756888                -4
                1 -1.73205080756888                -2
                1 -1.73205080756888                 0
                1 -1.73205080756888                 2
                1 -1.73205080756888                 4
                1 -1.73205080756888                 6
                1 -1.73205080756888                 8
                1 -1.73205080756888                10
  0   0 -10
 0  0 -8
 0  0 -6
 0  0 -4
 0  0 -2
0 0 0
0 0 2
0 0 4
0 0 6
0 0 8
 0  0 10
              -1 1.73205080756888              -10
              -1 1.73205080756888               -8
              -1 1.73205080756888               -6
              -1 1.73205080756888               -4
              -1 1.73205080756888               -2
              -1 1.73205080756888                0
              -1 1.73205080756888                2
              -1 1.73205080756888                4
              -1 1.73205080756888                6
              -1 1.73205080756888                8
              -1 1.73205080756888               10
              -2 3.46410161513775              -10
              -2 3.46410161513775               -8
              -2 3.46410161513775               -6
              -2 3.46410161513775               -4
              -2 3.46410161513775               -2
              -2 3.46410161513775                0
              -2 3.46410161513775                2
              -2 3.46410161513775                4
              -2 3.46410161513775                6
              -2 3.46410161513775                8
              -2 3.46410161513775               10
              -3 5.19615242270663              -10
              -3 5.19615242270663               -8
              -3 5.19615242270663               -6
              -3 5.19615242270663               -4
              -3 5.19615242270663               -2
              -3 5.19615242270663                0
              -3 5.19615242270663                2
              -3 5.19615242270663                4
              -3 5.19615242270663                6
              -3 5.19615242270663                8
              -3 5.19615242270663               10
              -4 6.92820323027551              -10
              -4 6.92820323027551               -8
              -4 6.92820323027551               -6
              -4 6.92820323027551               -4
              -4 6.92820323027551               -2
              -4 6.92820323027551                0
              -4 6.92820323027551                2
              -4 6.92820323027551                4
              -4 6.92820323027551                6
              -4 6.92820323027551                8
              -4 6.92820323027551               10
              -5 8.66025403784439              -10
              -5 8.66025403784439               -8
              -5 8.66025403784439               -6
              -5 8.66025403784439               -4
              -5 8.66025403784439               -2
              -5 8.66025403784439                0
              -5 8.66025403784439                2
              -5 8.66025403784439                4
              -5 8.66025403784439                6
              -5 8.66025403784439                8
              -5 8.66025403784439               10
 6.73205080756888 -7.66025403784439               -10
 6.73205080756888 -7.66025403784439                -8
 6.73205080756888 -7.66025403784439                -6
 6.73205080756888 -7.66025403784439                -4
 6.73205080756888 -7.66025403784439                -2
 6.73205080756888 -7.66025403784439                 0
 6.73205080756888 -7.66025403784439                 2
 6.73205080756888 -7.66025403784439                 4
 6.73205080756888 -7.66025403784439                 6
 6.73205080756888 -7.66025403784439                 8
 6.73205080756888 -7.66025403784439                10
 5.73205080756888 -5.92820323027551               -10
 5.73205080756888 -5.92820323027551                -8
 5.73205080756888 -5.92820323027551                -6
 5.73205080756888 -5.92820323027551                -4
 5.73205080756888 -5.92820323027551                -2
 5.73205080756888 -5.92820323027551                 0
 5.73205080756888 -5.92820323027551                 2
 5.73205080756888 -5.92820323027551                 4
 5.73205080756888 -5.92820323027551                 6
 5.73205080756888 -5.92820323027551                 8
 5.73205080756888 -5.92820323027551                10
 4.73205080756888 -4.19615242270663               -10
 4.73205080756888 -4.19615242270663                -8
 4.73205080756888 -4.19615242270663                -6
 4.73205080756888 -4.19615242270663                -4
 4.73205080756888 -4.19615242270663                -2
 4.73205080756888 -4.19615242270663                 0
 4.73205080756888 -4.19615242270663                 2
 4.73205080756888 -4.19615242270663                 4
 4.73205080756888 -4.19615242270663                 6
 4.73205080756888 -4.19615242270663                 8
 4.73205080756888 -4.19615242270663                10
 3.73205080756888 -2.46410161513775               -10
 3.73205080756888 -2.46410161513775                -8
 3.73205080756888 -2.46410161513775                -6
 3.73205080756888 -2.46410161513775                -4
 3.73205080756888 -2.46410161513775                -2
 3.73205080756888 -2.46410161513775                 0
 3.73205080756888 -2.46410161513775                 2
 3.73205080756888 -2.46410161513775                 4
 3.73205080756888 -2.46410161513775                 6
 3.73205080756888 -2.46410161513775                 8
 3.73205080756888 -2.46410161513775                10
  2.73205080756888 -0.732050807568878                -10
  2.73205080756888 -0.732050807568878                 -8
  2.73205080756888 -0.732050807568878                 -6
  2.73205080756888 -0.732050807568878                 -4
  2.73205080756888 -0.732050807568878                 -2
  2.73205080756888 -0.732050807568878                  0
  2.73205080756888 -0.732050807568878                  2
  2.73205080756888 -0.732050807568878                  4
  2.73205080756888 -0.732050807568878                  6
  2.73205080756888 -0.732050807568878                  8
  2.73205080756888 -0.732050807568878                 10
1.73205080756888                1              -10
1.73205080756888                1               -8
1.73205080756888                1               -6
1.73205080756888                1               -4
1.73205080756888                1               -2
1.73205080756888                1                0
1.73205080756888                1                2
1.73205080756888                1                4
1.73205080756888                1                6
1.73205080756888                1                8
1.73205080756888                1               10
0.732050807568878  2.73205080756888               -10
0.732050807568878  2.73205080756888                -8
0.732050807568878  2.73205080756888                -6
0.732050807568878  2.73205080756888                -4
0.732050807568878  2.73205080756888                -2
0.732050807568878  2.73205080756888                 0
0.732050807568878  2.73205080756888                 2
0.732050807568878  2.73205080756888                 4
0.732050807568878  2.73205080756888                 6
0.732050807568878  2.73205080756888                 8
0.732050807568878  2.73205080756888                10
-0.267949192431122   4.46410161513775                -10
-0.267949192431122   4.46410161513775                 -8
-0.267949192431122   4.46410161513775                 -6
-0.267949192431122   4.46410161513775                 -4
-0.267949192431122   4.46410161513775                 -2
-0.267949192431122   4.46410161513775                  0
-0.267949192431122   4.46410161513775                  2
-0.267949192431122   4.46410161513775                  4
-0.267949192431122   4.46410161513775                  6
-0.267949192431122   4.46410161513775                  8
-0.267949192431122   4.46410161513775                 10
-1.26794919243112  6.19615242270663               -10
-1.26794919243112  6.19615242270663                -8
-1.26794919243112  6.19615242270663                -6
-1.26794919243112  6.19615242270663                -4
-1.26794919243112  6.19615242270663                -2
-1.26794919243112  6.19615242270663                 0
-1.26794919243112  6.19615242270663                 2
-1.26794919243112  6.19615242270663                 4
-1.26794919243112  6.19615242270663                 6
-1.26794919243112  6.19615242270663                 8
-1.26794919243112  6.19615242270663                10
-2.26794919243112  7.92820323027551               -10
-2.26794919243112  7.92820323027551                -8
-2.26794919243112  7.92820323027551                -6
-2.26794919243112  7.92820323027551                -4
-2.26794919243112  7.92820323027551                -2
-2.26794919243112  7.92820323027551                 0
-2.26794919243112  7.92820323027551                 2
-2.26794919243112  7.92820323027551                 4
-2.26794919243112  7.92820323027551                 6
-2.26794919243112  7.92820323027551                 8
-2.26794919243112  7.92820323027551                10
-3.26794919243112  9.66025403784439               -10
-3.26794919243112  9.66025403784439                -8
-3.26794919243112  9.66025403784439                -6
-3.26794919243112  9.66025403784439                -4
-3.26794919243112  9.66025403784439                -2
-3.26794919243112  9.66025403784439                 0
-3.26794919243112  9.66025403784439                 2
-3.26794919243112  9.66025403784439                 4
-3.26794919243112  9.66025403784439                 6
-3.26794919243112  9.66025403784439                 8
-3.26794919243112  9.66025403784439                10
 8.46410161513775 -6.66025403784439               -10
 8.46410161513775 -6.66025403784439                -8
 8.46410161513775 -6.66025403784439                -6
 8.46410161513775 -6.66025403784439                -4
 8.46410161513775 -6.66025403784439                -2
 8.46410161513775 -6.66025403784439                 0
 8.46410161513775 -6.66025403784439                 2
 8.46410161513775 -6.66025403784439                 4
 8.46410161513775 -6.66025403784439                 6
 8.46410161513775 -6.66025403784439                 8
 8.46410161513775 -6.66025403784439                10
 7.46410161513775 -4.92820323027551               -10
 7.46410161513775 -4.92820323027551                -8
 7.46410161513775 -4.92820323027551                -6
 7.46410161513775 -4.92820323027551                -4
 7.46410161513775 -4.92820323027551                -2
 7.46410161513775 -4.92820323027551                 0
 7.46410161513775 -4.92820323027551                 2
 7.46410161513775 -4.92820323027551                 4
 7.46410161513775 -4.92820323027551                 6
 7.46410161513775 -4.92820323027551                 8
 7.46410161513775 -4.92820323027551                10
 6.46410161513775 -3.19615242270663               -10
 6.46410161513775 -3.19615242270663                -8
 6.46410161513775 -3.19615242270663                -6
 6.46410161513775 -3.19615242270663                -4
 6.46410161513775 -3.19615242270663                -2
 6.46410161513775 -3.19615242270663                 0
 6.46410161513775 -3.19615242270663                 2
 6.46410161513775 -3.19615242270663                 4
 6.46410161513775 -3.19615242270663                 6
 6.46410161513775 -3.19615242270663                 8
 6.46410161513775 -3.19615242270663                10
 5.46410161513775 -1.46410161513776               -10
 5.46410161513775 -1.46410161513776                -8
 5.46410161513775 -1.46410161513776                -6
 5.46410161513775 -1.46410161513776                -4
 5.46410161513775 -1.46410161513776                -2
 5.46410161513775 -1.46410161513776                 0
 5.46410161513775 -1.46410161513776                 2
 5.46410161513775 -1.46410161513776                 4
 5.46410161513775 -1.46410161513776                 6
 5.46410161513775 -1.46410161513776                 8
 5.46410161513775 -1.46410161513776                10
 4.46410161513775 0.267949192431122               -10
 4.46410161513775 0.267949192431122                -8
 4.46410161513775 0.267949192431122                -6
 4.46410161513775 0.267949192431122                -4
 4.46410161513775 0.267949192431122                -2
 4.46410161513775 0.267949192431122                 0
 4.46410161513775 0.267949192431122                 2
 4.46410161513775 0.267949192431122                 4
 4.46410161513775 0.267949192431122                 6
 4.46410161513775 0.267949192431122                 8
 4.46410161513775 0.267949192431122                10
3.46410161513775                2              -10
3.46410161513775                2               -8
3.46410161513775                2               -6
3.46410161513775                2               -4
3.46410161513775                2               -2
3.46410161513775                2                0
3.46410161513775                2                2
3.46410161513775                2                4
3.46410161513775                2                6
3.46410161513775                2                8
3.46410161513775                2               10
2.46410161513775 3.73205080756888              -10
2.46410161513775 3.73205080756888               -8
2.46410161513775 3.73205080756888               -6
2.46410161513775 3.73205080756888               -4
2.46410161513775 3.73205080756888               -2
2.46410161513775 3.73205080756888                0
2.46410161513775 3.73205080756888                2
2.46410161513775 3.73205080756888                4
2.46410161513775 3.73205080756888                6
2.46410161513775 3.73205080756888                8
2.46410161513775 3.73205080756888               10
1.46410161513776 5.46410161513775              -10
1.46410161513776 5.46410161513775               -8
1.46410161513776 5.46410161513775               -6
1.46410161513776 5.46410161513775               -4
1.46410161513776 5.46410161513775               -2
1.46410161513776 5.46410161513775                0
1.46410161513776 5.46410161513775                2
1.46410161513776 5.46410161513775                4
1.46410161513776 5.46410161513775                6
1.46410161513776 5.46410161513775                8
1.46410161513776 5.46410161513775               10
0.464101615137755  7.19615242270663               -10
0.464101615137755  7.19615242270663                -8
0.464101615137755  7.19615242270663                -6
0.464101615137755  7.19615242270663                -4
0.464101615137755  7.19615242270663                -2
0.464101615137755  7.19615242270663                 0
0.464101615137755  7.19615242270663                 2
0.464101615137755  7.19615242270663                 4
0.464101615137755  7.19615242270663                 6
0.464101615137755  7.19615242270663                 8
0.464101615137755  7.19615242270663                10
-0.535898384862245   8.92820323027551                -10
-0.535898384862245   8.92820323027551                 -8
-0.535898384862245   8.92820323027551                 -6
-0.535898384862245   8.92820323027551                 -4
-0.535898384862245   8.92820323027551                 -2
-0.535898384862245   8.92820323027551                  0
-0.535898384862245   8.92820323027551                  2
-0.535898384862245   8.92820323027551                  4
-0.535898384862245   8.92820323027551                  6
-0.535898384862245   8.92820323027551                  8
-0.535898384862245   8.92820323027551                 10
-1.53589838486224  10.6602540378444               -10
-1.53589838486224  10.6602540378444                -8
-1.53589838486224  10.6602540378444                -6
-1.53589838486224  10.6602540378444                -4
-1.53589838486224  10.6602540378444                -2
-1.53589838486224  10.6602540378444                 0
-1.53589838486224  10.6602540378444                 2
-1.53589838486224  10.6602540378444                 4
-1.53589838486224  10.6602540378444                 6
-1.53589838486224  10.6602540378444                 8
-1.53589838486224  10.6602540378444                10
 10.1961524227066 -5.66025403784439               -10
 10.1961524227066 -5.66025403784439                -8
 10.1961524227066 -5.66025403784439                -6
 10.1961524227066 -5.66025403784439                -4
 10.1961524227066 -5.66025403784439                -2
 10.1961524227066 -5.66025403784439                 0
 10.1961524227066 -5.66025403784439                 2
 10.1961524227066 -5.66025403784439                 4
 10.1961524227066 -5.66025403784439                 6
 10.1961524227066 -5.66025403784439                 8
 10.1961524227066 -5.66025403784439                10
 9.19615242270663 -3.92820323027551               -10
 9.19615242270663 -3.92820323027551                -8
 9.19615242270663 -3.92820323027551                -6
 9.19615242270663 -3.92820323027551                -4
 9.19615242270663 -3.92820323027551                -2
 9.19615242270663 -3.92820323027551                 0
 9.19615242270663 -3.92820323027551                 2
 9.19615242270663 -3.92820323027551                 4
 9.19615242270663 -3.92820323027551                 6
 9.19615242270663 -3.92820323027551                 8
 9.19615242270663 -3.92820323027551                10
 8.19615242270663 -2.19615242270663               -10
 8.19615242270663 -2.19615242270663                -8
 8.19615242270663 -2.19615242270663                -6
 8.19615242270663 -2.19615242270663                -4
 8.19615242270663 -2.19615242270663                -2
 8.19615242270663 -2.19615242270663                 0
 8.19615242270663 -2.19615242270663                 2
 8.19615242270663 -2.19615242270663                 4
 8.19615242270663 -2.19615242270663                 6
 8.19615242270663 -2.19615242270663                 8
 8.19615242270663 -2.19615242270663                10
  7.19615242270663 -0.464101615137755                -10
  7.19615242270663 -0.464101615137755                 -8
  7.19615242270663 -0.464101615137755                 -6
  7.19615242270663 -0.464101615137755                 -4
  7.19615242270663 -0.464101615137755                 -2
  7.19615242270663 -0.464101615137755                  0
  7.19615242270663 -0.464101615137755                  2
  7.19615242270663 -0.464101615137755                  4
  7.19615242270663 -0.464101615137755                  6
  7.19615242270663 -0.464101615137755                  8
  7.19615242270663 -0.464101615137755                 10
6.19615242270663 1.26794919243112              -10
6.19615242270663 1.26794919243112               -8
6.19615242270663 1.26794919243112               -6
6.19615242270663 1.26794919243112               -4
6.19615242270663 1.26794919243112               -2
6.19615242270663 1.26794919243112                0
6.19615242270663 1.26794919243112                2
6.19615242270663 1.26794919243112                4
6.19615242270663 1.26794919243112                6
6.19615242270663 1.26794919243112                8
6.19615242270663 1.26794919243112               10
5.19615242270663                3              -10
5.19615242270663                3               -8
5.19615242270663                3               -6
5.19615242270663                3               -4
5.19615242270663                3               -2
5.19615242270663                3                0
5.19615242270663                3                2
5.19615242270663                3                4
5.19615242270663                3                6
5.19615242270663                3                8
5.19615242270663                3               10
4.19615242270663 4.73205080756888              -10
4.19615242270663 4.73205080756888               -8
4.19615242270663 4.73205080756888               -6
4.19615242270663 4.73205080756888               -4
4.19615242270663 4.73205080756888               -2
4.19615242270663 4.73205080756888                0
4.19615242270663 4.73205080756888                2
4.19615242270663 4.73205080756888                4
4.19615242270663 4.73205080756888                6
4.19615242270663 4.73205080756888                8
4.19615242270663 4.73205080756888               10
3.19615242270663 6.46410161513775              -10
3.19615242270663 6.46410161513775               -8
3.19615242270663 6.46410161513775               -6
3.19615242270663 6.46410161513775               -4
3.19615242270663 6.46410161513775               -2
3.19615242270663 6.46410161513775                0
3.19615242270663 6.46410161513775                2
3.19615242270663 6.46410161513775                4
3.19615242270663 6.46410161513775                6
3.19615242270663 6.46410161513775                8
3.19615242270663 6.46410161513775               10
2.19615242270663 8.19615242270663              -10
2.19615242270663 8.19615242270663               -8
2.19615242270663 8.19615242270663               -6
2.19615242270663 8.19615242270663               -4
2.19615242270663 8.19615242270663               -2
2.19615242270663 8.19615242270663                0
2.19615242270663 8.19615242270663                2
2.19615242270663 8.19615242270663                4
2.19615242270663 8.19615242270663                6
2.19615242270663 8.19615242270663                8
2.19615242270663 8.19615242270663               10
1.19615242270663 9.92820323027551              -10
1.19615242270663 9.92820323027551               -8
1.19615242270663 9.92820323027551               -6
1.19615242270663 9.92820323027551               -4
1.19615242270663 9.92820323027551               -2
1.19615242270663 9.92820323027551                0
1.19615242270663 9.92820323027551                2
1.19615242270663 9.92820323027551                4
1.19615242270663 9.92820323027551                6
1.19615242270663 9.92820323027551                8
1.19615242270663 9.92820323027551               10
0.196152422706633  11.6602540378444               -10
0.196152422706633  11.6602540378444                -8
0.196152422706633  11.6602540378444                -6
0.196152422706633  11.6602540378444                -4
0.196152422706633  11.6602540378444                -2
0.196152422706633  11.6602540378444                 0
0.196152422706633  11.6602540378444                 2
0.196152422706633  11.6602540378444                 4
0.196152422706633  11.6602540378444                 6
0.196152422706633  11.6602540378444                 8
0.196152422706633  11.6602540378444                10
 11.9282032302755 -4.66025403784439               -10
 11.9282032302755 -4.66025403784439                -8
 11.9282032302755 -4.66025403784439                -6
 11.9282032302755 -4.66025403784439                -4
 11.9282032302755 -4.66025403784439                -2
 11.9282032302755 -4.66025403784439                 0
 11.9282032302755 -4.66025403784439                 2
 11.9282032302755 -4.66025403784439                 4
 11.9282032302755 -4.66025403784439                 6
 11.9282032302755 -4.66025403784439                 8
 11.9282032302755 -4.66025403784439                10
 10.9282032302755 -2.92820323027551               -10
 10.9282032302755 -2.92820323027551                -8
 10.9282032302755 -2.92820323027551                -6
 10.9282032302755 -2.92820323027551                -4
 10.9282032302755 -2.92820323027551                -2
 10.9282032302755 -2.92820323027551                 0
 10.9282032302755 -2.92820323027551                 2
 10.9282032302755 -2.92820323027551                 4
 10.9282032302755 -2.92820323027551                 6
 10.9282032302755 -2.92820323027551                 8
 10.9282032302755 -2.92820323027551                10
 9.92820323027551 -1.19615242270663               -10
 9.92820323027551 -1.19615242270663                -8
 9.92820323027551 -1.19615242270663                -6
 9.92820323027551 -1.19615242270663                -4
 9.92820323027551 -1.19615242270663                -2
 9.92820323027551 -1.19615242270663                 0
 9.92820323027551 -1.19615242270663                 2
 9.92820323027551 -1.19615242270663                 4
 9.92820323027551 -1.19615242270663                 6
 9.92820323027551 -1.19615242270663                 8
 9.92820323027551 -1.19615242270663                10
 8.92820323027551 0.535898384862245               -10
 8.92820323027551 0.535898384862245                -8
 8.92820323027551 0.535898384862245                -6
 8.92820323027551 0.535898384862245                -4
 8.92820323027551 0.535898384862245                -2
 8.92820323027551 0.535898384862245                 0
 8.92820323027551 0.535898384862245                 2
 8.92820323027551 0.535898384862245                 4
 8.92820323027551 0.535898384862245                 6
 8.92820323027551 0.535898384862245                 8
 8.92820323027551 0.535898384862245                10
7.92820323027551 2.26794919243112              -10
7.92820323027551 2.26794919243112               -8
7.92820323027551 2.26794919243112               -6
7.92820323027551 2.26794919243112               -4
7.92820323027551 2.26794919243112               -2
7.92820323027551 2.26794919243112                0
7.92820323027551 2.26794919243112                2
7.92820323027551 2.26794919243112                4
7.92820323027551 2.26794919243112                6
7.92820323027551 2.26794919243112                8
7.92820323027551 2.26794919243112               10
6.92820323027551                4              -10
6.92820323027551                4               -8
6.92820323027551                4               -6
6.92820323027551                4               -4
6.92820323027551                4               -2
6.92820323027551                4                0
6.92820323027551                4                2
6.92820323027551                4                4
6.92820323027551                4                6
6.92820323027551                4                8
6.92820323027551                4               10
5.92820323027551 5.73205080756888              -10
5.92820323027551 5.73205080756888               -8
5.92820323027551 5.73205080756888               -6
5.92820323027551 5.73205080756888               -4
5.92820323027551 5.73205080756888               -2
5.92820323027551 5.73205080756888                0
5.92820323027551 5.73205080756888                2
5.92820323027551 5.73205080756888                4
5.92820323027551 5.73205080756888                6
5.92820323027551 5.73205080756888                8
5.92820323027551 5.73205080756888               10
4.92820323027551 7.46410161513775              -10
4.92820323027551 7.46410161513775               -8
4.92820323027551 7.46410161513775               -6
4.92820323027551 7.46410161513775               -4
4.92820323027551 7.46410161513775               -2
4.92820323027551 7.46410161513775                0
4.92820323027551 7.46410161513775                2
4.92820323027551 7.46410161513775                4
4.92820323027551 7.46410161513775                6
4.92820323027551 7.46410161513775                8
4.92820323027551 7.46410161513775               10
3.92820323027551 9.19615242270663              -10
3.92820323027551 9.19615242270663               -8
3.92820323027551 9.19615242270663               -6
3.92820323027551 9.19615242270663               -4
3.92820323027551 9.19615242270663               -2
3.92820323027551 9.19615242270663                0
3.92820323027551 9.19615242270663                2
3.92820323027551 9.19615242270663                4
3.92820323027551 9.19615242270663                6
3.92820323027551 9.19615242270663                8
3.92820323027551 9.19615242270663               10
2.92820323027551 10.9282032302755              -10
2.92820323027551 10.9282032302755               -8
2.92820323027551 10.9282032302755               -6
2.92820323027551 10.9282032302755               -4
2.92820323027551 10.9282032302755               -2
2.92820323027551 10.9282032302755                0
2.92820323027551 10.9282032302755                2
2.92820323027551 10.9282032302755                4
2.92820323027551 10.9282032302755                6
2.92820323027551 10.9282032302755                8
2.92820323027551 10.9282032302755               10
1.92820323027551 12.6602540378444              -10
1.92820323027551 12.6602540378444               -8
1.92820323027551 12.6602540378444               -6
1.92820323027551 12.6602540378444               -4
1.92820323027551 12.6602540378444               -2
1.92820323027551 12.6602540378444                0
1.92820323027551 12.6602540378444                2
1.92820323027551 12.6602540378444                4
1.92820323027551 12.6602540378444                6
1.92820323027551 12.6602540378444                8
1.92820323027551 12.6602540378444               10
 13.6602540378444 -3.66025403784439               -10
 13.6602540378444 -3.66025403784439                -8
 13.6602540378444 -3.66025403784439                -6
 13.6602540378444 -3.66025403784439                -4
 13.6602540378444 -3.66025403784439                -2
 13.6602540378444 -3.66025403784439                 0
 13.6602540378444 -3.66025403784439                 2
 13.6602540378444 -3.66025403784439                 4
 13.6602540378444 -3.66025403784439                 6
 13.6602540378444 -3.66025403784439                 8
 13.6602540378444 -3.66025403784439                10
 12.6602540378444 -1.92820323027551               -10
 12.6602540378444 -1.92820323027551                -8
 12.6602540378444 -1.92820323027551                -6
 12.6602540378444 -1.92820323027551                -4
 12.6602540378444 -1.92820323027551                -2
 12.6602540378444 -1.92820323027551                 0
 12.6602540378444 -1.92820323027551                 2
 12.6602540378444 -1.92820323027551                 4
 12.6602540378444 -1.92820323027551                 6
 12.6602540378444 -1.92820323027551                 8
 12.6602540378444 -1.92820323027551                10
  11.6602540378444 -0.196152422706633                -10
  11.6602540378444 -0.196152422706633                 -8
  11.6602540378444 -0.196152422706633                 -6
  11.6602540378444 -0.196152422706633                 -4
  11.6602540378444 -0.196152422706633                 -2
  11.6602540378444 -0.196152422706633                  0
  11.6602540378444 -0.196152422706633                  2
  11.6602540378444 -0.196152422706633                  4
  11.6602540378444 -0.196152422706633                  6
  11.6602540378444 -0.196152422706633                  8
  11.6602540378444 -0.196152422706633                 10
10.6602540378444 1.53589838486224              -10
10.6602540378444 1.53589838486224               -8
10.6602540378444 1.53589838486224               -6
10.6602540378444 1.53589838486224               -4
10.6602540378444 1.53589838486224               -2
10.6602540378444 1.53589838486224                0
10.6602540378444 1.53589838486224                2
10.6602540378444 1.53589838486224                4
10.6602540378444 1.53589838486224                6
10.6602540378444 1.53589838486224                8
10.6602540378444 1.53589838486224               10
9.66025403784439 3.26794919243112              -10
9.66025403784439 3.26794919243112               -8
9.66025403784439 3.26794919243112               -6
9.66025403784439 3.26794919243112               -4
9.66025403784439 3.26794919243112               -2
9.66025403784439 3.26794919243112                0
9.66025403784439 3.26794919243112                2
9.66025403784439 3.26794919243112                4
9.66025403784439 3.26794919243112                6
9.66025403784439 3.26794919243112                8
9.66025403784439 3.26794919243112               10
8.66025403784439                5              -10
8.66025403784439                5               -8
8.66025403784439                5               -6
8.66025403784439                5               -4
8.66025403784439                5               -2
8.66025403784439                5                0
8.66025403784439                5                2
8.66025403784439                5                4
8.66025403784439                5                6
8.66025403784439                5                8
8.66025403784439                5               10
7.66025403784439 6.73205080756888              -10
7.66025403784439 6.73205080756888               -8
7.66025403784439 6.73205080756888               -6
7.66025403784439 6.73205080756888               -4
7.66025403784439 6.73205080756888               -2
7.66025403784439 6.73205080756888                0
7.66025403784439 6.73205080756888                2
7.66025403784439 6.73205080756888                4
7.66025403784439 6.73205080756888                6
7.66025403784439 6.73205080756888                8
7.66025403784439 6.73205080756888               10
6.66025403784439 8.46410161513775              -10
6.66025403784439 8.46410161513775               -8
6.66025403784439 8.46410161513775               -6
6.66025403784439 8.46410161513775               -4
6.66025403784439 8.46410161513775               -2
6.66025403784439 8.46410161513775                0
6.66025403784439 8.46410161513775                2
6.66025403784439 8.46410161513775                4
6.66025403784439 8.46410161513775                6
6.66025403784439 8.46410161513775                8
6.66025403784439 8.46410161513775               10
5.66025403784439 10.1961524227066              -10
5.66025403784439 10.1961524227066               -8
5.66025403784439 10.1961524227066               -6
5.66025403784439 10.1961524227066               -4
5.66025403784439 10.1961524227066               -2
5.66025403784439 10.1961524227066                0
5.66025403784439 10.1961524227066                2
5.66025403784439 10.1961524227066                4
5.66025403784439 10.1961524227066                6
5.66025403784439 10.1961524227066                8
5.66025403784439 10.1961524227066               10
4.66025403784439 11.9282032302755              -10
4.66025403784439 11.9282032302755               -8
4.66025403784439 11.9282032302755               -6
4.66025403784439 11.9282032302755               -4
4.66025403784439 11.9282032302755               -2
4.66025403784439 11.9282032302755                0
4.66025403784439 11.9282032302755                2
4.66025403784439 11.9282032302755                4
4.66025403784439 11.9282032302755                6
4.66025403784439 11.9282032302755                8
4.66025403784439 11.9282032302755               10
3.66025403784439 13.6602540378444              -10
3.66025403784439 13.6602540378444               -8
3.66025403784439 13.6602540378444               -6
3.66025403784439 13.6602540378444               -4
3.66025403784439 13.6602540378444               -2
3.66025403784439 13.6602540378444                0
3.66025403784439 13.6602540378444                2
3.66025403784439 13.6602540378444                4
3.66025403784439 13.6602540378444                6
3.66025403784439 13.6602540378444                8
3.66025403784439 13.6602540378444               10

Point: corresp_imgpoint
-10 -10 -10
-10 -10  -8
-10 -10  -6
-10 -10  -4
-10 -10  -2
-10 -10   0
-10 -10   2
-10 -10   4
-10 -10   6
-10 -10   8
-10 -10  10
-10  -8 -10
-10  -8  -8
-10  -8  -6
-10  -8  -4
-10  -8  -2
-10  -8   0
-10  -8   2
-10  -8   4
-10  -8   6
-10  -8   8
-10  -8  10
-10  -6 -10
-10  -6  -8
-10  -6  -6
-10  -6  -4
-10  -6  -2
-10  -6   0
-10  -6   2
-10  -6   4
-10  -6   6
-10  -6   8
-10  -6  10
-10  -4 -10
-10  -4  -8
-10  -4  -6
-10  -4  -4
-10  -4  -2
-10  -4   0
-10  -4   2
-10  -4   4
-10  -4   6
-10  -4   8
-10  -4  10
-10  -2 -10
-10  -2  -8
-10  -2  -6
-10  -2  -4
-10  -2  -2
-10  -2   0
-10  -2   2
-10  -2   4
-10  -2   6
-10  -2   8
-10  -2  10
-10   0 -10
-10   0  -8
-10   0  -6
-10   0  -4
-10   0  -2
-10   0   0
-10   0   2
-10   0   4
-10   0   6
-10   0   8
-10   0  10
-10   2 -10
-10   2  -8
-10   2  -6
-10   2  -4
-10   2  -2
-10   2   0
-10   2   2
-10   2   4
-10   2   6
-10   2   8
-10   2  10
-10   4 -10
-10   4  -8
-10   4  -6
-10   4  -4
-10   4  -2
-10   4   0
-10   4   2
-10   4   4
-10   4   6
-10   4   8
-10   4  10
-10   6 -10
-10   6  -8
-10   6  -6
-10   6  -4
-10   6  -2
-10   6   0
-10   6   2
-10   6   4
-10   6   6
-10   6   8
-10   6  10
-10   8 -10
-10   8  -8
-10   8  -6
-10   8  -4
-10   8  -2
-10   8   0
-10   8   2
-10   8   4
-10   8   6
-10   8   8
-10   8  10
-10  10 -10
-10  10  -8
-10  10  -6
-10  10  -4
-10  10  -2
-10  10   0
-10  10   2
-10  10   4
-10  10   6
-10  10   8
-10  10  10
 -8 -10 -10
 -8 -10  -8
 -8 -10  -6
 -8 -10  -4
 -8 -10  -2
 -8 -10   0
 -8 -10   2
 -8 -10   4
 -8 -10   6
 -8 -10   8
 -8 -10  10
 -8  -8 -10
-8 -8 -8
-8 -8 -6
-8 -8 -4
-8 -8 -2
-8 -8  0
-8 -8  2
-8 -8  4
-8 -8  6
-8 -8  8
-8 -8 10
 -8  -6 -10
-8 -6 -8
-8 -6 -6
-8 -6 -4
-8 -6 -2
-8 -6  0
-8 -6  2
-8 -6  4
-8 -6  6
-8 -6  8
-8 -6 10
 -8  -4 -10
-8 -4 -8
-8 -4 -6
-8 -4 -4
-8 -4 -2
-8 -4  0
-8 -4  2
-8 -4  4
-8 -4  6
-8 -4  8
-8 -4 10
 -8  -2 -10
-8 -2 -8
-8 -2 -6
-8 -2 -4
-8 -2 -2
-8 -2  0
-8 -2  2
-8 -2  4
-8 -2  6
-8 -2  8
-8 -2 10
 -8   0 -10
-8  0 -8
-8  0 -6
-8  0 -4
-8  0 -2
-8  0  0
-8  0  2
-8  0  4
-8  0  6
-8  0  8
-8  0 10
 -8   2 -10
-8  2 -8
-8  2 -6
-8  2 -4
-8  2 -2
-8  2  0
-8  2  2
-8  2  4
-8  2  6
-8  2  8
-8  2 10
 -8   4 -10
-8  4 -8
-8  4 -6
-8  4 -4
-8  4 -2
-8  4  0
-8  4  2
-8  4  4
-8  4  6
-8  4  8
-8  4 10
 -8   6 -10
-8  6 -8
-8  6 -6
-8  6 -4
-8  6 -2
-8  6  0
-8  6  2
-8  6  4
-8  6  6
-8  6  8
-8  6 10
 -8   8 -10
-8  8 -8
-8  8 -6
-8  8 -4
-8  8 -2
-8  8  0
-8  8  2
-8  8  4
-8  8  6
-8  8  8
-8  8 10
 -8  10 -10
-8 10 -8
-8 10 -6
-8 10 -4
-8 10 -2
-8 10  0
-8 10  2
-8 10  4
-8 10  6
-8 10  8
-8 10 10
 -6 -10 -10
 -6 -10  -8
 -6 -10  -6
 -6 -10  -4
 -6 -10  -2
 -6 -10   0
 -6 -10   2
 -6 -10   4
 -6 -10   6
 -6 -10   8
 -6 -10  10
 -6  -8 -10
-6 -8 -8
-6 -8 -6
-6 -8 -4
-6 -8 -2
-6 -8  0
-6 -8  2
-6 -8  4
-6 -8  6
-6 -8  8
-6 -8 10
 -6  -6 -10
-6 -6 -8
-6 -6 -6
-6 -6 -4
-6 -6 -2
-6 -6  0
-6 -6  2
-6 -6  4
-6 -6  6
-6 -6  8
-6 -6 10
 -6  -4 -10
-6 -4 -8
-6 -4 -6
-6 -4 -4
-6 -4 -2
-6 -4  0
-6 -4  2
-6 -4  4
-6 -4  6
-6 -4  8
-6 -4 10
 -6  -2 -10
-6 -2 -8
-6 -2 -6
-6 -2 -4
-6 -2 -2
-6 -2  0
-6 -2  2
-6 -2  4
-6 -2  6
-6 -2  8
-6 -2 10
 -6   0 -10
-6  0 -8
-6  0 -6
-6  0 -4
-6  0 -2
-6  0  0
-6  0  2
-6  0  4
-6  0  6
-6  0  8
-6  0 10
 -6   2 -10
-6  2 -8
-6  2 -6
-6  2 -4
-6  2 -2
-6  2  0
-6  2  2
-6  2  4
-6  2  6
-6  2  8
-6  2 10
 -6   4 -10
-6  4 -8
-6  4 -6
-6  4 -4
-6  4 -2
-6  4  0
-6  4  2
-6  4  4
-6  4  6
-6  4  8
-6  4 10
 -6   6 -10
-6  6 -8
-6  6 -6
-6  6 -4
-6  6 -2
-6  6  0
-6  6  2
-6  6  4
-6  6  6
-6  6  8
-6  6 10
 -6   8 -10
-6  8 -8
-6  8 -6
-6  8 -4
-6  8 -2
-6  8  0
-6  8  2
-6  8  4
-6  8  6
-6  8  8
-6  8 10
 -6  10 -10
-6 10 -8
-6 10 -6
-6 10 -4
-6 10 -2
-6 10  0
-6 10  2
-6 10  4
-6 10  6
-6 10  8
-6 10 10
 -4 -10 -10
 -4 -10  -8
 -4 -10  -6
 -4 -10  -4
 -4 -10  -2
 -4 -10   0
 -4 -10   2
 -4 -10   4
 -4 -10   6
 -4 -10   8
 -4 -10  10
 -4  -8 -10
-4 -8 -8
-4 -8 -6
-4 -8 -4
-4 -8 -2
-4 -8  0
-4 -8  2
-4 -8  4
-4 -8  6
-4 -8  8
-4 -8 10
 -4  -6 -10
-4 -6 -8
-4 -6 -6
-4 -6 -4
-4 -6 -2
-4 -6  0
-4 -6  2
-4 -6  4
-4 -6  6
-4 -6  8
-4 -6 10
 -4  -4 -10
-4 -4 -8
-4 -4 -6
-4 -4 -4
-4 -4 -2
-4 -4  0
-4 -4  2
-4 -4  4
-4 -4  6
-4 -4  8
-4 -4 10
 -4  -2 -10
-4 -2 -8
-4 -2 -6
-4 -2 -4
-4 -2 -2
-4 -2  0
-4 -2  2
-4 -2  4
-4 -2  6
-4 -2  8
-4 -2 10
 -4   0 -10
-4  0 -8
-4  0 -6
-4  0 -4
-4  0 -2
-4  0  0
-4  0  2
-4  0  4
-4  0  6
-4  0  8
-4  0 10
 -4   2 -10
-4  2 -8
-4  2 -6
-4  2 -4
-4  2 -2
-4  2  0
-4  2  2
-4  2  4
-4  2  6
-4  2  8
-4  2 10
 -4   4 -10
-4  4 -8
-4  4 -6
-4  4 -4
-4  4 -2
-4  4  0
-4  4  2
-4  4  4
-4  4  6
-4  4  8
-4  4 10
 -4   6 -10
-4  6 -8
-4  6 -6
-4  6 -4
-4  6 -2
-4  6  0
-4  6  2
-4  6  4
-4  6  6
-4  6  8
-4  6 10
 -4   8 -10
-4  8 -8
-4  8 -6
-4  8 -4
-4  8 -2
-4  8  0
-4  8  2
-4  8  4
-4  8  6
-4  8  8
-4  8 10
 -4  10 -10
-4 10 -8
-4 10 -6
-4 10 -4
-4 10 -2
-4 10  0
-4 10  2
-4 10  4
-4 10  6
-4 10  8
-4 10 10
 -2 -10 -10
 -2 -10  -8
 -2 -10  -6
 -2 -10  -4
 -2 -10  -2
 -2 -10   0
 -2 -10   2
 -2 -10   4
 -2 -10   6
 -2 -10   8
 -2 -10  10
 -2  -8 -10
-2 -8 -8
-2 -8 -6
-2 -8 -4
-2 -8 -2
-2 -8  0
-2 -8  2
-2 -8  4
-2 -8  6
-2 -8  8
-2 -8 10
 -2  -6 -10
-2 -6 -8
-2 -6 -6
-2 -6 -4
-2 -6 -2
-2 -6  0
-2 -6  2
-2 -6  4
-2 -6  6
-2 -6  8
-2 -6 10
 -2  -4 -10
-2 -4 -8
-2 -4 -6
-2 -4 -4
-2 -4 -2
-2 -4  0
-2 -4  2
-2 -4  4
-2 -4  6
-2 -4  8
-2 -4 10
 -2  -2 -10
-2 -2 -8
-2 -2 -6
-2 -2 -4
-2 -2 -2
-2 -2  0
-2 -2  2
-2 -2  4
-2 -2  6
-2 -2  8
-2 -2 10
 -2   0 -10
-2  0 -8
-2  0 -6
-2  0 -4
-2  0 -2
-2  0  0
-2  0  2
-2  0  4
-2  0  6
-2  0  8
-2  0 10
 -2   2 -10
-2  2 -8
-2  2 -6
-2  2 -4
-2  2 -2
-2  2  0
-2  2  2
-2  2  4
-2  2  6
-2  2  8
-2  2 10
 -2   4 -10
-2  4 -8
-2  4 -6
-2  4 -4
-2  4 -2
-2  4  0
-2  4  2
-2  4  4
-2  4  6
-2  4  8
-2  4 10
 -2   6 -10
-2  6 -8
-2  6 -6
-2  6 -4
-2  6 -2
-2  6  0
-2  6  2
-2  6  4
-2  6  6
-2  6  8
-2  6 10
 -2   8 -10
-2  8 -8
-2  8 -6
-2  8 -4
-2  8 -2
-2  8  0
-2  8  2
-2  8  4
-2  8  6
-2  8  8
-2  8 10
 -2  10 -10
-2 10 -8
-2 10 -6
-2 10 -4
-2 10 -2
-2 10  0
-2 10  2
-2 10  4
-2 10  6
-2 10  8
-2 10 10
  0 -10 -10
  0 -10  -8
  0 -10  -6
  0 -10  -4
  0 -10  -2
  0 -10   0
  0 -10   2
  0 -10   4
  0 -10   6
  0 -10   8
  0 -10  10
  0  -8 -10
 0 -8 -8
 0 -8 -6
 0 -8 -4
 0 -8 -2
 0 -8  0
 0 -8  2
 0 -8  4
 0 -8  6
 0 -8  8
 0 -8 10
  0  -6 -10
 0 -6 -8
 0 -6 -6
 0 -6 -4
 0 -6 -2
 0 -6  0
 0 -6  2
 0 -6  4
 0 -6  6
 0 -6  8
 0 -6 10
  0  -4 -10
 0 -4 -8
 0 -4 -6
 0 -4 -4
 0 -4 -2
 0 -4  0
 0 -4  2
 0 -4  4
 0 -4  6
 0 -4  8
 0 -4 10
  0  -2 -10
 0 -2 -8
 0 -2 -6
 0 -2 -4
 0 -2 -2
 0 -2  0
 0 -2  2
 0 -2  4
 0 -2  6
 0 -2  8
 0 -2 10
  0   0 -10
 0  0 -8
 0  0 -6
 0  0 -4
 0  0 -2
0 0 0
0 0 2
0 0 4
0 0 6
0 0 8
 0  0 10
  0   2 -10
 0  2 -8
 0  2 -6
 0  2 -4
 0  2 -2
0 2 0
0 2 2
0 2 4
0 2 6
0 2 8
 0  2 10
  0   4 -10
 0  4 -8
 0  4 -6
 0  4 -4
 0  4 -2
0 4 0
0 4 2
0 4 4
0 4 6
0 4 8
 0  4 10
  0   6 -10
 0  6 -8
 0  6 -6
 0  6 -4
 0  6 -2
0 6 0
0 6 2
0 6 4
0 6 6
0 6 8
 0  6 10
  0   8 -10
 0  8 -8
 0  8 -6
 0  8 -4
 0  8 -2
0 8 0
0 8 2
0 8 4
0 8 6
0 8 8
 0  8 10
  0  10 -10
 0 10 -8
 0 10 -6
 0 10 -4
 0 10 -2
 0 10  0
 0 10  2
 0 10  4
 0 10  6
 0 10  8
 0 10 10
  2 -10 -10
  2 -10  -8
  2 -10  -6
  2 -10  -4
  2 -10  -2
  2 -10   0
  2 -10   2
  2 -10   4
  2 -10   6
  2 -10   8
  2 -10  10
  2  -8 -10
 2 -8 -8
 2 -8 -6
 2 -8 -4
 2 -8 -2
 2 -8  0
 2 -8  2
 2 -8  4
 2 -8  6
 2 -8  8
 2 -8 10
  2  -6 -10
 2 -6 -8
 2 -6 -6
 2 -6 -4
 2 -6 -2
 2 -6  0
 2 -6  2
 2 -6  4
 2 -6  6
 2 -6  8
 2 -6 10
  2  -4 -10
 2 -4 -8
 2 -4 -6
 2 -4 -4
 2 -4 -2
 2 -4  0
 2 -4  2
 2 -4  4
 2 -4  6
 2 -4  8
 2 -4 10
  2  -2 -10
 2 -2 -8
 2 -2 -6
 2 -2 -4
 2 -2 -2
 2 -2  0
 2 -2  2
 2 -2  4
 2 -2  6
 2 -2  8
 2 -2 10
  2   0 -10
 2  0 -8
 2  0 -6
 2  0 -4
 2  0 -2
2 0 0
2 0 2
2 0 4
2 0 6
2 0 8
 2  0 10
  2   2 -10
 2  2 -8
 2  2 -6
 2  2 -4
 2  2 -2
2 2 0
2 2 2
2 2 4
2 2 6
2 2 8
 2  2 10
  2   4 -10
 2  4 -8
 2  4 -6
 2  4 -4
 2  4 -2
2 4 0
2 4 2
2 4 4
2 4 6
2 4 8
 2  4 10
  2   6 -10
 2  6 -8
 2  6 -6
 2  6 -4
 2  6 -2
2 6 0
2 6 2
2 6 4
2 6 6
2 6 8
 2  6 10
  2   8 -10
 2  8 -8
 2  8 -6
 2  8 -4
 2  8 -2
2 8 0
2 8 2
2 8 4
2 8 6
2 8 8
 2  8 10
  2  10 -10
 2 10 -8
 2 10 -6
 2 10 -4
 2 10 -2
 2 10  0
 2 10  2
 2 10  4
 2 10  6
 2 10  8
 2 10 10
  4 -10 -10
  4 -10  -8
  4 -10  -6
  4 -10  -4
  4 -10  -2
  4 -10   0
  4 -10   2
  4 -10   4
  4 -10   6
  4 -10   8
  4 -10  10
  4  -8 -10
 4 -8 -8
 4 -8 -6
 4 -8 -4
 4 -8 -2
 4 -8  0
 4 -8  2
 4 -8  4
 4 -8  6
 4 -8  8
 4 -8 10
  4  -6 -10
 4 -6 -8
 4 -6 -6
 4 -6 -4
 4 -6 -2
 4 -6  0
 4 -6  2
 4 -6  4
 4 -6  6
 4 -6  8
 4 -6 10
  4  -4 -10
 4 -4 -8
 4 -4 -6
 4 -4 -4
 4 -4 -2
 4 -4  0
 4 -4  2
 4 -4  4
 4 -4  6
 4 -4  8
 4 -4 10
  4  -2 -10
 4 -2 -8
 4 -2 -6
 4 -2 -4
 4 -2 -2
 4 -2  0
 4 -2  2
 4 -2  4
 4 -2  6
 4 -2  8
 4 -2 10
  4   0 -10
 4  0 -8
 4  0 -6
 4  0 -4
 4  0 -2
4 0 0
4 0 2
4 0 4
4 0 6
4 0 8
 4  0 10
  4   2 -10
 4  2 -8
 4  2 -6
 4  2 -4
 4  2 -2
4 2 0
4 2 2
4 2 4
4 2 6
4 2 8
 4  2 10
  4   4 -10
 4  4 -8
 4  4 -6
 4  4 -4
 4  4 -2
4 4 0
4 4 2
4 4 4
4 4 6
4 4 8
 4  4 10
  4   6 -10
 4  6 -8
 4  6 -6
 4  6 -4
 4  6 -2
4 6 0
4 6 2
4 6 4
4 6 6
4 6 8
 4  6 10
  4   8 -10
 4  8 -8
 4  8 -6
 4  8 -4
 4  8 -2
4 8 0
4 8 2
4 8 4
4 8 6
4 8 8
 4  8 10
  4  10 -10
 4 10 -8
 4 10 -6
 4 10 -4
 4 10 -2
 4 10  0
 4 10  2
 4 10  4
 4 10  6
 4 10  8
 4 10 10
  6 -10 -10
  6 -10  -8
  6 -10  -6
  6 -10  -4
  6 -10  -2
  6 -10   0
  6 -10   2
  6 -10   4
  6 -10   6
  6 -10   8
  6 -10  10
  6  -8 -10
 6 -8 -8
 6 -8 -6
 6 -8 -4
 6 -8 -2
 6 -8  0
 6 -8  2
 6 -8  4
 6 -8  6
 6 -8  8
 6 -8 10
  6  -6 -10
 6 -6 -8
 6 -6 -6
 6 -6 -4
 6 -6 -2
 6 -6  0
 6 -6  2
 6 -6  4
 6 -6  6
 6 -6  8
 6 -6 10
  6  -4 -10
 6 -4 -8
 6 -4 -6
 6 -4 -4
 6 -4 -2
 6 -4  0
 6 -4  2
 6 -4  4
 6 -4  6
 6 -4  8
 6 -4 10
  6  -2 -10
 6 -2 -8
 6 -2 -6
 6 -2 -4
 6 -2 -2
 6 -2  0
 6 -2  2
 6 -2  4
 6 -2  6
 6 -2  8
 6 -2 10
  6   0 -10
 6  0 -8
 6  0 -6
 6  0 -4
 6  0 -2
6 0 0
6 0 2
6 0 4
6 0 6
6 0 8
 6  0 10
  6   2 -10
 6  2 -8
 6  2 -6
 6  2 -4
 6  2 -2
6 2 0
6 2 2
6 2 4
6 2 6
6 2 8
 6  2 10
  6   4 -10
 6  4 -8
 6  4 -6
 6  4 -4
 6  4 -2
6 4 0
6 4 2
6 4 4
6 4 6
6 4 8
 6  4 10
  6   6 -10
 6  6 -8
 6  6 -6
 6  6 -4
 6  6 -2
6 6 0
6 6 2
6 6 4
6 6 6
6 6 8
 6  6 10
  6   8 -10
 6  8 -8
 6  8 -6
 6  8 -4
 6  8 -2
6 8 0
6 8 2
6 8 4
6 8 6
6 8 8
 6  8 10
  6  10 -10
 6 10 -8
 6 10 -6
 6 10 -4
 6 10 -2
 6 10  0
 6 10  2
 6 10  4
 6 10  6
 6 10  8
 6 10 10
  8 -10 -10
  8 -10  -8
  8 -10  -6
  8 -10  -4
  8 -10  -2
  8 -10   0
  8 -10   2
  8 -10   4
  8 -10   6
  8 -10   8
  8 -10  10
  8  -8 -10
 8 -8 -8
 8 -8 -6
 8 -8 -4
 8 -8 -2
 8 -8  0
 8 -8  2
 8 -8  4
 8 -8  6
 8 -8  8
 8 -8 10
  8  -6 -10
 8 -6 -8
 8 -6 -6
 8 -6 -4
 8 -6 -2
 8 -6  0
 8 -6  2
 8 -6  4
 8 -6  6
 8 -6  8
 8 -6 10
  8  -4 -10
 8 -4 -8
 8 -4 -6
 8 -4 -4
 8 -4 -2
 8 -4  0
 8 -4  2
 8 -4  4
 8 -4  6
 8 -4  8
 8 -4 10
  8  -2 -10
 8 -2 -8
 8 -2 -6
 8 -2 -4
 8 -2 -2
 8 -2  0
 8 -2  2
 8 -2  4
 8 -2  6
 8 -2  8
 8 -2 10
  8   0 -10
 8  0 -8
 8  0 -6
 8  0 -4
 8  0 -2
8 0 0
8 0 2
8 0 4
8 0 6
8 0 8
 8  0 10
  8   2 -10
 8  2 -8
 8  2 -6
 8  2 -4
 8  2 -2
8 2 0
8 2 2
8 2 4
8 2 6
8 2 8
 8  2 10
  8   4 -10
 8  4 -8
 8  4 -6
 8  4 -4
 8  4 -2
8 4 0
8 4 2
8 4 4
8 4 6
8 4 8
 8  4 10
  8   6 -10
 8  6 -8
 8  6 -6
 8  6 -4
 8  6 -2
8 6 0
8 6 2
8 6 4
8 6 6
8 6 8
 8  6 10
  8   8 -10
 8  8 -8
 8  8 -6
 8  8 -4
 8  8 -2
8 8 0
8 8 2
8 8 4
8 8 6
8 8 8
 8  8 10
  8  10 -10
 8 10 -8
 8 10 -6
 8 10 -4
 8 10 -2
 8 10  0
 8 10  2
 8 10  4
 8 10  6
 8 10  8
 8 10 10
 10 -10 -10
 10 -10  -8
 10 -10  -6
 10 -10  -4
 10 -10  -2
 10 -10   0
 10 -10   2
 10 -10   4
 10 -10   6
 10 -10   8
 10 -10  10
 10  -8 -10
10 -8 -8
10 -8 -6
10 -8 -4
10 -8 -2
10 -8  0
10 -8  2
10 -8  4
10 -8  6
10 -8  8
10 -8 10
 10  -6 -10
10 -6 -8
10 -6 -6
10 -6 -4
10 -6 -2
10 -6  0
10 -6  2
10 -6  4
10 -6  6
10 -6  8
10 -6 10
 10  -4 -10
10 -4 -8
10 -4 -6
10 -4 -4
10 -4 -2
10 -4  0
10 -4  2
10 -4  4
10 -4  6
10 -4  8
10 -4 10
 10  -2 -10
10 -2 -8
10 -2 -6
10 -2 -4
10 -2 -2
10 -2  0
10 -2  2
10 -2  4
10 -2  6
10 -2  8
10 -2 10
 10   0 -10
10  0 -8
10  0 -6
10  0 -4
10  0 -2
10  0  0
10  0  2
10  0  4
10  0  6
10  0  8
10  0 10
 10   2 -10
10  2 -8
10  2 -6
10  2 -4
10  2 -2
10  2  0
10  2  2
10  2  4
10  2  6
10  2  8
10  2 10
 10   4 -10
10  4 -8
10  4 -6
10  4 -4
10  4 -2
10  4  0
10  4  2
10  4  4
10  4  6
10  4  8
10  4 10
 10   6 -10
10  6 -8
10  6 -6
10  6 -4
10  6 -2
10  6  0
10  6  2
10  6  4
10  6  6
10  6  8
10  6 10
 10   8 -10
10  8 -8
10  8 -6
10  8 -4
10  8 -2
10  8  0
10  8  2
10  8  4
10  8  6
10  8  8
10  8 10
 10  10 -10
10 10 -8
10 10 -6
10 10 -4
10 10 -2
10 10  0
10 10  2
10 10  4
10 10  6
10 10  8
10 10 10

pickup point :
212
1321
52
795
722
76
841
564
1121
1207
563
873
1239
458
339
592
1052
926
742
382
194
771
751
195
200
26
738
915
517
1237

0.866025403784439              -0.5                 0
              0.5 0.866025403784439                 0
                0                 0                 1


correlation_C
  9.97849328272869  -6.56865429849741  -2.11083627251995
   3.3547180982955   9.20929189094318 -0.409606724433865
 -2.03284119744886  0.700688307339316   11.1532552064142


Matrix_R
   0.888459767259644   -0.458954264040365 0.000474847457033911
   0.458951192043098    0.888448935380012 -0.00472149810379571
 0.00174507396972617  0.00441279291285968    0.999988740924391

Rotation matrix Eigenvalue :
 (0.888448721782023,0.458975891266513)
(0.888448721782023,-0.458975891266513)
                                 (1,0)
Eigen vec
      (0.628197012493701,0.324528896976675)      (0.628197012493701,-0.324528896976675)                     (0.00995073073604126,0)
     (0.324553305143655,-0.628223045360577)       (0.324553305143655,0.628223045360577)                    (-0.00138376169300182,0)
(-0.00580220771065057,-0.00409881751052424)  (-0.00580220771065057,0.00409881751052424)                       (0.999949532807229,0)
Rotation_axis
 0.00995073073604126
-0.00138376169300182
   0.999949532807229

Rotation_degree: 
27.3210433608981

