
default_dir_path: ../../ply_data/check_1130/

corresp_img_file_name: 

corresp_ply_file_name: 
t0_0_5.0.dat
img.dat

img_file_path: 

ply_file_path: 
Rotation Point
Point: corresp_plypoint
-3.66025403784439 -13.6602540378444                -5
-3.66025403784439 -13.6602540378444                -3
-3.66025403784439 -13.6602540378444                -1
-3.66025403784439 -13.6602540378444                 1
-3.66025403784439 -13.6602540378444                 3
-3.66025403784439 -13.6602540378444                 5
-3.66025403784439 -13.6602540378444                 7
-3.66025403784439 -13.6602540378444                 9
-3.66025403784439 -13.6602540378444                11
-3.66025403784439 -13.6602540378444                13
-3.66025403784439 -13.6602540378444                15
-4.66025403784439 -11.9282032302755                -5
-4.66025403784439 -11.9282032302755                -3
-4.66025403784439 -11.9282032302755                -1
-4.66025403784439 -11.9282032302755                 1
-4.66025403784439 -11.9282032302755                 3
-4.66025403784439 -11.9282032302755                 5
-4.66025403784439 -11.9282032302755                 7
-4.66025403784439 -11.9282032302755                 9
-4.66025403784439 -11.9282032302755                11
-4.66025403784439 -11.9282032302755                13
-4.66025403784439 -11.9282032302755                15
-5.66025403784439 -10.1961524227066                -5
-5.66025403784439 -10.1961524227066                -3
-5.66025403784439 -10.1961524227066                -1
-5.66025403784439 -10.1961524227066                 1
-5.66025403784439 -10.1961524227066                 3
-5.66025403784439 -10.1961524227066                 5
-5.66025403784439 -10.1961524227066                 7
-5.66025403784439 -10.1961524227066                 9
-5.66025403784439 -10.1961524227066                11
-5.66025403784439 -10.1961524227066                13
-5.66025403784439 -10.1961524227066                15
-6.66025403784439 -8.46410161513775                -5
-6.66025403784439 -8.46410161513775                -3
-6.66025403784439 -8.46410161513775                -1
-6.66025403784439 -8.46410161513775                 1
-6.66025403784439 -8.46410161513775                 3
-6.66025403784439 -8.46410161513775                 5
-6.66025403784439 -8.46410161513775                 7
-6.66025403784439 -8.46410161513775                 9
-6.66025403784439 -8.46410161513775                11
-6.66025403784439 -8.46410161513775                13
-6.66025403784439 -8.46410161513775                15
-7.66025403784439 -6.73205080756888                -5
-7.66025403784439 -6.73205080756888                -3
-7.66025403784439 -6.73205080756888                -1
-7.66025403784439 -6.73205080756888                 1
-7.66025403784439 -6.73205080756888                 3
-7.66025403784439 -6.73205080756888                 5
-7.66025403784439 -6.73205080756888                 7
-7.66025403784439 -6.73205080756888                 9
-7.66025403784439 -6.73205080756888                11
-7.66025403784439 -6.73205080756888                13
-7.66025403784439 -6.73205080756888                15
-8.66025403784439                -5                -5
-8.66025403784439                -5                -3
-8.66025403784439                -5                -1
-8.66025403784439                -5                 1
-8.66025403784439                -5                 3
-8.66025403784439                -5                 5
-8.66025403784439                -5                 7
-8.66025403784439                -5                 9
-8.66025403784439                -5                11
-8.66025403784439                -5                13
-8.66025403784439                -5                15
-9.66025403784439 -3.26794919243112                -5
-9.66025403784439 -3.26794919243112                -3
-9.66025403784439 -3.26794919243112                -1
-9.66025403784439 -3.26794919243112                 1
-9.66025403784439 -3.26794919243112                 3
-9.66025403784439 -3.26794919243112                 5
-9.66025403784439 -3.26794919243112                 7
-9.66025403784439 -3.26794919243112                 9
-9.66025403784439 -3.26794919243112                11
-9.66025403784439 -3.26794919243112                13
-9.66025403784439 -3.26794919243112                15
-10.6602540378444 -1.53589838486224                -5
-10.6602540378444 -1.53589838486224                -3
-10.6602540378444 -1.53589838486224                -1
-10.6602540378444 -1.53589838486224                 1
-10.6602540378444 -1.53589838486224                 3
-10.6602540378444 -1.53589838486224                 5
-10.6602540378444 -1.53589838486224                 7
-10.6602540378444 -1.53589838486224                 9
-10.6602540378444 -1.53589838486224                11
-10.6602540378444 -1.53589838486224                13
-10.6602540378444 -1.53589838486224                15
-11.6602540378444 0.196152422706633                -5
-11.6602540378444 0.196152422706633                -3
-11.6602540378444 0.196152422706633                -1
-11.6602540378444 0.196152422706633                 1
-11.6602540378444 0.196152422706633                 3
-11.6602540378444 0.196152422706633                 5
-11.6602540378444 0.196152422706633                 7
-11.6602540378444 0.196152422706633                 9
-11.6602540378444 0.196152422706633                11
-11.6602540378444 0.196152422706633                13
-11.6602540378444 0.196152422706633                15
-12.6602540378444  1.92820323027551                -5
-12.6602540378444  1.92820323027551                -3
-12.6602540378444  1.92820323027551                -1
-12.6602540378444  1.92820323027551                 1
-12.6602540378444  1.92820323027551                 3
-12.6602540378444  1.92820323027551                 5
-12.6602540378444  1.92820323027551                 7
-12.6602540378444  1.92820323027551                 9
-12.6602540378444  1.92820323027551                11
-12.6602540378444  1.92820323027551                13
-12.6602540378444  1.92820323027551                15
-13.6602540378444  3.66025403784439                -5
-13.6602540378444  3.66025403784439                -3
-13.6602540378444  3.66025403784439                -1
-13.6602540378444  3.66025403784439                 1
-13.6602540378444  3.66025403784439                 3
-13.6602540378444  3.66025403784439                 5
-13.6602540378444  3.66025403784439                 7
-13.6602540378444  3.66025403784439                 9
-13.6602540378444  3.66025403784439                11
-13.6602540378444  3.66025403784439                13
-13.6602540378444  3.66025403784439                15
-1.92820323027551 -12.6602540378444                -5
-1.92820323027551 -12.6602540378444                -3
-1.92820323027551 -12.6602540378444                -1
-1.92820323027551 -12.6602540378444                 1
-1.92820323027551 -12.6602540378444                 3
-1.92820323027551 -12.6602540378444                 5
-1.92820323027551 -12.6602540378444                 7
-1.92820323027551 -12.6602540378444                 9
-1.92820323027551 -12.6602540378444                11
-1.92820323027551 -12.6602540378444                13
-1.92820323027551 -12.6602540378444                15
-2.92820323027551 -10.9282032302755                -5
-2.92820323027551 -10.9282032302755                -3
-2.92820323027551 -10.9282032302755                -1
-2.92820323027551 -10.9282032302755                 1
-2.92820323027551 -10.9282032302755                 3
-2.92820323027551 -10.9282032302755                 5
-2.92820323027551 -10.9282032302755                 7
-2.92820323027551 -10.9282032302755                 9
-2.92820323027551 -10.9282032302755                11
-2.92820323027551 -10.9282032302755                13
-2.92820323027551 -10.9282032302755                15
-3.92820323027551 -9.19615242270663                -5
-3.92820323027551 -9.19615242270663                -3
-3.92820323027551 -9.19615242270663                -1
-3.92820323027551 -9.19615242270663                 1
-3.92820323027551 -9.19615242270663                 3
-3.92820323027551 -9.19615242270663                 5
-3.92820323027551 -9.19615242270663                 7
-3.92820323027551 -9.19615242270663                 9
-3.92820323027551 -9.19615242270663                11
-3.92820323027551 -9.19615242270663                13
-3.92820323027551 -9.19615242270663                15
-4.92820323027551 -7.46410161513775                -5
-4.92820323027551 -7.46410161513775                -3
-4.92820323027551 -7.46410161513775                -1
-4.92820323027551 -7.46410161513775                 1
-4.92820323027551 -7.46410161513775                 3
-4.92820323027551 -7.46410161513775                 5
-4.92820323027551 -7.46410161513775                 7
-4.92820323027551 -7.46410161513775                 9
-4.92820323027551 -7.46410161513775                11
-4.92820323027551 -7.46410161513775                13
-4.92820323027551 -7.46410161513775                15
-5.92820323027551 -5.73205080756888                -5
-5.92820323027551 -5.73205080756888                -3
-5.92820323027551 -5.73205080756888                -1
-5.92820323027551 -5.73205080756888                 1
-5.92820323027551 -5.73205080756888                 3
-5.92820323027551 -5.73205080756888                 5
-5.92820323027551 -5.73205080756888                 7
-5.92820323027551 -5.73205080756888                 9
-5.92820323027551 -5.73205080756888                11
-5.92820323027551 -5.73205080756888                13
-5.92820323027551 -5.73205080756888                15
-6.92820323027551                -4                -5
-6.92820323027551                -4                -3
-6.92820323027551                -4                -1
-6.92820323027551                -4                 1
-6.92820323027551                -4                 3
-6.92820323027551                -4                 5
-6.92820323027551                -4                 7
-6.92820323027551                -4                 9
-6.92820323027551                -4                11
-6.92820323027551                -4                13
-6.92820323027551                -4                15
-7.92820323027551 -2.26794919243112                -5
-7.92820323027551 -2.26794919243112                -3
-7.92820323027551 -2.26794919243112                -1
-7.92820323027551 -2.26794919243112                 1
-7.92820323027551 -2.26794919243112                 3
-7.92820323027551 -2.26794919243112                 5
-7.92820323027551 -2.26794919243112                 7
-7.92820323027551 -2.26794919243112                 9
-7.92820323027551 -2.26794919243112                11
-7.92820323027551 -2.26794919243112                13
-7.92820323027551 -2.26794919243112                15
 -8.92820323027551 -0.535898384862245                 -5
 -8.92820323027551 -0.535898384862245                 -3
 -8.92820323027551 -0.535898384862245                 -1
 -8.92820323027551 -0.535898384862245                  1
 -8.92820323027551 -0.535898384862245                  3
 -8.92820323027551 -0.535898384862245                  5
 -8.92820323027551 -0.535898384862245                  7
 -8.92820323027551 -0.535898384862245                  9
 -8.92820323027551 -0.535898384862245                 11
 -8.92820323027551 -0.535898384862245                 13
 -8.92820323027551 -0.535898384862245                 15
-9.92820323027551  1.19615242270663                -5
-9.92820323027551  1.19615242270663                -3
-9.92820323027551  1.19615242270663                -1
-9.92820323027551  1.19615242270663                 1
-9.92820323027551  1.19615242270663                 3
-9.92820323027551  1.19615242270663                 5
-9.92820323027551  1.19615242270663                 7
-9.92820323027551  1.19615242270663                 9
-9.92820323027551  1.19615242270663                11
-9.92820323027551  1.19615242270663                13
-9.92820323027551  1.19615242270663                15
-10.9282032302755  2.92820323027551                -5
-10.9282032302755  2.92820323027551                -3
-10.9282032302755  2.92820323027551                -1
-10.9282032302755  2.92820323027551                 1
-10.9282032302755  2.92820323027551                 3
-10.9282032302755  2.92820323027551                 5
-10.9282032302755  2.92820323027551                 7
-10.9282032302755  2.92820323027551                 9
-10.9282032302755  2.92820323027551                11
-10.9282032302755  2.92820323027551                13
-10.9282032302755  2.92820323027551                15
-11.9282032302755  4.66025403784439                -5
-11.9282032302755  4.66025403784439                -3
-11.9282032302755  4.66025403784439                -1
-11.9282032302755  4.66025403784439                 1
-11.9282032302755  4.66025403784439                 3
-11.9282032302755  4.66025403784439                 5
-11.9282032302755  4.66025403784439                 7
-11.9282032302755  4.66025403784439                 9
-11.9282032302755  4.66025403784439                11
-11.9282032302755  4.66025403784439                13
-11.9282032302755  4.66025403784439                15
-0.196152422706633  -11.6602540378444                 -5
-0.196152422706633  -11.6602540378444                 -3
-0.196152422706633  -11.6602540378444                 -1
-0.196152422706633  -11.6602540378444                  1
-0.196152422706633  -11.6602540378444                  3
-0.196152422706633  -11.6602540378444                  5
-0.196152422706633  -11.6602540378444                  7
-0.196152422706633  -11.6602540378444                  9
-0.196152422706633  -11.6602540378444                 11
-0.196152422706633  -11.6602540378444                 13
-0.196152422706633  -11.6602540378444                 15
-1.19615242270663 -9.92820323027551                -5
-1.19615242270663 -9.92820323027551                -3
-1.19615242270663 -9.92820323027551                -1
-1.19615242270663 -9.92820323027551                 1
-1.19615242270663 -9.92820323027551                 3
-1.19615242270663 -9.92820323027551                 5
-1.19615242270663 -9.92820323027551                 7
-1.19615242270663 -9.92820323027551                 9
-1.19615242270663 -9.92820323027551                11
-1.19615242270663 -9.92820323027551                13
-1.19615242270663 -9.92820323027551                15
-2.19615242270663 -8.19615242270663                -5
-2.19615242270663 -8.19615242270663                -3
-2.19615242270663 -8.19615242270663                -1
-2.19615242270663 -8.19615242270663                 1
-2.19615242270663 -8.19615242270663                 3
-2.19615242270663 -8.19615242270663                 5
-2.19615242270663 -8.19615242270663                 7
-2.19615242270663 -8.19615242270663                 9
-2.19615242270663 -8.19615242270663                11
-2.19615242270663 -8.19615242270663                13
-2.19615242270663 -8.19615242270663                15
-3.19615242270663 -6.46410161513775                -5
-3.19615242270663 -6.46410161513775                -3
-3.19615242270663 -6.46410161513775                -1
-3.19615242270663 -6.46410161513775                 1
-3.19615242270663 -6.46410161513775                 3
-3.19615242270663 -6.46410161513775                 5
-3.19615242270663 -6.46410161513775                 7
-3.19615242270663 -6.46410161513775                 9
-3.19615242270663 -6.46410161513775                11
-3.19615242270663 -6.46410161513775                13
-3.19615242270663 -6.46410161513775                15
-4.19615242270663 -4.73205080756888                -5
-4.19615242270663 -4.73205080756888                -3
-4.19615242270663 -4.73205080756888                -1
-4.19615242270663 -4.73205080756888                 1
-4.19615242270663 -4.73205080756888                 3
-4.19615242270663 -4.73205080756888                 5
-4.19615242270663 -4.73205080756888                 7
-4.19615242270663 -4.73205080756888                 9
-4.19615242270663 -4.73205080756888                11
-4.19615242270663 -4.73205080756888                13
-4.19615242270663 -4.73205080756888                15
-5.19615242270663                -3                -5
-5.19615242270663                -3                -3
-5.19615242270663                -3                -1
-5.19615242270663                -3                 1
-5.19615242270663                -3                 3
-5.19615242270663                -3                 5
-5.19615242270663                -3                 7
-5.19615242270663                -3                 9
-5.19615242270663                -3                11
-5.19615242270663                -3                13
-5.19615242270663                -3                15
-6.19615242270663 -1.26794919243112                -5
-6.19615242270663 -1.26794919243112                -3
-6.19615242270663 -1.26794919243112                -1
-6.19615242270663 -1.26794919243112                 1
-6.19615242270663 -1.26794919243112                 3
-6.19615242270663 -1.26794919243112                 5
-6.19615242270663 -1.26794919243112                 7
-6.19615242270663 -1.26794919243112                 9
-6.19615242270663 -1.26794919243112                11
-6.19615242270663 -1.26794919243112                13
-6.19615242270663 -1.26794919243112                15
-7.19615242270663 0.464101615137755                -5
-7.19615242270663 0.464101615137755                -3
-7.19615242270663 0.464101615137755                -1
-7.19615242270663 0.464101615137755                 1
-7.19615242270663 0.464101615137755                 3
-7.19615242270663 0.464101615137755                 5
-7.19615242270663 0.464101615137755                 7
-7.19615242270663 0.464101615137755                 9
-7.19615242270663 0.464101615137755                11
-7.19615242270663 0.464101615137755                13
-7.19615242270663 0.464101615137755                15
-8.19615242270663  2.19615242270663                -5
-8.19615242270663  2.19615242270663                -3
-8.19615242270663  2.19615242270663                -1
-8.19615242270663  2.19615242270663                 1
-8.19615242270663  2.19615242270663                 3
-8.19615242270663  2.19615242270663                 5
-8.19615242270663  2.19615242270663                 7
-8.19615242270663  2.19615242270663                 9
-8.19615242270663  2.19615242270663                11
-8.19615242270663  2.19615242270663                13
-8.19615242270663  2.19615242270663                15
-9.19615242270663  3.92820323027551                -5
-9.19615242270663  3.92820323027551                -3
-9.19615242270663  3.92820323027551                -1
-9.19615242270663  3.92820323027551                 1
-9.19615242270663  3.92820323027551                 3
-9.19615242270663  3.92820323027551                 5
-9.19615242270663  3.92820323027551                 7
-9.19615242270663  3.92820323027551                 9
-9.19615242270663  3.92820323027551                11
-9.19615242270663  3.92820323027551                13
-9.19615242270663  3.92820323027551                15
-10.1961524227066  5.66025403784439                -5
-10.1961524227066  5.66025403784439                -3
-10.1961524227066  5.66025403784439                -1
-10.1961524227066  5.66025403784439                 1
-10.1961524227066  5.66025403784439                 3
-10.1961524227066  5.66025403784439                 5
-10.1961524227066  5.66025403784439                 7
-10.1961524227066  5.66025403784439                 9
-10.1961524227066  5.66025403784439                11
-10.1961524227066  5.66025403784439                13
-10.1961524227066  5.66025403784439                15
 1.53589838486224 -10.6602540378444                -5
 1.53589838486224 -10.6602540378444                -3
 1.53589838486224 -10.6602540378444                -1
 1.53589838486224 -10.6602540378444                 1
 1.53589838486224 -10.6602540378444                 3
 1.53589838486224 -10.6602540378444                 5
 1.53589838486224 -10.6602540378444                 7
 1.53589838486224 -10.6602540378444                 9
 1.53589838486224 -10.6602540378444                11
 1.53589838486224 -10.6602540378444                13
 1.53589838486224 -10.6602540378444                15
0.535898384862245 -8.92820323027551                -5
0.535898384862245 -8.92820323027551                -3
0.535898384862245 -8.92820323027551                -1
0.535898384862245 -8.92820323027551                 1
0.535898384862245 -8.92820323027551                 3
0.535898384862245 -8.92820323027551                 5
0.535898384862245 -8.92820323027551                 7
0.535898384862245 -8.92820323027551                 9
0.535898384862245 -8.92820323027551                11
0.535898384862245 -8.92820323027551                13
0.535898384862245 -8.92820323027551                15
-0.464101615137755  -7.19615242270663                 -5
-0.464101615137755  -7.19615242270663                 -3
-0.464101615137755  -7.19615242270663                 -1
-0.464101615137755  -7.19615242270663                  1
-0.464101615137755  -7.19615242270663                  3
-0.464101615137755  -7.19615242270663                  5
-0.464101615137755  -7.19615242270663                  7
-0.464101615137755  -7.19615242270663                  9
-0.464101615137755  -7.19615242270663                 11
-0.464101615137755  -7.19615242270663                 13
-0.464101615137755  -7.19615242270663                 15
-1.46410161513776 -5.46410161513775                -5
-1.46410161513776 -5.46410161513775                -3
-1.46410161513776 -5.46410161513775                -1
-1.46410161513776 -5.46410161513775                 1
-1.46410161513776 -5.46410161513775                 3
-1.46410161513776 -5.46410161513775                 5
-1.46410161513776 -5.46410161513775                 7
-1.46410161513776 -5.46410161513775                 9
-1.46410161513776 -5.46410161513775                11
-1.46410161513776 -5.46410161513775                13
-1.46410161513776 -5.46410161513775                15
-2.46410161513775 -3.73205080756888                -5
-2.46410161513775 -3.73205080756888                -3
-2.46410161513775 -3.73205080756888                -1
-2.46410161513775 -3.73205080756888                 1
-2.46410161513775 -3.73205080756888                 3
-2.46410161513775 -3.73205080756888                 5
-2.46410161513775 -3.73205080756888                 7
-2.46410161513775 -3.73205080756888                 9
-2.46410161513775 -3.73205080756888                11
-2.46410161513775 -3.73205080756888                13
-2.46410161513775 -3.73205080756888                15
-3.46410161513775                -2                -5
-3.46410161513775                -2                -3
-3.46410161513775                -2                -1
-3.46410161513775                -2                 1
-3.46410161513775                -2                 3
-3.46410161513775                -2                 5
-3.46410161513775                -2                 7
-3.46410161513775                -2                 9
-3.46410161513775                -2                11
-3.46410161513775                -2                13
-3.46410161513775                -2                15
 -4.46410161513775 -0.267949192431122                 -5
 -4.46410161513775 -0.267949192431122                 -3
 -4.46410161513775 -0.267949192431122                 -1
 -4.46410161513775 -0.267949192431122                  1
 -4.46410161513775 -0.267949192431122                  3
 -4.46410161513775 -0.267949192431122                  5
 -4.46410161513775 -0.267949192431122                  7
 -4.46410161513775 -0.267949192431122                  9
 -4.46410161513775 -0.267949192431122                 11
 -4.46410161513775 -0.267949192431122                 13
 -4.46410161513775 -0.267949192431122                 15
-5.46410161513775  1.46410161513776                -5
-5.46410161513775  1.46410161513776                -3
-5.46410161513775  1.46410161513776                -1
-5.46410161513775  1.46410161513776                 1
-5.46410161513775  1.46410161513776                 3
-5.46410161513775  1.46410161513776                 5
-5.46410161513775  1.46410161513776                 7
-5.46410161513775  1.46410161513776                 9
-5.46410161513775  1.46410161513776                11
-5.46410161513775  1.46410161513776                13
-5.46410161513775  1.46410161513776                15
-6.46410161513775  3.19615242270663                -5
-6.46410161513775  3.19615242270663                -3
-6.46410161513775  3.19615242270663                -1
-6.46410161513775  3.19615242270663                 1
-6.46410161513775  3.19615242270663                 3
-6.46410161513775  3.19615242270663                 5
-6.46410161513775  3.19615242270663                 7
-6.46410161513775  3.19615242270663                 9
-6.46410161513775  3.19615242270663                11
-6.46410161513775  3.19615242270663                13
-6.46410161513775  3.19615242270663                15
-7.46410161513775  4.92820323027551                -5
-7.46410161513775  4.92820323027551                -3
-7.46410161513775  4.92820323027551                -1
-7.46410161513775  4.92820323027551                 1
-7.46410161513775  4.92820323027551                 3
-7.46410161513775  4.92820323027551                 5
-7.46410161513775  4.92820323027551                 7
-7.46410161513775  4.92820323027551                 9
-7.46410161513775  4.92820323027551                11
-7.46410161513775  4.92820323027551                13
-7.46410161513775  4.92820323027551                15
-8.46410161513775  6.66025403784439                -5
-8.46410161513775  6.66025403784439                -3
-8.46410161513775  6.66025403784439                -1
-8.46410161513775  6.66025403784439                 1
-8.46410161513775  6.66025403784439                 3
-8.46410161513775  6.66025403784439                 5
-8.46410161513775  6.66025403784439                 7
-8.46410161513775  6.66025403784439                 9
-8.46410161513775  6.66025403784439                11
-8.46410161513775  6.66025403784439                13
-8.46410161513775  6.66025403784439                15
 3.26794919243112 -9.66025403784439                -5
 3.26794919243112 -9.66025403784439                -3
 3.26794919243112 -9.66025403784439                -1
 3.26794919243112 -9.66025403784439                 1
 3.26794919243112 -9.66025403784439                 3
 3.26794919243112 -9.66025403784439                 5
 3.26794919243112 -9.66025403784439                 7
 3.26794919243112 -9.66025403784439                 9
 3.26794919243112 -9.66025403784439                11
 3.26794919243112 -9.66025403784439                13
 3.26794919243112 -9.66025403784439                15
 2.26794919243112 -7.92820323027551                -5
 2.26794919243112 -7.92820323027551                -3
 2.26794919243112 -7.92820323027551                -1
 2.26794919243112 -7.92820323027551                 1
 2.26794919243112 -7.92820323027551                 3
 2.26794919243112 -7.92820323027551                 5
 2.26794919243112 -7.92820323027551                 7
 2.26794919243112 -7.92820323027551                 9
 2.26794919243112 -7.92820323027551                11
 2.26794919243112 -7.92820323027551                13
 2.26794919243112 -7.92820323027551                15
 1.26794919243112 -6.19615242270663                -5
 1.26794919243112 -6.19615242270663                -3
 1.26794919243112 -6.19615242270663                -1
 1.26794919243112 -6.19615242270663                 1
 1.26794919243112 -6.19615242270663                 3
 1.26794919243112 -6.19615242270663                 5
 1.26794919243112 -6.19615242270663                 7
 1.26794919243112 -6.19615242270663                 9
 1.26794919243112 -6.19615242270663                11
 1.26794919243112 -6.19615242270663                13
 1.26794919243112 -6.19615242270663                15
0.267949192431122 -4.46410161513775                -5
0.267949192431122 -4.46410161513775                -3
0.267949192431122 -4.46410161513775                -1
0.267949192431122 -4.46410161513775                 1
0.267949192431122 -4.46410161513775                 3
0.267949192431122 -4.46410161513775                 5
0.267949192431122 -4.46410161513775                 7
0.267949192431122 -4.46410161513775                 9
0.267949192431122 -4.46410161513775                11
0.267949192431122 -4.46410161513775                13
0.267949192431122 -4.46410161513775                15
-0.732050807568878  -2.73205080756888                 -5
-0.732050807568878  -2.73205080756888                 -3
-0.732050807568878  -2.73205080756888                 -1
-0.732050807568878  -2.73205080756888                  1
-0.732050807568878  -2.73205080756888                  3
-0.732050807568878  -2.73205080756888                  5
-0.732050807568878  -2.73205080756888                  7
-0.732050807568878  -2.73205080756888                  9
-0.732050807568878  -2.73205080756888                 11
-0.732050807568878  -2.73205080756888                 13
-0.732050807568878  -2.73205080756888                 15
-1.73205080756888                -1                -5
-1.73205080756888                -1                -3
-1.73205080756888                -1                -1
-1.73205080756888                -1                 1
-1.73205080756888                -1                 3
-1.73205080756888                -1                 5
-1.73205080756888                -1                 7
-1.73205080756888                -1                 9
-1.73205080756888                -1                11
-1.73205080756888                -1                13
-1.73205080756888                -1                15
-2.73205080756888 0.732050807568878                -5
-2.73205080756888 0.732050807568878                -3
-2.73205080756888 0.732050807568878                -1
-2.73205080756888 0.732050807568878                 1
-2.73205080756888 0.732050807568878                 3
-2.73205080756888 0.732050807568878                 5
-2.73205080756888 0.732050807568878                 7
-2.73205080756888 0.732050807568878                 9
-2.73205080756888 0.732050807568878                11
-2.73205080756888 0.732050807568878                13
-2.73205080756888 0.732050807568878                15
-3.73205080756888  2.46410161513775                -5
-3.73205080756888  2.46410161513775                -3
-3.73205080756888  2.46410161513775                -1
-3.73205080756888  2.46410161513775                 1
-3.73205080756888  2.46410161513775                 3
-3.73205080756888  2.46410161513775                 5
-3.73205080756888  2.46410161513775                 7
-3.73205080756888  2.46410161513775                 9
-3.73205080756888  2.46410161513775                11
-3.73205080756888  2.46410161513775                13
-3.73205080756888  2.46410161513775                15
-4.73205080756888  4.19615242270663                -5
-4.73205080756888  4.19615242270663                -3
-4.73205080756888  4.19615242270663                -1
-4.73205080756888  4.19615242270663                 1
-4.73205080756888  4.19615242270663                 3
-4.73205080756888  4.19615242270663                 5
-4.73205080756888  4.19615242270663                 7
-4.73205080756888  4.19615242270663                 9
-4.73205080756888  4.19615242270663                11
-4.73205080756888  4.19615242270663                13
-4.73205080756888  4.19615242270663                15
-5.73205080756888  5.92820323027551                -5
-5.73205080756888  5.92820323027551                -3
-5.73205080756888  5.92820323027551                -1
-5.73205080756888  5.92820323027551                 1
-5.73205080756888  5.92820323027551                 3
-5.73205080756888  5.92820323027551                 5
-5.73205080756888  5.92820323027551                 7
-5.73205080756888  5.92820323027551                 9
-5.73205080756888  5.92820323027551                11
-5.73205080756888  5.92820323027551                13
-5.73205080756888  5.92820323027551                15
-6.73205080756888  7.66025403784439                -5
-6.73205080756888  7.66025403784439                -3
-6.73205080756888  7.66025403784439                -1
-6.73205080756888  7.66025403784439                 1
-6.73205080756888  7.66025403784439                 3
-6.73205080756888  7.66025403784439                 5
-6.73205080756888  7.66025403784439                 7
-6.73205080756888  7.66025403784439                 9
-6.73205080756888  7.66025403784439                11
-6.73205080756888  7.66025403784439                13
-6.73205080756888  7.66025403784439                15
                5 -8.66025403784439                -5
                5 -8.66025403784439                -3
                5 -8.66025403784439                -1
                5 -8.66025403784439                 1
                5 -8.66025403784439                 3
                5 -8.66025403784439                 5
                5 -8.66025403784439                 7
                5 -8.66025403784439                 9
                5 -8.66025403784439                11
                5 -8.66025403784439                13
                5 -8.66025403784439                15
                4 -6.92820323027551                -5
                4 -6.92820323027551                -3
                4 -6.92820323027551                -1
                4 -6.92820323027551                 1
                4 -6.92820323027551                 3
                4 -6.92820323027551                 5
                4 -6.92820323027551                 7
                4 -6.92820323027551                 9
                4 -6.92820323027551                11
                4 -6.92820323027551                13
                4 -6.92820323027551                15
                3 -5.19615242270663                -5
                3 -5.19615242270663                -3
                3 -5.19615242270663                -1
                3 -5.19615242270663                 1
                3 -5.19615242270663                 3
                3 -5.19615242270663                 5
                3 -5.19615242270663                 7
                3 -5.19615242270663                 9
                3 -5.19615242270663                11
                3 -5.19615242270663                13
                3 -5.19615242270663                15
                2 -3.46410161513775                -5
                2 -3.46410161513775                -3
                2 -3.46410161513775                -1
                2 -3.46410161513775                 1
                2 -3.46410161513775                 3
                2 -3.46410161513775                 5
                2 -3.46410161513775                 7
                2 -3.46410161513775                 9
                2 -3.46410161513775                11
                2 -3.46410161513775                13
                2 -3.46410161513775                15
                1 -1.73205080756888                -5
                1 -1.73205080756888                -3
                1 -1.73205080756888                -1
                1 -1.73205080756888                 1
                1 -1.73205080756888                 3
                1 -1.73205080756888                 5
                1 -1.73205080756888                 7
                1 -1.73205080756888                 9
                1 -1.73205080756888                11
                1 -1.73205080756888                13
                1 -1.73205080756888                15
 0  0 -5
 0  0 -3
 0  0 -1
0 0 1
0 0 3
0 0 5
0 0 7
0 0 9
 0  0 11
 0  0 13
 0  0 15
              -1 1.73205080756888               -5
              -1 1.73205080756888               -3
              -1 1.73205080756888               -1
              -1 1.73205080756888                1
              -1 1.73205080756888                3
              -1 1.73205080756888                5
              -1 1.73205080756888                7
              -1 1.73205080756888                9
              -1 1.73205080756888               11
              -1 1.73205080756888               13
              -1 1.73205080756888               15
              -2 3.46410161513775               -5
              -2 3.46410161513775               -3
              -2 3.46410161513775               -1
              -2 3.46410161513775                1
              -2 3.46410161513775                3
              -2 3.46410161513775                5
              -2 3.46410161513775                7
              -2 3.46410161513775                9
              -2 3.46410161513775               11
              -2 3.46410161513775               13
              -2 3.46410161513775               15
              -3 5.19615242270663               -5
              -3 5.19615242270663               -3
              -3 5.19615242270663               -1
              -3 5.19615242270663                1
              -3 5.19615242270663                3
              -3 5.19615242270663                5
              -3 5.19615242270663                7
              -3 5.19615242270663                9
              -3 5.19615242270663               11
              -3 5.19615242270663               13
              -3 5.19615242270663               15
              -4 6.92820323027551               -5
              -4 6.92820323027551               -3
              -4 6.92820323027551               -1
              -4 6.92820323027551                1
              -4 6.92820323027551                3
              -4 6.92820323027551                5
              -4 6.92820323027551                7
              -4 6.92820323027551                9
              -4 6.92820323027551               11
              -4 6.92820323027551               13
              -4 6.92820323027551               15
              -5 8.66025403784439               -5
              -5 8.66025403784439               -3
              -5 8.66025403784439               -1
              -5 8.66025403784439                1
              -5 8.66025403784439                3
              -5 8.66025403784439                5
              -5 8.66025403784439                7
              -5 8.66025403784439                9
              -5 8.66025403784439               11
              -5 8.66025403784439               13
              -5 8.66025403784439               15
 6.73205080756888 -7.66025403784439                -5
 6.73205080756888 -7.66025403784439                -3
 6.73205080756888 -7.66025403784439                -1
 6.73205080756888 -7.66025403784439                 1
 6.73205080756888 -7.66025403784439                 3
 6.73205080756888 -7.66025403784439                 5
 6.73205080756888 -7.66025403784439                 7
 6.73205080756888 -7.66025403784439                 9
 6.73205080756888 -7.66025403784439                11
 6.73205080756888 -7.66025403784439                13
 6.73205080756888 -7.66025403784439                15
 5.73205080756888 -5.92820323027551                -5
 5.73205080756888 -5.92820323027551                -3
 5.73205080756888 -5.92820323027551                -1
 5.73205080756888 -5.92820323027551                 1
 5.73205080756888 -5.92820323027551                 3
 5.73205080756888 -5.92820323027551                 5
 5.73205080756888 -5.92820323027551                 7
 5.73205080756888 -5.92820323027551                 9
 5.73205080756888 -5.92820323027551                11
 5.73205080756888 -5.92820323027551                13
 5.73205080756888 -5.92820323027551                15
 4.73205080756888 -4.19615242270663                -5
 4.73205080756888 -4.19615242270663                -3
 4.73205080756888 -4.19615242270663                -1
 4.73205080756888 -4.19615242270663                 1
 4.73205080756888 -4.19615242270663                 3
 4.73205080756888 -4.19615242270663                 5
 4.73205080756888 -4.19615242270663                 7
 4.73205080756888 -4.19615242270663                 9
 4.73205080756888 -4.19615242270663                11
 4.73205080756888 -4.19615242270663                13
 4.73205080756888 -4.19615242270663                15
 3.73205080756888 -2.46410161513775                -5
 3.73205080756888 -2.46410161513775                -3
 3.73205080756888 -2.46410161513775                -1
 3.73205080756888 -2.46410161513775                 1
 3.73205080756888 -2.46410161513775                 3
 3.73205080756888 -2.46410161513775                 5
 3.73205080756888 -2.46410161513775                 7
 3.73205080756888 -2.46410161513775                 9
 3.73205080756888 -2.46410161513775                11
 3.73205080756888 -2.46410161513775                13
 3.73205080756888 -2.46410161513775                15
  2.73205080756888 -0.732050807568878                 -5
  2.73205080756888 -0.732050807568878                 -3
  2.73205080756888 -0.732050807568878                 -1
  2.73205080756888 -0.732050807568878                  1
  2.73205080756888 -0.732050807568878                  3
  2.73205080756888 -0.732050807568878                  5
  2.73205080756888 -0.732050807568878                  7
  2.73205080756888 -0.732050807568878                  9
  2.73205080756888 -0.732050807568878                 11
  2.73205080756888 -0.732050807568878                 13
  2.73205080756888 -0.732050807568878                 15
1.73205080756888                1               -5
1.73205080756888                1               -3
1.73205080756888                1               -1
1.73205080756888                1                1
1.73205080756888                1                3
1.73205080756888                1                5
1.73205080756888                1                7
1.73205080756888                1                9
1.73205080756888                1               11
1.73205080756888                1               13
1.73205080756888                1               15
0.732050807568878  2.73205080756888                -5
0.732050807568878  2.73205080756888                -3
0.732050807568878  2.73205080756888                -1
0.732050807568878  2.73205080756888                 1
0.732050807568878  2.73205080756888                 3
0.732050807568878  2.73205080756888                 5
0.732050807568878  2.73205080756888                 7
0.732050807568878  2.73205080756888                 9
0.732050807568878  2.73205080756888                11
0.732050807568878  2.73205080756888                13
0.732050807568878  2.73205080756888                15
-0.267949192431122   4.46410161513775                 -5
-0.267949192431122   4.46410161513775                 -3
-0.267949192431122   4.46410161513775                 -1
-0.267949192431122   4.46410161513775                  1
-0.267949192431122   4.46410161513775                  3
-0.267949192431122   4.46410161513775                  5
-0.267949192431122   4.46410161513775                  7
-0.267949192431122   4.46410161513775                  9
-0.267949192431122   4.46410161513775                 11
-0.267949192431122   4.46410161513775                 13
-0.267949192431122   4.46410161513775                 15
-1.26794919243112  6.19615242270663                -5
-1.26794919243112  6.19615242270663                -3
-1.26794919243112  6.19615242270663                -1
-1.26794919243112  6.19615242270663                 1
-1.26794919243112  6.19615242270663                 3
-1.26794919243112  6.19615242270663                 5
-1.26794919243112  6.19615242270663                 7
-1.26794919243112  6.19615242270663                 9
-1.26794919243112  6.19615242270663                11
-1.26794919243112  6.19615242270663                13
-1.26794919243112  6.19615242270663                15
-2.26794919243112  7.92820323027551                -5
-2.26794919243112  7.92820323027551                -3
-2.26794919243112  7.92820323027551                -1
-2.26794919243112  7.92820323027551                 1
-2.26794919243112  7.92820323027551                 3
-2.26794919243112  7.92820323027551                 5
-2.26794919243112  7.92820323027551                 7
-2.26794919243112  7.92820323027551                 9
-2.26794919243112  7.92820323027551                11
-2.26794919243112  7.92820323027551                13
-2.26794919243112  7.92820323027551                15
-3.26794919243112  9.66025403784439                -5
-3.26794919243112  9.66025403784439                -3
-3.26794919243112  9.66025403784439                -1
-3.26794919243112  9.66025403784439                 1
-3.26794919243112  9.66025403784439                 3
-3.26794919243112  9.66025403784439                 5
-3.26794919243112  9.66025403784439                 7
-3.26794919243112  9.66025403784439                 9
-3.26794919243112  9.66025403784439                11
-3.26794919243112  9.66025403784439                13
-3.26794919243112  9.66025403784439                15
 8.46410161513775 -6.66025403784439                -5
 8.46410161513775 -6.66025403784439                -3
 8.46410161513775 -6.66025403784439                -1
 8.46410161513775 -6.66025403784439                 1
 8.46410161513775 -6.66025403784439                 3
 8.46410161513775 -6.66025403784439                 5
 8.46410161513775 -6.66025403784439                 7
 8.46410161513775 -6.66025403784439                 9
 8.46410161513775 -6.66025403784439                11
 8.46410161513775 -6.66025403784439                13
 8.46410161513775 -6.66025403784439                15
 7.46410161513775 -4.92820323027551                -5
 7.46410161513775 -4.92820323027551                -3
 7.46410161513775 -4.92820323027551                -1
 7.46410161513775 -4.92820323027551                 1
 7.46410161513775 -4.92820323027551                 3
 7.46410161513775 -4.92820323027551                 5
 7.46410161513775 -4.92820323027551                 7
 7.46410161513775 -4.92820323027551                 9
 7.46410161513775 -4.92820323027551                11
 7.46410161513775 -4.92820323027551                13
 7.46410161513775 -4.92820323027551                15
 6.46410161513775 -3.19615242270663                -5
 6.46410161513775 -3.19615242270663                -3
 6.46410161513775 -3.19615242270663                -1
 6.46410161513775 -3.19615242270663                 1
 6.46410161513775 -3.19615242270663                 3
 6.46410161513775 -3.19615242270663                 5
 6.46410161513775 -3.19615242270663                 7
 6.46410161513775 -3.19615242270663                 9
 6.46410161513775 -3.19615242270663                11
 6.46410161513775 -3.19615242270663                13
 6.46410161513775 -3.19615242270663                15
 5.46410161513775 -1.46410161513776                -5
 5.46410161513775 -1.46410161513776                -3
 5.46410161513775 -1.46410161513776                -1
 5.46410161513775 -1.46410161513776                 1
 5.46410161513775 -1.46410161513776                 3
 5.46410161513775 -1.46410161513776                 5
 5.46410161513775 -1.46410161513776                 7
 5.46410161513775 -1.46410161513776                 9
 5.46410161513775 -1.46410161513776                11
 5.46410161513775 -1.46410161513776                13
 5.46410161513775 -1.46410161513776                15
 4.46410161513775 0.267949192431122                -5
 4.46410161513775 0.267949192431122                -3
 4.46410161513775 0.267949192431122                -1
 4.46410161513775 0.267949192431122                 1
 4.46410161513775 0.267949192431122                 3
 4.46410161513775 0.267949192431122                 5
 4.46410161513775 0.267949192431122                 7
 4.46410161513775 0.267949192431122                 9
 4.46410161513775 0.267949192431122                11
 4.46410161513775 0.267949192431122                13
 4.46410161513775 0.267949192431122                15
3.46410161513775                2               -5
3.46410161513775                2               -3
3.46410161513775                2               -1
3.46410161513775                2                1
3.46410161513775                2                3
3.46410161513775                2                5
3.46410161513775                2                7
3.46410161513775                2                9
3.46410161513775                2               11
3.46410161513775                2               13
3.46410161513775                2               15
2.46410161513775 3.73205080756888               -5
2.46410161513775 3.73205080756888               -3
2.46410161513775 3.73205080756888               -1
2.46410161513775 3.73205080756888                1
2.46410161513775 3.73205080756888                3
2.46410161513775 3.73205080756888                5
2.46410161513775 3.73205080756888                7
2.46410161513775 3.73205080756888                9
2.46410161513775 3.73205080756888               11
2.46410161513775 3.73205080756888               13
2.46410161513775 3.73205080756888               15
1.46410161513776 5.46410161513775               -5
1.46410161513776 5.46410161513775               -3
1.46410161513776 5.46410161513775               -1
1.46410161513776 5.46410161513775                1
1.46410161513776 5.46410161513775                3
1.46410161513776 5.46410161513775                5
1.46410161513776 5.46410161513775                7
1.46410161513776 5.46410161513775                9
1.46410161513776 5.46410161513775               11
1.46410161513776 5.46410161513775               13
1.46410161513776 5.46410161513775               15
0.464101615137755  7.19615242270663                -5
0.464101615137755  7.19615242270663                -3
0.464101615137755  7.19615242270663                -1
0.464101615137755  7.19615242270663                 1
0.464101615137755  7.19615242270663                 3
0.464101615137755  7.19615242270663                 5
0.464101615137755  7.19615242270663                 7
0.464101615137755  7.19615242270663                 9
0.464101615137755  7.19615242270663                11
0.464101615137755  7.19615242270663                13
0.464101615137755  7.19615242270663                15
-0.535898384862245   8.92820323027551                 -5
-0.535898384862245   8.92820323027551                 -3
-0.535898384862245   8.92820323027551                 -1
-0.535898384862245   8.92820323027551                  1
-0.535898384862245   8.92820323027551                  3
-0.535898384862245   8.92820323027551                  5
-0.535898384862245   8.92820323027551                  7
-0.535898384862245   8.92820323027551                  9
-0.535898384862245   8.92820323027551                 11
-0.535898384862245   8.92820323027551                 13
-0.535898384862245   8.92820323027551                 15
-1.53589838486224  10.6602540378444                -5
-1.53589838486224  10.6602540378444                -3
-1.53589838486224  10.6602540378444                -1
-1.53589838486224  10.6602540378444                 1
-1.53589838486224  10.6602540378444                 3
-1.53589838486224  10.6602540378444                 5
-1.53589838486224  10.6602540378444                 7
-1.53589838486224  10.6602540378444                 9
-1.53589838486224  10.6602540378444                11
-1.53589838486224  10.6602540378444                13
-1.53589838486224  10.6602540378444                15
 10.1961524227066 -5.66025403784439                -5
 10.1961524227066 -5.66025403784439                -3
 10.1961524227066 -5.66025403784439                -1
 10.1961524227066 -5.66025403784439                 1
 10.1961524227066 -5.66025403784439                 3
 10.1961524227066 -5.66025403784439                 5
 10.1961524227066 -5.66025403784439                 7
 10.1961524227066 -5.66025403784439                 9
 10.1961524227066 -5.66025403784439                11
 10.1961524227066 -5.66025403784439                13
 10.1961524227066 -5.66025403784439                15
 9.19615242270663 -3.92820323027551                -5
 9.19615242270663 -3.92820323027551                -3
 9.19615242270663 -3.92820323027551                -1
 9.19615242270663 -3.92820323027551                 1
 9.19615242270663 -3.92820323027551                 3
 9.19615242270663 -3.92820323027551                 5
 9.19615242270663 -3.92820323027551                 7
 9.19615242270663 -3.92820323027551                 9
 9.19615242270663 -3.92820323027551                11
 9.19615242270663 -3.92820323027551                13
 9.19615242270663 -3.92820323027551                15
 8.19615242270663 -2.19615242270663                -5
 8.19615242270663 -2.19615242270663                -3
 8.19615242270663 -2.19615242270663                -1
 8.19615242270663 -2.19615242270663                 1
 8.19615242270663 -2.19615242270663                 3
 8.19615242270663 -2.19615242270663                 5
 8.19615242270663 -2.19615242270663                 7
 8.19615242270663 -2.19615242270663                 9
 8.19615242270663 -2.19615242270663                11
 8.19615242270663 -2.19615242270663                13
 8.19615242270663 -2.19615242270663                15
  7.19615242270663 -0.464101615137755                 -5
  7.19615242270663 -0.464101615137755                 -3
  7.19615242270663 -0.464101615137755                 -1
  7.19615242270663 -0.464101615137755                  1
  7.19615242270663 -0.464101615137755                  3
  7.19615242270663 -0.464101615137755                  5
  7.19615242270663 -0.464101615137755                  7
  7.19615242270663 -0.464101615137755                  9
  7.19615242270663 -0.464101615137755                 11
  7.19615242270663 -0.464101615137755                 13
  7.19615242270663 -0.464101615137755                 15
6.19615242270663 1.26794919243112               -5
6.19615242270663 1.26794919243112               -3
6.19615242270663 1.26794919243112               -1
6.19615242270663 1.26794919243112                1
6.19615242270663 1.26794919243112                3
6.19615242270663 1.26794919243112                5
6.19615242270663 1.26794919243112                7
6.19615242270663 1.26794919243112                9
6.19615242270663 1.26794919243112               11
6.19615242270663 1.26794919243112               13
6.19615242270663 1.26794919243112               15
5.19615242270663                3               -5
5.19615242270663                3               -3
5.19615242270663                3               -1
5.19615242270663                3                1
5.19615242270663                3                3
5.19615242270663                3                5
5.19615242270663                3                7
5.19615242270663                3                9
5.19615242270663                3               11
5.19615242270663                3               13
5.19615242270663                3               15
4.19615242270663 4.73205080756888               -5
4.19615242270663 4.73205080756888               -3
4.19615242270663 4.73205080756888               -1
4.19615242270663 4.73205080756888                1
4.19615242270663 4.73205080756888                3
4.19615242270663 4.73205080756888                5
4.19615242270663 4.73205080756888                7
4.19615242270663 4.73205080756888                9
4.19615242270663 4.73205080756888               11
4.19615242270663 4.73205080756888               13
4.19615242270663 4.73205080756888               15
3.19615242270663 6.46410161513775               -5
3.19615242270663 6.46410161513775               -3
3.19615242270663 6.46410161513775               -1
3.19615242270663 6.46410161513775                1
3.19615242270663 6.46410161513775                3
3.19615242270663 6.46410161513775                5
3.19615242270663 6.46410161513775                7
3.19615242270663 6.46410161513775                9
3.19615242270663 6.46410161513775               11
3.19615242270663 6.46410161513775               13
3.19615242270663 6.46410161513775               15
2.19615242270663 8.19615242270663               -5
2.19615242270663 8.19615242270663               -3
2.19615242270663 8.19615242270663               -1
2.19615242270663 8.19615242270663                1
2.19615242270663 8.19615242270663                3
2.19615242270663 8.19615242270663                5
2.19615242270663 8.19615242270663                7
2.19615242270663 8.19615242270663                9
2.19615242270663 8.19615242270663               11
2.19615242270663 8.19615242270663               13
2.19615242270663 8.19615242270663               15
1.19615242270663 9.92820323027551               -5
1.19615242270663 9.92820323027551               -3
1.19615242270663 9.92820323027551               -1
1.19615242270663 9.92820323027551                1
1.19615242270663 9.92820323027551                3
1.19615242270663 9.92820323027551                5
1.19615242270663 9.92820323027551                7
1.19615242270663 9.92820323027551                9
1.19615242270663 9.92820323027551               11
1.19615242270663 9.92820323027551               13
1.19615242270663 9.92820323027551               15
0.196152422706633  11.6602540378444                -5
0.196152422706633  11.6602540378444                -3
0.196152422706633  11.6602540378444                -1
0.196152422706633  11.6602540378444                 1
0.196152422706633  11.6602540378444                 3
0.196152422706633  11.6602540378444                 5
0.196152422706633  11.6602540378444                 7
0.196152422706633  11.6602540378444                 9
0.196152422706633  11.6602540378444                11
0.196152422706633  11.6602540378444                13
0.196152422706633  11.6602540378444                15
 11.9282032302755 -4.66025403784439                -5
 11.9282032302755 -4.66025403784439                -3
 11.9282032302755 -4.66025403784439                -1
 11.9282032302755 -4.66025403784439                 1
 11.9282032302755 -4.66025403784439                 3
 11.9282032302755 -4.66025403784439                 5
 11.9282032302755 -4.66025403784439                 7
 11.9282032302755 -4.66025403784439                 9
 11.9282032302755 -4.66025403784439                11
 11.9282032302755 -4.66025403784439                13
 11.9282032302755 -4.66025403784439                15
 10.9282032302755 -2.92820323027551                -5
 10.9282032302755 -2.92820323027551                -3
 10.9282032302755 -2.92820323027551                -1
 10.9282032302755 -2.92820323027551                 1
 10.9282032302755 -2.92820323027551                 3
 10.9282032302755 -2.92820323027551                 5
 10.9282032302755 -2.92820323027551                 7
 10.9282032302755 -2.92820323027551                 9
 10.9282032302755 -2.92820323027551                11
 10.9282032302755 -2.92820323027551                13
 10.9282032302755 -2.92820323027551                15
 9.92820323027551 -1.19615242270663                -5
 9.92820323027551 -1.19615242270663                -3
 9.92820323027551 -1.19615242270663                -1
 9.92820323027551 -1.19615242270663                 1
 9.92820323027551 -1.19615242270663                 3
 9.92820323027551 -1.19615242270663                 5
 9.92820323027551 -1.19615242270663                 7
 9.92820323027551 -1.19615242270663                 9
 9.92820323027551 -1.19615242270663                11
 9.92820323027551 -1.19615242270663                13
 9.92820323027551 -1.19615242270663                15
 8.92820323027551 0.535898384862245                -5
 8.92820323027551 0.535898384862245                -3
 8.92820323027551 0.535898384862245                -1
 8.92820323027551 0.535898384862245                 1
 8.92820323027551 0.535898384862245                 3
 8.92820323027551 0.535898384862245                 5
 8.92820323027551 0.535898384862245                 7
 8.92820323027551 0.535898384862245                 9
 8.92820323027551 0.535898384862245                11
 8.92820323027551 0.535898384862245                13
 8.92820323027551 0.535898384862245                15
7.92820323027551 2.26794919243112               -5
7.92820323027551 2.26794919243112               -3
7.92820323027551 2.26794919243112               -1
7.92820323027551 2.26794919243112                1
7.92820323027551 2.26794919243112                3
7.92820323027551 2.26794919243112                5
7.92820323027551 2.26794919243112                7
7.92820323027551 2.26794919243112                9
7.92820323027551 2.26794919243112               11
7.92820323027551 2.26794919243112               13
7.92820323027551 2.26794919243112               15
6.92820323027551                4               -5
6.92820323027551                4               -3
6.92820323027551                4               -1
6.92820323027551                4                1
6.92820323027551                4                3
6.92820323027551                4                5
6.92820323027551                4                7
6.92820323027551                4                9
6.92820323027551                4               11
6.92820323027551                4               13
6.92820323027551                4               15
5.92820323027551 5.73205080756888               -5
5.92820323027551 5.73205080756888               -3
5.92820323027551 5.73205080756888               -1
5.92820323027551 5.73205080756888                1
5.92820323027551 5.73205080756888                3
5.92820323027551 5.73205080756888                5
5.92820323027551 5.73205080756888                7
5.92820323027551 5.73205080756888                9
5.92820323027551 5.73205080756888               11
5.92820323027551 5.73205080756888               13
5.92820323027551 5.73205080756888               15
4.92820323027551 7.46410161513775               -5
4.92820323027551 7.46410161513775               -3
4.92820323027551 7.46410161513775               -1
4.92820323027551 7.46410161513775                1
4.92820323027551 7.46410161513775                3
4.92820323027551 7.46410161513775                5
4.92820323027551 7.46410161513775                7
4.92820323027551 7.46410161513775                9
4.92820323027551 7.46410161513775               11
4.92820323027551 7.46410161513775               13
4.92820323027551 7.46410161513775               15
3.92820323027551 9.19615242270663               -5
3.92820323027551 9.19615242270663               -3
3.92820323027551 9.19615242270663               -1
3.92820323027551 9.19615242270663                1
3.92820323027551 9.19615242270663                3
3.92820323027551 9.19615242270663                5
3.92820323027551 9.19615242270663                7
3.92820323027551 9.19615242270663                9
3.92820323027551 9.19615242270663               11
3.92820323027551 9.19615242270663               13
3.92820323027551 9.19615242270663               15
2.92820323027551 10.9282032302755               -5
2.92820323027551 10.9282032302755               -3
2.92820323027551 10.9282032302755               -1
2.92820323027551 10.9282032302755                1
2.92820323027551 10.9282032302755                3
2.92820323027551 10.9282032302755                5
2.92820323027551 10.9282032302755                7
2.92820323027551 10.9282032302755                9
2.92820323027551 10.9282032302755               11
2.92820323027551 10.9282032302755               13
2.92820323027551 10.9282032302755               15
1.92820323027551 12.6602540378444               -5
1.92820323027551 12.6602540378444               -3
1.92820323027551 12.6602540378444               -1
1.92820323027551 12.6602540378444                1
1.92820323027551 12.6602540378444                3
1.92820323027551 12.6602540378444                5
1.92820323027551 12.6602540378444                7
1.92820323027551 12.6602540378444                9
1.92820323027551 12.6602540378444               11
1.92820323027551 12.6602540378444               13
1.92820323027551 12.6602540378444               15
 13.6602540378444 -3.66025403784439                -5
 13.6602540378444 -3.66025403784439                -3
 13.6602540378444 -3.66025403784439                -1
 13.6602540378444 -3.66025403784439                 1
 13.6602540378444 -3.66025403784439                 3
 13.6602540378444 -3.66025403784439                 5
 13.6602540378444 -3.66025403784439                 7
 13.6602540378444 -3.66025403784439                 9
 13.6602540378444 -3.66025403784439                11
 13.6602540378444 -3.66025403784439                13
 13.6602540378444 -3.66025403784439                15
 12.6602540378444 -1.92820323027551                -5
 12.6602540378444 -1.92820323027551                -3
 12.6602540378444 -1.92820323027551                -1
 12.6602540378444 -1.92820323027551                 1
 12.6602540378444 -1.92820323027551                 3
 12.6602540378444 -1.92820323027551                 5
 12.6602540378444 -1.92820323027551                 7
 12.6602540378444 -1.92820323027551                 9
 12.6602540378444 -1.92820323027551                11
 12.6602540378444 -1.92820323027551                13
 12.6602540378444 -1.92820323027551                15
  11.6602540378444 -0.196152422706633                 -5
  11.6602540378444 -0.196152422706633                 -3
  11.6602540378444 -0.196152422706633                 -1
  11.6602540378444 -0.196152422706633                  1
  11.6602540378444 -0.196152422706633                  3
  11.6602540378444 -0.196152422706633                  5
  11.6602540378444 -0.196152422706633                  7
  11.6602540378444 -0.196152422706633                  9
  11.6602540378444 -0.196152422706633                 11
  11.6602540378444 -0.196152422706633                 13
  11.6602540378444 -0.196152422706633                 15
10.6602540378444 1.53589838486224               -5
10.6602540378444 1.53589838486224               -3
10.6602540378444 1.53589838486224               -1
10.6602540378444 1.53589838486224                1
10.6602540378444 1.53589838486224                3
10.6602540378444 1.53589838486224                5
10.6602540378444 1.53589838486224                7
10.6602540378444 1.53589838486224                9
10.6602540378444 1.53589838486224               11
10.6602540378444 1.53589838486224               13
10.6602540378444 1.53589838486224               15
9.66025403784439 3.26794919243112               -5
9.66025403784439 3.26794919243112               -3
9.66025403784439 3.26794919243112               -1
9.66025403784439 3.26794919243112                1
9.66025403784439 3.26794919243112                3
9.66025403784439 3.26794919243112                5
9.66025403784439 3.26794919243112                7
9.66025403784439 3.26794919243112                9
9.66025403784439 3.26794919243112               11
9.66025403784439 3.26794919243112               13
9.66025403784439 3.26794919243112               15
8.66025403784439                5               -5
8.66025403784439                5               -3
8.66025403784439                5               -1
8.66025403784439                5                1
8.66025403784439                5                3
8.66025403784439                5                5
8.66025403784439                5                7
8.66025403784439                5                9
8.66025403784439                5               11
8.66025403784439                5               13
8.66025403784439                5               15
7.66025403784439 6.73205080756888               -5
7.66025403784439 6.73205080756888               -3
7.66025403784439 6.73205080756888               -1
7.66025403784439 6.73205080756888                1
7.66025403784439 6.73205080756888                3
7.66025403784439 6.73205080756888                5
7.66025403784439 6.73205080756888                7
7.66025403784439 6.73205080756888                9
7.66025403784439 6.73205080756888               11
7.66025403784439 6.73205080756888               13
7.66025403784439 6.73205080756888               15
6.66025403784439 8.46410161513775               -5
6.66025403784439 8.46410161513775               -3
6.66025403784439 8.46410161513775               -1
6.66025403784439 8.46410161513775                1
6.66025403784439 8.46410161513775                3
6.66025403784439 8.46410161513775                5
6.66025403784439 8.46410161513775                7
6.66025403784439 8.46410161513775                9
6.66025403784439 8.46410161513775               11
6.66025403784439 8.46410161513775               13
6.66025403784439 8.46410161513775               15
5.66025403784439 10.1961524227066               -5
5.66025403784439 10.1961524227066               -3
5.66025403784439 10.1961524227066               -1
5.66025403784439 10.1961524227066                1
5.66025403784439 10.1961524227066                3
5.66025403784439 10.1961524227066                5
5.66025403784439 10.1961524227066                7
5.66025403784439 10.1961524227066                9
5.66025403784439 10.1961524227066               11
5.66025403784439 10.1961524227066               13
5.66025403784439 10.1961524227066               15
4.66025403784439 11.9282032302755               -5
4.66025403784439 11.9282032302755               -3
4.66025403784439 11.9282032302755               -1
4.66025403784439 11.9282032302755                1
4.66025403784439 11.9282032302755                3
4.66025403784439 11.9282032302755                5
4.66025403784439 11.9282032302755                7
4.66025403784439 11.9282032302755                9
4.66025403784439 11.9282032302755               11
4.66025403784439 11.9282032302755               13
4.66025403784439 11.9282032302755               15
3.66025403784439 13.6602540378444               -5
3.66025403784439 13.6602540378444               -3
3.66025403784439 13.6602540378444               -1
3.66025403784439 13.6602540378444                1
3.66025403784439 13.6602540378444                3
3.66025403784439 13.6602540378444                5
3.66025403784439 13.6602540378444                7
3.66025403784439 13.6602540378444                9
3.66025403784439 13.6602540378444               11
3.66025403784439 13.6602540378444               13
3.66025403784439 13.6602540378444               15

Point: corresp_imgpoint
-10 -10 -10
-10 -10  -8
-10 -10  -6
-10 -10  -4
-10 -10  -2
-10 -10   0
-10 -10   2
-10 -10   4
-10 -10   6
-10 -10   8
-10 -10  10
-10  -8 -10
-10  -8  -8
-10  -8  -6
-10  -8  -4
-10  -8  -2
-10  -8   0
-10  -8   2
-10  -8   4
-10  -8   6
-10  -8   8
-10  -8  10
-10  -6 -10
-10  -6  -8
-10  -6  -6
-10  -6  -4
-10  -6  -2
-10  -6   0
-10  -6   2
-10  -6   4
-10  -6   6
-10  -6   8
-10  -6  10
-10  -4 -10
-10  -4  -8
-10  -4  -6
-10  -4  -4
-10  -4  -2
-10  -4   0
-10  -4   2
-10  -4   4
-10  -4   6
-10  -4   8
-10  -4  10
-10  -2 -10
-10  -2  -8
-10  -2  -6
-10  -2  -4
-10  -2  -2
-10  -2   0
-10  -2   2
-10  -2   4
-10  -2   6
-10  -2   8
-10  -2  10
-10   0 -10
-10   0  -8
-10   0  -6
-10   0  -4
-10   0  -2
-10   0   0
-10   0   2
-10   0   4
-10   0   6
-10   0   8
-10   0  10
-10   2 -10
-10   2  -8
-10   2  -6
-10   2  -4
-10   2  -2
-10   2   0
-10   2   2
-10   2   4
-10   2   6
-10   2   8
-10   2  10
-10   4 -10
-10   4  -8
-10   4  -6
-10   4  -4
-10   4  -2
-10   4   0
-10   4   2
-10   4   4
-10   4   6
-10   4   8
-10   4  10
-10   6 -10
-10   6  -8
-10   6  -6
-10   6  -4
-10   6  -2
-10   6   0
-10   6   2
-10   6   4
-10   6   6
-10   6   8
-10   6  10
-10   8 -10
-10   8  -8
-10   8  -6
-10   8  -4
-10   8  -2
-10   8   0
-10   8   2
-10   8   4
-10   8   6
-10   8   8
-10   8  10
-10  10 -10
-10  10  -8
-10  10  -6
-10  10  -4
-10  10  -2
-10  10   0
-10  10   2
-10  10   4
-10  10   6
-10  10   8
-10  10  10
 -8 -10 -10
 -8 -10  -8
 -8 -10  -6
 -8 -10  -4
 -8 -10  -2
 -8 -10   0
 -8 -10   2
 -8 -10   4
 -8 -10   6
 -8 -10   8
 -8 -10  10
 -8  -8 -10
-8 -8 -8
-8 -8 -6
-8 -8 -4
-8 -8 -2
-8 -8  0
-8 -8  2
-8 -8  4
-8 -8  6
-8 -8  8
-8 -8 10
 -8  -6 -10
-8 -6 -8
-8 -6 -6
-8 -6 -4
-8 -6 -2
-8 -6  0
-8 -6  2
-8 -6  4
-8 -6  6
-8 -6  8
-8 -6 10
 -8  -4 -10
-8 -4 -8
-8 -4 -6
-8 -4 -4
-8 -4 -2
-8 -4  0
-8 -4  2
-8 -4  4
-8 -4  6
-8 -4  8
-8 -4 10
 -8  -2 -10
-8 -2 -8
-8 -2 -6
-8 -2 -4
-8 -2 -2
-8 -2  0
-8 -2  2
-8 -2  4
-8 -2  6
-8 -2  8
-8 -2 10
 -8   0 -10
-8  0 -8
-8  0 -6
-8  0 -4
-8  0 -2
-8  0  0
-8  0  2
-8  0  4
-8  0  6
-8  0  8
-8  0 10
 -8   2 -10
-8  2 -8
-8  2 -6
-8  2 -4
-8  2 -2
-8  2  0
-8  2  2
-8  2  4
-8  2  6
-8  2  8
-8  2 10
 -8   4 -10
-8  4 -8
-8  4 -6
-8  4 -4
-8  4 -2
-8  4  0
-8  4  2
-8  4  4
-8  4  6
-8  4  8
-8  4 10
 -8   6 -10
-8  6 -8
-8  6 -6
-8  6 -4
-8  6 -2
-8  6  0
-8  6  2
-8  6  4
-8  6  6
-8  6  8
-8  6 10
 -8   8 -10
-8  8 -8
-8  8 -6
-8  8 -4
-8  8 -2
-8  8  0
-8  8  2
-8  8  4
-8  8  6
-8  8  8
-8  8 10
 -8  10 -10
-8 10 -8
-8 10 -6
-8 10 -4
-8 10 -2
-8 10  0
-8 10  2
-8 10  4
-8 10  6
-8 10  8
-8 10 10
 -6 -10 -10
 -6 -10  -8
 -6 -10  -6
 -6 -10  -4
 -6 -10  -2
 -6 -10   0
 -6 -10   2
 -6 -10   4
 -6 -10   6
 -6 -10   8
 -6 -10  10
 -6  -8 -10
-6 -8 -8
-6 -8 -6
-6 -8 -4
-6 -8 -2
-6 -8  0
-6 -8  2
-6 -8  4
-6 -8  6
-6 -8  8
-6 -8 10
 -6  -6 -10
-6 -6 -8
-6 -6 -6
-6 -6 -4
-6 -6 -2
-6 -6  0
-6 -6  2
-6 -6  4
-6 -6  6
-6 -6  8
-6 -6 10
 -6  -4 -10
-6 -4 -8
-6 -4 -6
-6 -4 -4
-6 -4 -2
-6 -4  0
-6 -4  2
-6 -4  4
-6 -4  6
-6 -4  8
-6 -4 10
 -6  -2 -10
-6 -2 -8
-6 -2 -6
-6 -2 -4
-6 -2 -2
-6 -2  0
-6 -2  2
-6 -2  4
-6 -2  6
-6 -2  8
-6 -2 10
 -6   0 -10
-6  0 -8
-6  0 -6
-6  0 -4
-6  0 -2
-6  0  0
-6  0  2
-6  0  4
-6  0  6
-6  0  8
-6  0 10
 -6   2 -10
-6  2 -8
-6  2 -6
-6  2 -4
-6  2 -2
-6  2  0
-6  2  2
-6  2  4
-6  2  6
-6  2  8
-6  2 10
 -6   4 -10
-6  4 -8
-6  4 -6
-6  4 -4
-6  4 -2
-6  4  0
-6  4  2
-6  4  4
-6  4  6
-6  4  8
-6  4 10
 -6   6 -10
-6  6 -8
-6  6 -6
-6  6 -4
-6  6 -2
-6  6  0
-6  6  2
-6  6  4
-6  6  6
-6  6  8
-6  6 10
 -6   8 -10
-6  8 -8
-6  8 -6
-6  8 -4
-6  8 -2
-6  8  0
-6  8  2
-6  8  4
-6  8  6
-6  8  8
-6  8 10
 -6  10 -10
-6 10 -8
-6 10 -6
-6 10 -4
-6 10 -2
-6 10  0
-6 10  2
-6 10  4
-6 10  6
-6 10  8
-6 10 10
 -4 -10 -10
 -4 -10  -8
 -4 -10  -6
 -4 -10  -4
 -4 -10  -2
 -4 -10   0
 -4 -10   2
 -4 -10   4
 -4 -10   6
 -4 -10   8
 -4 -10  10
 -4  -8 -10
-4 -8 -8
-4 -8 -6
-4 -8 -4
-4 -8 -2
-4 -8  0
-4 -8  2
-4 -8  4
-4 -8  6
-4 -8  8
-4 -8 10
 -4  -6 -10
-4 -6 -8
-4 -6 -6
-4 -6 -4
-4 -6 -2
-4 -6  0
-4 -6  2
-4 -6  4
-4 -6  6
-4 -6  8
-4 -6 10
 -4  -4 -10
-4 -4 -8
-4 -4 -6
-4 -4 -4
-4 -4 -2
-4 -4  0
-4 -4  2
-4 -4  4
-4 -4  6
-4 -4  8
-4 -4 10
 -4  -2 -10
-4 -2 -8
-4 -2 -6
-4 -2 -4
-4 -2 -2
-4 -2  0
-4 -2  2
-4 -2  4
-4 -2  6
-4 -2  8
-4 -2 10
 -4   0 -10
-4  0 -8
-4  0 -6
-4  0 -4
-4  0 -2
-4  0  0
-4  0  2
-4  0  4
-4  0  6
-4  0  8
-4  0 10
 -4   2 -10
-4  2 -8
-4  2 -6
-4  2 -4
-4  2 -2
-4  2  0
-4  2  2
-4  2  4
-4  2  6
-4  2  8
-4  2 10
 -4   4 -10
-4  4 -8
-4  4 -6
-4  4 -4
-4  4 -2
-4  4  0
-4  4  2
-4  4  4
-4  4  6
-4  4  8
-4  4 10
 -4   6 -10
-4  6 -8
-4  6 -6
-4  6 -4
-4  6 -2
-4  6  0
-4  6  2
-4  6  4
-4  6  6
-4  6  8
-4  6 10
 -4   8 -10
-4  8 -8
-4  8 -6
-4  8 -4
-4  8 -2
-4  8  0
-4  8  2
-4  8  4
-4  8  6
-4  8  8
-4  8 10
 -4  10 -10
-4 10 -8
-4 10 -6
-4 10 -4
-4 10 -2
-4 10  0
-4 10  2
-4 10  4
-4 10  6
-4 10  8
-4 10 10
 -2 -10 -10
 -2 -10  -8
 -2 -10  -6
 -2 -10  -4
 -2 -10  -2
 -2 -10   0
 -2 -10   2
 -2 -10   4
 -2 -10   6
 -2 -10   8
 -2 -10  10
 -2  -8 -10
-2 -8 -8
-2 -8 -6
-2 -8 -4
-2 -8 -2
-2 -8  0
-2 -8  2
-2 -8  4
-2 -8  6
-2 -8  8
-2 -8 10
 -2  -6 -10
-2 -6 -8
-2 -6 -6
-2 -6 -4
-2 -6 -2
-2 -6  0
-2 -6  2
-2 -6  4
-2 -6  6
-2 -6  8
-2 -6 10
 -2  -4 -10
-2 -4 -8
-2 -4 -6
-2 -4 -4
-2 -4 -2
-2 -4  0
-2 -4  2
-2 -4  4
-2 -4  6
-2 -4  8
-2 -4 10
 -2  -2 -10
-2 -2 -8
-2 -2 -6
-2 -2 -4
-2 -2 -2
-2 -2  0
-2 -2  2
-2 -2  4
-2 -2  6
-2 -2  8
-2 -2 10
 -2   0 -10
-2  0 -8
-2  0 -6
-2  0 -4
-2  0 -2
-2  0  0
-2  0  2
-2  0  4
-2  0  6
-2  0  8
-2  0 10
 -2   2 -10
-2  2 -8
-2  2 -6
-2  2 -4
-2  2 -2
-2  2  0
-2  2  2
-2  2  4
-2  2  6
-2  2  8
-2  2 10
 -2   4 -10
-2  4 -8
-2  4 -6
-2  4 -4
-2  4 -2
-2  4  0
-2  4  2
-2  4  4
-2  4  6
-2  4  8
-2  4 10
 -2   6 -10
-2  6 -8
-2  6 -6
-2  6 -4
-2  6 -2
-2  6  0
-2  6  2
-2  6  4
-2  6  6
-2  6  8
-2  6 10
 -2   8 -10
-2  8 -8
-2  8 -6
-2  8 -4
-2  8 -2
-2  8  0
-2  8  2
-2  8  4
-2  8  6
-2  8  8
-2  8 10
 -2  10 -10
-2 10 -8
-2 10 -6
-2 10 -4
-2 10 -2
-2 10  0
-2 10  2
-2 10  4
-2 10  6
-2 10  8
-2 10 10
  0 -10 -10
  0 -10  -8
  0 -10  -6
  0 -10  -4
  0 -10  -2
  0 -10   0
  0 -10   2
  0 -10   4
  0 -10   6
  0 -10   8
  0 -10  10
  0  -8 -10
 0 -8 -8
 0 -8 -6
 0 -8 -4
 0 -8 -2
 0 -8  0
 0 -8  2
 0 -8  4
 0 -8  6
 0 -8  8
 0 -8 10
  0  -6 -10
 0 -6 -8
 0 -6 -6
 0 -6 -4
 0 -6 -2
 0 -6  0
 0 -6  2
 0 -6  4
 0 -6  6
 0 -6  8
 0 -6 10
  0  -4 -10
 0 -4 -8
 0 -4 -6
 0 -4 -4
 0 -4 -2
 0 -4  0
 0 -4  2
 0 -4  4
 0 -4  6
 0 -4  8
 0 -4 10
  0  -2 -10
 0 -2 -8
 0 -2 -6
 0 -2 -4
 0 -2 -2
 0 -2  0
 0 -2  2
 0 -2  4
 0 -2  6
 0 -2  8
 0 -2 10
  0   0 -10
 0  0 -8
 0  0 -6
 0  0 -4
 0  0 -2
0 0 0
0 0 2
0 0 4
0 0 6
0 0 8
 0  0 10
  0   2 -10
 0  2 -8
 0  2 -6
 0  2 -4
 0  2 -2
0 2 0
0 2 2
0 2 4
0 2 6
0 2 8
 0  2 10
  0   4 -10
 0  4 -8
 0  4 -6
 0  4 -4
 0  4 -2
0 4 0
0 4 2
0 4 4
0 4 6
0 4 8
 0  4 10
  0   6 -10
 0  6 -8
 0  6 -6
 0  6 -4
 0  6 -2
0 6 0
0 6 2
0 6 4
0 6 6
0 6 8
 0  6 10
  0   8 -10
 0  8 -8
 0  8 -6
 0  8 -4
 0  8 -2
0 8 0
0 8 2
0 8 4
0 8 6
0 8 8
 0  8 10
  0  10 -10
 0 10 -8
 0 10 -6
 0 10 -4
 0 10 -2
 0 10  0
 0 10  2
 0 10  4
 0 10  6
 0 10  8
 0 10 10
  2 -10 -10
  2 -10  -8
  2 -10  -6
  2 -10  -4
  2 -10  -2
  2 -10   0
  2 -10   2
  2 -10   4
  2 -10   6
  2 -10   8
  2 -10  10
  2  -8 -10
 2 -8 -8
 2 -8 -6
 2 -8 -4
 2 -8 -2
 2 -8  0
 2 -8  2
 2 -8  4
 2 -8  6
 2 -8  8
 2 -8 10
  2  -6 -10
 2 -6 -8
 2 -6 -6
 2 -6 -4
 2 -6 -2
 2 -6  0
 2 -6  2
 2 -6  4
 2 -6  6
 2 -6  8
 2 -6 10
  2  -4 -10
 2 -4 -8
 2 -4 -6
 2 -4 -4
 2 -4 -2
 2 -4  0
 2 -4  2
 2 -4  4
 2 -4  6
 2 -4  8
 2 -4 10
  2  -2 -10
 2 -2 -8
 2 -2 -6
 2 -2 -4
 2 -2 -2
 2 -2  0
 2 -2  2
 2 -2  4
 2 -2  6
 2 -2  8
 2 -2 10
  2   0 -10
 2  0 -8
 2  0 -6
 2  0 -4
 2  0 -2
2 0 0
2 0 2
2 0 4
2 0 6
2 0 8
 2  0 10
  2   2 -10
 2  2 -8
 2  2 -6
 2  2 -4
 2  2 -2
2 2 0
2 2 2
2 2 4
2 2 6
2 2 8
 2  2 10
  2   4 -10
 2  4 -8
 2  4 -6
 2  4 -4
 2  4 -2
2 4 0
2 4 2
2 4 4
2 4 6
2 4 8
 2  4 10
  2   6 -10
 2  6 -8
 2  6 -6
 2  6 -4
 2  6 -2
2 6 0
2 6 2
2 6 4
2 6 6
2 6 8
 2  6 10
  2   8 -10
 2  8 -8
 2  8 -6
 2  8 -4
 2  8 -2
2 8 0
2 8 2
2 8 4
2 8 6
2 8 8
 2  8 10
  2  10 -10
 2 10 -8
 2 10 -6
 2 10 -4
 2 10 -2
 2 10  0
 2 10  2
 2 10  4
 2 10  6
 2 10  8
 2 10 10
  4 -10 -10
  4 -10  -8
  4 -10  -6
  4 -10  -4
  4 -10  -2
  4 -10   0
  4 -10   2
  4 -10   4
  4 -10   6
  4 -10   8
  4 -10  10
  4  -8 -10
 4 -8 -8
 4 -8 -6
 4 -8 -4
 4 -8 -2
 4 -8  0
 4 -8  2
 4 -8  4
 4 -8  6
 4 -8  8
 4 -8 10
  4  -6 -10
 4 -6 -8
 4 -6 -6
 4 -6 -4
 4 -6 -2
 4 -6  0
 4 -6  2
 4 -6  4
 4 -6  6
 4 -6  8
 4 -6 10
  4  -4 -10
 4 -4 -8
 4 -4 -6
 4 -4 -4
 4 -4 -2
 4 -4  0
 4 -4  2
 4 -4  4
 4 -4  6
 4 -4  8
 4 -4 10
  4  -2 -10
 4 -2 -8
 4 -2 -6
 4 -2 -4
 4 -2 -2
 4 -2  0
 4 -2  2
 4 -2  4
 4 -2  6
 4 -2  8
 4 -2 10
  4   0 -10
 4  0 -8
 4  0 -6
 4  0 -4
 4  0 -2
4 0 0
4 0 2
4 0 4
4 0 6
4 0 8
 4  0 10
  4   2 -10
 4  2 -8
 4  2 -6
 4  2 -4
 4  2 -2
4 2 0
4 2 2
4 2 4
4 2 6
4 2 8
 4  2 10
  4   4 -10
 4  4 -8
 4  4 -6
 4  4 -4
 4  4 -2
4 4 0
4 4 2
4 4 4
4 4 6
4 4 8
 4  4 10
  4   6 -10
 4  6 -8
 4  6 -6
 4  6 -4
 4  6 -2
4 6 0
4 6 2
4 6 4
4 6 6
4 6 8
 4  6 10
  4   8 -10
 4  8 -8
 4  8 -6
 4  8 -4
 4  8 -2
4 8 0
4 8 2
4 8 4
4 8 6
4 8 8
 4  8 10
  4  10 -10
 4 10 -8
 4 10 -6
 4 10 -4
 4 10 -2
 4 10  0
 4 10  2
 4 10  4
 4 10  6
 4 10  8
 4 10 10
  6 -10 -10
  6 -10  -8
  6 -10  -6
  6 -10  -4
  6 -10  -2
  6 -10   0
  6 -10   2
  6 -10   4
  6 -10   6
  6 -10   8
  6 -10  10
  6  -8 -10
 6 -8 -8
 6 -8 -6
 6 -8 -4
 6 -8 -2
 6 -8  0
 6 -8  2
 6 -8  4
 6 -8  6
 6 -8  8
 6 -8 10
  6  -6 -10
 6 -6 -8
 6 -6 -6
 6 -6 -4
 6 -6 -2
 6 -6  0
 6 -6  2
 6 -6  4
 6 -6  6
 6 -6  8
 6 -6 10
  6  -4 -10
 6 -4 -8
 6 -4 -6
 6 -4 -4
 6 -4 -2
 6 -4  0
 6 -4  2
 6 -4  4
 6 -4  6
 6 -4  8
 6 -4 10
  6  -2 -10
 6 -2 -8
 6 -2 -6
 6 -2 -4
 6 -2 -2
 6 -2  0
 6 -2  2
 6 -2  4
 6 -2  6
 6 -2  8
 6 -2 10
  6   0 -10
 6  0 -8
 6  0 -6
 6  0 -4
 6  0 -2
6 0 0
6 0 2
6 0 4
6 0 6
6 0 8
 6  0 10
  6   2 -10
 6  2 -8
 6  2 -6
 6  2 -4
 6  2 -2
6 2 0
6 2 2
6 2 4
6 2 6
6 2 8
 6  2 10
  6   4 -10
 6  4 -8
 6  4 -6
 6  4 -4
 6  4 -2
6 4 0
6 4 2
6 4 4
6 4 6
6 4 8
 6  4 10
  6   6 -10
 6  6 -8
 6  6 -6
 6  6 -4
 6  6 -2
6 6 0
6 6 2
6 6 4
6 6 6
6 6 8
 6  6 10
  6   8 -10
 6  8 -8
 6  8 -6
 6  8 -4
 6  8 -2
6 8 0
6 8 2
6 8 4
6 8 6
6 8 8
 6  8 10
  6  10 -10
 6 10 -8
 6 10 -6
 6 10 -4
 6 10 -2
 6 10  0
 6 10  2
 6 10  4
 6 10  6
 6 10  8
 6 10 10
  8 -10 -10
  8 -10  -8
  8 -10  -6
  8 -10  -4
  8 -10  -2
  8 -10   0
  8 -10   2
  8 -10   4
  8 -10   6
  8 -10   8
  8 -10  10
  8  -8 -10
 8 -8 -8
 8 -8 -6
 8 -8 -4
 8 -8 -2
 8 -8  0
 8 -8  2
 8 -8  4
 8 -8  6
 8 -8  8
 8 -8 10
  8  -6 -10
 8 -6 -8
 8 -6 -6
 8 -6 -4
 8 -6 -2
 8 -6  0
 8 -6  2
 8 -6  4
 8 -6  6
 8 -6  8
 8 -6 10
  8  -4 -10
 8 -4 -8
 8 -4 -6
 8 -4 -4
 8 -4 -2
 8 -4  0
 8 -4  2
 8 -4  4
 8 -4  6
 8 -4  8
 8 -4 10
  8  -2 -10
 8 -2 -8
 8 -2 -6
 8 -2 -4
 8 -2 -2
 8 -2  0
 8 -2  2
 8 -2  4
 8 -2  6
 8 -2  8
 8 -2 10
  8   0 -10
 8  0 -8
 8  0 -6
 8  0 -4
 8  0 -2
8 0 0
8 0 2
8 0 4
8 0 6
8 0 8
 8  0 10
  8   2 -10
 8  2 -8
 8  2 -6
 8  2 -4
 8  2 -2
8 2 0
8 2 2
8 2 4
8 2 6
8 2 8
 8  2 10
  8   4 -10
 8  4 -8
 8  4 -6
 8  4 -4
 8  4 -2
8 4 0
8 4 2
8 4 4
8 4 6
8 4 8
 8  4 10
  8   6 -10
 8  6 -8
 8  6 -6
 8  6 -4
 8  6 -2
8 6 0
8 6 2
8 6 4
8 6 6
8 6 8
 8  6 10
  8   8 -10
 8  8 -8
 8  8 -6
 8  8 -4
 8  8 -2
8 8 0
8 8 2
8 8 4
8 8 6
8 8 8
 8  8 10
  8  10 -10
 8 10 -8
 8 10 -6
 8 10 -4
 8 10 -2
 8 10  0
 8 10  2
 8 10  4
 8 10  6
 8 10  8
 8 10 10
 10 -10 -10
 10 -10  -8
 10 -10  -6
 10 -10  -4
 10 -10  -2
 10 -10   0
 10 -10   2
 10 -10   4
 10 -10   6
 10 -10   8
 10 -10  10
 10  -8 -10
10 -8 -8
10 -8 -6
10 -8 -4
10 -8 -2
10 -8  0
10 -8  2
10 -8  4
10 -8  6
10 -8  8
10 -8 10
 10  -6 -10
10 -6 -8
10 -6 -6
10 -6 -4
10 -6 -2
10 -6  0
10 -6  2
10 -6  4
10 -6  6
10 -6  8
10 -6 10
 10  -4 -10
10 -4 -8
10 -4 -6
10 -4 -4
10 -4 -2
10 -4  0
10 -4  2
10 -4  4
10 -4  6
10 -4  8
10 -4 10
 10  -2 -10
10 -2 -8
10 -2 -6
10 -2 -4
10 -2 -2
10 -2  0
10 -2  2
10 -2  4
10 -2  6
10 -2  8
10 -2 10
 10   0 -10
10  0 -8
10  0 -6
10  0 -4
10  0 -2
10  0  0
10  0  2
10  0  4
10  0  6
10  0  8
10  0 10
 10   2 -10
10  2 -8
10  2 -6
10  2 -4
10  2 -2
10  2  0
10  2  2
10  2  4
10  2  6
10  2  8
10  2 10
 10   4 -10
10  4 -8
10  4 -6
10  4 -4
10  4 -2
10  4  0
10  4  2
10  4  4
10  4  6
10  4  8
10  4 10
 10   6 -10
10  6 -8
10  6 -6
10  6 -4
10  6 -2
10  6  0
10  6  2
10  6  4
10  6  6
10  6  8
10  6 10
 10   8 -10
10  8 -8
10  8 -6
10  8 -4
10  8 -2
10  8  0
10  8  2
10  8  4
10  8  6
10  8  8
10  8 10
 10  10 -10
10 10 -8
10 10 -6
10 10 -4
10 10 -2
10 10  0
10 10  2
10 10  4
10 10  6
10 10  8
10 10 10

pickup point :
212
1321
52
795
722
76
841
564
1121
1207
563
873
1239
458
339
592
1052
926
742
382
194
771
751
195
200
26
738
915
517
1237
Point: ply_to_img
-3.71390676354104  2.78543007265578 -1.85695338177052
 3.07728727448332  3.07728727448332 -2.46182981958665
 -4.22577127364258 -0.845154254728516   2.53546276418555
 2.04124145231931  2.04124145231931 -4.08248290463863
2.8426400189389e-16     4.6423834544263    1.85695338177052
-3.50070021007003 0.700140042014004  3.50070021007002
    0.98058067569092      4.9029033784546 3.06161699786838e-16
-1.66666666666667  3.33333333333333 -3.33333333333333
 2.82842712474619 -2.12132034355964  3.53553390593274
2.82842712474619 3.53553390593274 2.12132034355964
-1.33630620956212  2.67261241912424 -4.00891862868637
 2.67261241912424 -4.00891862868637 -1.33630620956212
 4.05553552826906 -2.43332131696144  1.62221421130763
-2.42535625036333  3.63803437554499  2.42535625036333
-2.57247877713763  2.57247877713763  3.42997170285018
-0.870388279778489   3.48155311911396   3.48155311911396
3.63803437554499 2.42535625036333 2.42535625036333
 2.42535625036333  2.42535625036333 -3.63803437554499
    1.21267812518166    -4.85071250072666 3.06161699786838e-16
-1.85695338177052 -3.71390676354104  2.78543007265578
-4.36435780471985  1.09108945117996  2.18217890235992
 1.17851130197758 -1.17851130197758 -4.71404520791032
 1.33630620956212 -4.00891862868637 -2.67261241912424
-3.92232270276368 0.980580675690921  2.94174202707276
-3.71390676354104  1.85695338177052 -2.78543007265578
 -4.22577127364258  -2.53546276418555 -0.845154254728517
0.870388279778489 -3.48155311911396 -3.48155311911396
 2.67261241912424  1.33630620956212 -4.00891862868637
-0.912870929175277  -1.82574185835055  -4.56435464587638
    4.28746462856272    -2.57247877713763 3.06161699786838e-16

none point_transformed: 0  0 -5

0.866025403784439              -0.5                 0
              0.5 0.866025403784439                 0
                0                 0                 1


correlation_C
  9.97849328272869    3.3547180982955  -2.03284119744886
 -6.56865429849741   9.20929189094318  0.700688307339316
 -2.11083627251995 -0.409606724433865   11.1532552064142


correlation_C
    361.247728781076     207.989123186706 3.73034936274053e-14
   -207.989123186705     361.247728781076   7.105427357601e-15
 5.6621374255883e-15 3.33066907387547e-15     355.606522189699


Matrix_R
   0.888459767259644    0.458951192043097  0.00174507396972562
  -0.458954264040364    0.888448935380012  0.00441279291285968
0.000474847457033523 -0.00472149810379591    0.999988740924391


Matrix_R
 0.866624524704211  0.498960853355451                  0
-0.498960853355451  0.866624524704211                  0
                 0                  0                  1

Rotation matrix Eigenvalue :
 (0.888448721782024,0.458975891266513)
(0.888448721782024,-0.458975891266513)
                                 (1,0)
Eigen vec
   (-0.628197012493702,-0.324528896976674)     (-0.628197012493702,0.324528896976674)                    (0.00995073073604145,0)
     (0.32453600358835,-0.628231983407954)       (0.32453600358835,0.628231983407954)                   (-0.00138376169300128,0)
 (0.00670043796257057,0.00236009542431113) (0.00670043796257057,-0.00236009542431113)                      (0.999949532807229,0)
Rotation_axis
 0.00995073073604145
-0.00138376169300128
   0.999949532807229

Rotation_degree: 
27.3210433608982

Rotation matrix Eigenvalue :
 (0.866624524704211,0.498960853355451)
(0.866624524704211,-0.498960853355451)
                                 (1,0)
Eigen vec
 (0.707106781186547,0) (0.707106781186547,-0)                  (0,0)
 (0,0.707106781186547) (0,-0.707106781186547)                  (0,0)
                 (0,0)                 (0,-0)                  (1,0)
Rotation_axis
0
0
1

Rotation_degree: 
29.9312743920046

corresp_plypoint point_rotated:   0.888459767259644    0.458951192043097  0.00174507396972562
  -0.458954264040364    0.888448935380012  0.00441279291285968
0.000474847457033523 -0.00472149810379591    0.999988740924391
corresp_plypoint point_transformed: 0  0 -5
none point_rotated:   0.888459767259644    0.458951192043097  0.00174507396972562
  -0.458954264040364    0.888448935380012  0.00441279291285968
0.000474847457033523 -0.00472149810379591    0.999988740924391
