# ガウスノイズ付加データ No.0 (ガウスノイズの分散: 0.5)
point
# データ数
1331
# データ (ここから)
-37.8425 -136.743 -99.8884
-36.3101 -137.257 -78.2683
-35.9224 -136.612 -60.5151
-35.9768 -135.793 -39.9201
-37.0611 -137.365 -19.9145
-36.6242 -137.65 0.713558
-36.5372 -136.915 19.515
-36.4958 -136.285 39.7336
-35.2209 -136.656 59.3521
-37.0294 -135.625 78.4666
-36.7052 -137.73 100.453
-46.5211 -119.273 -98.9404
-46.7805 -119.858 -80.0728
-47.4414 -119.327 -60.9851
-46.4368 -119.467 -39.2455
-46.226 -117.791 -20.1716
-46.3698 -119.805 -0.960309
-47.6264 -119.457 20.3894
-46.5266 -119.684 40.3836
-46.4703 -118.813 60.6441
-45.8396 -118.677 79.041
-46.5063 -119.142 100.632
-56.9522 -102.227 -100.591
-56.5397 -102.858 -81.1253
-56.4271 -102.653 -59.8902
-56.0311 -102.141 -40.2339
-56.7125 -102.265 -19.6782
-56.3946 -102.883 -0.630656
-55.8571 -101.095 21.0857
-56.4432 -101.582 39.2082
-56.3018 -102.82 60.0954
-56.3943 -101.95 80.6917
-57.2209 -100.794 100.337
-66.8235 -84.8856 -100.3
-67.1845 -84.0956 -81.2399
-67.3994 -83.9752 -60.6509
-65.9729 -86.5251 -39.1685
-66.6402 -83.7374 -20.2115
-67.6572 -83.3437 0.782887
-66.2431 -85.7096 21.421
-66.5798 -83.2336 39.9924
-66.9709 -85.4089 59.2485
-66.4817 -85.028 80.9295
-66.2281 -84.4572 99.3876
-76.3832 -66.8681 -101.368
-76.9309 -67.256 -80.3149
-77.0927 -67.1215 -59.257
-76.182 -66.7779 -39.9724
-77.176 -66.7444 -20.6169
-75.6767 -67.5569 -0.748723
-76.0267 -67.0375 20.0062
-76.3926 -67.4492 41.4267
-77.5373 -67.0389 60.0191
-75.5709 -66.2622 80.0849
-75.6923 -67.2987 100.693
-87.6647 -48.3032 -99.0101
-86.9159 -49.9569 -79.9685
-85.8351 -49.8087 -60.0176
-87.5134 -49.2895 -39.4186
-86.9921 -50.9094 -20.3758
-86.8615 -49.0379 -1.37274
-87.5716 -50.6476 20.4237
-86.5856 -50.8641 39.8574
-86.7195 -49.0507 60.2701
-87.7387 -49.4199 80.4827
-87.4212 -50.5995 99.3806
-95.2307 -32.8346 -99.5706
-96.7938 -34.1402 -79.2507
-95.8661 -32.6327 -59.4084
-96.682 -32.2306 -39.3271
-96.8767 -32.582 -20.1191
-96.4342 -33.7777 -0.0869441
-97.4877 -32.2295 19.6846
-96.872 -32.7003 39.4475
-96.8124 -33.2545 59.6883
-95.8578 -33.3557 79.7792
-97.1023 -32.9522 99.8948
-106.651 -14.8906 -99.4003
-107.955 -14.4537 -80.6008
-107.466 -16.4134 -60.5776
-105.28 -16.1342 -38.9271
-107.192 -14.2424 -20.6431
-108.173 -15.1584 -0.284504
-107.082 -14.6232 19.8142
-106.008 -13.7784 40.7202
-106.272 -15.1974 59.3385
-106.529 -16.9773 80.0856
-107.42 -14.821 100.382
-116.168 1.81373 -99.5868
-117.488 0.580692 -78.7811
-115.832 0.962699 -59.9961
-116.373 1.11705 -39.1232
-117.048 2.93433 -21.2778
-116.252 1.14463 0.137062
-116.804 2.31747 19.0486
-118.125 2.56162 39.9308
-116.754 1.6869 59.9121
-117.814 2.65088 80.0606
-116.141 2.19005 98.6471
-127.505 18.0051 -99.9931
-126.299 19.2979 -79.9943
-126.512 17.5708 -60.8568
-126.53 19.5343 -40.0479
-127.153 20.0246 -19.7636
-126.937 18.7028 -1.19204
-125.942 19.6769 20.0282
-126.82 18.1365 40.6451
-126.185 19.5303 59.7836
-125.823 18.9589 80.9544
-126.664 18.3199 101.857
-135.901 36.4727 -99.5474
-136.021 36.5455 -80.8681
-136.216 35.4406 -59.7934
-137.153 37.3627 -40.3779
-136.777 36.7787 -20.2538
-135.386 37.3866 -0.433187
-136.919 36.428 20.725
-136.881 36.737 39.8776
-137.426 36.5597 59.5547
-137.141 36.3294 79.3506
-137.586 37.8161 99.8812
-19.3182 -127.148 -100.222
-19.206 -127.087 -80.478
-18.5289 -126.154 -59.801
-19.3556 -126.448 -41.1014
-18.9002 -127.188 -20.7199
-20.5432 -125.966 -0.752257
-18.4322 -126.146 20.0637
-19.2233 -125.694 40.9661
-19.6061 -127.106 59.7831
-19.069 -126.874 79.4008
-19.0178 -125.328 99.721
-29.6963 -109.289 -101.501
-28.3981 -108.267 -80.7505
-30.8196 -109.436 -60.3325
-29.6957 -109.139 -40.0511
-29.397 -109.749 -20.4686
-29.0396 -108.962 -0.892401
-29.708 -109.454 20.5652
-29.9215 -108.24 39.6489
-29.3807 -109.372 61.4734
-29.226 -108.99 79.3224
-28.8188 -108.914 98.6061
-39.3649 -91.5596 -100.221
-39.0238 -91.9054 -80.0267
-38.9993 -91.3442 -61.1471
-39.5255 -91.2416 -41.1105
-39.6344 -91.0605 -20.1034
-38.1491 -93.1334 1.50008
-39.3738 -92.5678 19.1682
-39.2031 -90.807 40.6212
-40.2839 -94.1813 59.6192
-39.2436 -91.1125 80.2331
-38.6285 -92.0322 100.935
-47.7309 -74.8285 -99.9075
-48.7597 -73.8413 -79.1847
-47.8482 -74.2049 -59.7709
-49.6783 -74.3366 -40.481
-49.3227 -75.5682 -19.7481
-49.5166 -74.7749 0.398319
-49.2368 -74.9062 19.9233
-49.271 -75.5172 41.0607
-49.3694 -73.9543 60.105
-49.3299 -74.4602 79.58
-48.1698 -75.1755 100.557
-59.158 -57.2488 -99.808
-58.9018 -57.6328 -79.0484
-58.5713 -58.0539 -59.7248
-59.4451 -57.5196 -39.4564
-59.2396 -56.0518 -18.8669
-58.5525 -56.8744 -0.678559
-58.3284 -58.9864 20.0222
-57.9891 -57.5897 40.1144
-59.2782 -57.9416 60.0713
-59.7616 -56.5613 81.582
-58.4863 -56.4777 99.9385
-70.5367 -39.2563 -99.5936
-70.061 -40.4276 -79.2597
-70.1238 -37.9325 -60.828
-69.1234 -39.9088 -40.2809
-69.6383 -40.0168 -19.2742
-68.9081 -40.3605 0.230452
-69.7135 -39.7599 20.7141
-68.4636 -40.5586 40.6126
-70.6155 -39.7719 60.1658
-70.2268 -38.8282 80.3621
-69.8319 -39.0946 99.8497
-80.7848 -22.4053 -101.419
-80.4042 -22.9338 -80.4707
-79.0684 -23.6274 -61.3132
-80.062 -22.7173 -38.9211
-79.3047 -21.8778 -19.2653
-78.9628 -21.2966 0.700655
-80.589 -22.6016 19.5994
-79.1238 -23.1408 41.9912
-79.4184 -22.8826 59.6376
-79.4198 -22.9779 79.2753
-79.9192 -23.1727 100.943
-89.6765 -5.49816 -98.8973
-88.9544 -5.60208 -80.3858
-89.2248 -5.0547 -61.1146
-89.5952 -6.10392 -39.3807
-88.9594 -5.03439 -20.8554
-89.6031 -4.19748 -0.114001
-88.7057 -4.84565 20.3504
-88.7427 -5.41352 39.9379
-89.2332 -6.07653 59.4986
-89.6235 -5.26624 80.1721
-88.4653 -5.707 98.9314
-98.8367 12.4727 -100.449
-100.37 12.7004 -79.9901
-98.6037 12.7963 -60.8588
-98.7693 11.8819 -40.8351
-98.2393 12.2842 -20.186
-98.7712 11.4231 0.426693
-99.1731 10.5989 19.7953
-99.5341 12.4835 39.7155
-99.1897 12.723 61.0167
-99.4525 11.7822 78.8328
-98.1418 12.462 100.778
-109.558 29.4224 -99.8022
-109.629 29.2092 -79.8761
-110.242 29.4394 -58.8354
-108.402 28.7425 -41.2939
-108.54 27.7716 -20.2076
-108.567 29.1567 -0.540519
-107.282 30.2451 19.2845
-110.214 29.1553 40.797
-110.075 29.8422 60.1124
-110.312 29.8766 79.8878
-110.206 28.7462 99.3279
-120.298 47.0625 -100.262
-119.832 47.108 -80.2385
-118.256 45.455 -58.7503
-119.127 47.9087 -39.2556
-120.206 46.6985 -20.3921
-118.644 47.2616 -0.125873
-119.57 47.2118 19.4898
-119.726 46.1796 39.1809
-118.502 46.9567 59.8132
-119.868 46.2471 79.1657
-119.698 47.4811 101.087
-1.73464 -116.322 -100.046
-3.06389 -115.428 -80.0592
-2.28628 -117.312 -59.7695
-1.66857 -117.09 -40.4902
-3.17915 -116.615 -20.6773
-3.6003 -116.223 0.892944
-3.17615 -117.622 20.268
-1.91203 -116.395 39.9823
-1.84191 -114.728 61.0812
-1.87213 -115.638 79.8217
-1.38337 -116.269 101.659
-12.0847 -100.868 -99.4083
-12.8318 -98.9579 -80.0699
-11.7456 -99.4154 -60.2104
-11.5464 -99.5286 -39.7436
-8.97898 -99.8416 -21.0307
-11.216 -97.9954 1.47349
-11.8573 -98.9276 19.4791
-12.6217 -96.9086 40.1061
-11.611 -99.6392 60.4095
-11.731 -98.937 79.7492
-11.708 -99.4955 100.85
-21.5648 -82.2402 -99.1301
-22.034 -81.177 -79.8499
-22.9039 -82.4885 -59.849
-22.0331 -81.8133 -40.7452
-21.9831 -81.6275 -19.7167
-22.3932 -81.8905 -0.426151
-21.4663 -81.4844 20.0016
-21.7289 -82.1183 39.857
-22.499 -81.3396 59.9806
-22.8509 -81.9128 79.3124
-21.3606 -82.436 98.8067
-31.9507 -64.7173 -99.8522
-31.7559 -65.8606 -79.0605
-31.4199 -65.6509 -60.6743
-32.2018 -64.3336 -40.0872
-32.5336 -64.7694 -19.8453
-32.6913 -64.2365 0.75981
-31.4487 -64.8611 19.9707
-32.3332 -63.7337 41.5103
-32.5367 -64.8117 58.821
-32.2077 -64.4897 80.0975
-31.6479 -66.0166 101.219
-42.8905 -47.397 -99.3703
-41.6985 -46.6574 -80.4297
-42.5957 -47.0786 -60.3868
-41.714 -47.3576 -39.8319
-41.7245 -49.0145 -20.2845
-41.8952 -48.2698 0.509535
-42.7082 -47.8591 20.2393
-42.203 -47.1182 39.488
-42.0457 -47.4589 60.6027
-41.2609 -47.2365 80.4278
-43.0573 -47.0392 98.956
-51.1395 -31.0095 -99.8316
-53.2775 -29.0948 -80.4638
-51.7809 -29.8626 -59.8519
-52.0052 -30.1008 -40.3679
-52.5873 -29.8489 -20.5446
-51.3851 -30.4617 -0.367297
-50.9049 -29.9201 20.9841
-51.5235 -31.1256 39.2637
-51.7552 -30.9117 60.5422
-53.02 -29.7085 79.7924
-52.8004 -30.0571 99.4175
-62.4577 -14.2888 -99.5881
-61.3695 -11.6535 -80.3349
-62.3459 -11.8799 -59.8337
-61.3705 -13.5333 -39.9352
-61.5063 -13.3295 -20.5019
-62.802 -12.2066 0.43678
-61.0702 -13.2653 19.43
-61.8548 -13.1717 39.5799
-62.4209 -12.6693 60.2844
-61.8424 -12.2485 80.508
-62.1376 -12.6698 98.4194
-72.0611 4.64355 -100.081
-72.7365 3.88083 -79.7067
-71.6633 4.21021 -61.6216
-73.1449 3.80793 -40.1868
-72.167 4.5046 -20.6938
-72.4591 4.52699 -0.943854
-71.2139 4.97485 20.6896
-72.2299 4.12464 40.3343
-71.2633 3.73069 59.6299
-71.8123 3.62979 80.3812
-71.8383 3.86536 100.475
-82.0714 21.8141 -100.042
-82.5621 23.0441 -79.7959
-83.3287 22.4302 -59.3011
-82.286 22.088 -39.4374
-84.0265 21.8446 -18.7868
-81.7779 22.3415 -2.03336
-80.9487 22.2632 20.0259
-81.6985 21.3044 39.9751
-80.9053 22.7772 59.0532
-82.2725 21.4489 79.8846
-81.7633 22.0233 100.37
-91.1738 39.4562 -100.645
-92.899 39.4295 -80.6195
-92.203 39.2503 -59.0689
-91.5567 38.9663 -39.7309
-91.9528 38.7303 -20.0844
-92.7407 39.3662 -1.01069
-91.4479 38.8905 20.5603
-91.5413 38.0722 40.462
-91.8769 39.8532 60.5694
-93.0122 38.9965 80.8155
-92.0808 41.1828 100.862
-101.494 57.4028 -98.6974
-102.128 56.9969 -80.3791
-101.97 56.8456 -59.6985
-101.821 57.4651 -38.9313
-102.677 56.8861 -19.7415
-102.523 56.3561 0.952117
-101.482 56.6077 18.8261
-101.168 56.7593 40.6655
-101.637 57.1998 60.7593
-102.427 57.8033 79.3235
-103.386 56.9998 99.244
15.6335 -106.05 -99.5384
14.8758 -107.417 -79.6003
16.411 -106.722 -59.7498
15.8711 -105.565 -40.54
14.2511 -106.349 -20.7337
15.9564 -106.343 -0.863505
16.5079 -105.88 20.968
14.7581 -107.337 41.07
15.4757 -107.077 59.7912
16.0305 -105.997 78.8423
15.2194 -107.649 100.555
5.03793 -88.414 -101.307
5.02806 -89.2542 -80.0063
3.60663 -89.3403 -61.3979
6.09752 -89.6333 -39.1791
6.22535 -88.362 -20.1196
6.26144 -89.8699 -0.142757
6.04423 -88.7516 20.419
4.89582 -89.0536 40.8629
4.49813 -89.8928 59.3471
4.83399 -88.8051 79.3507
4.63539 -89.5201 99.0221
-3.8445 -72.2361 -101.622
-4.84273 -71.2544 -80.5777
-3.97109 -72.7146 -60.6065
-4.70796 -71.5046 -40.4644
-3.80956 -70.1972 -20.1209
-3.51569 -71.9853 -1.26844
-5.36011 -71.8694 19.3493
-4.54746 -73.0847 40.7706
-2.96341 -71.8868 58.9601
-4.35547 -72.0534 80.4989
-3.84053 -72.2062 99.8623
-14.5277 -55.3322 -100.382
-13.4992 -54.1227 -80.8607
-14.065 -54.5421 -60.6255
-13.954 -54.4094 -40.287
-13.4355 -53.7258 -20.554
-14.7361 -53.738 -0.521887
-15.4183 -54.4729 20.8169
-13.6318 -53.5201 41.1858
-14.7266 -54.5346 59.0161
-14.677 -54.8468 81.0404
-14.8256 -55.336 99.8736
-23.6437 -37.0918 -100.137
-24.5841 -38.0581 -81.4252
-24.4823 -37.516 -61.1403
-23.588 -37.562 -40.9362
-24.4198 -37.7918 -19.7152
-24.8166 -37.981 0.0786632
-24.6203 -36.7558 20.1839
-24.4433 -37.3855 38.7132
-25.2799 -36.5827 60.0777
-23.4772 -38.1489 79.5773
-25.1137 -36.4706 100.038
-35.1197 -22.3153 -99.0969
-34.7781 -19.1206 -80.7687
-34.4104 -20.5065 -60.5809
-34.8354 -19.5471 -40.2581
-34.8847 -20.322 -19.412
-34.5037 -19.8381 0.298047
-34.5599 -19.7487 20.1266
-34.8736 -20.2463 39.6208
-33.9152 -20.2058 60.907
-34.1018 -21.0125 79.3721
-36.7413 -18.9523 99.5808
-44.3022 -0.953707 -99.1956
-44.4303 -2.28901 -79.8535
-44.9391 -2.24205 -60.2216
-44.2965 -2.79641 -39.5956
-45.073 -2.66301 -20.8272
-45.0126 -3.01013 -0.354521
-44.6146 -3.05101 19.7139
-45.7053 -2.84825 39.2048
-44.8692 -1.66519 60.9471
-44.7062 -2.7569 80.1211
-44.8273 -1.41158 99.9366
-55.5774 13.9304 -99.9123
-55.9498 15.0296 -80.3692
-54.7667 15.5291 -59.3939
-54.1796 15.2952 -39.8585
-54.7697 14.4727 -20.7285
-55.0221 14.4501 -0.856235
-54.655 14.9149 19.0008
-54.6172 15.2896 38.2889
-55.4237 14.7332 60.5017
-56.3452 13.3357 79.8685
-55.2742 14.7183 100.36
-65.4756 32.5605 -99.5736
-65.2657 31.1396 -80.6956
-64.8261 31.8747 -59.2504
-64.4813 32.4626 -39.22
-63.8839 32.5305 -20.2485
-64.0619 31.1831 0.832773
-63.8613 31.3256 20.5582
-64.9587 31.6373 39.811
-65.1722 31.1735 59.2491
-64.3947 32.4246 79.1136
-65.0726 31.3764 100.006
-73.5267 49.077 -100.883
-74.4069 48.8639 -80.333
-75.0816 48.5373 -59.5058
-75.1094 49.9953 -39.3993
-74.9167 49.7332 -20.4792
-73.8855 49.0818 -1.24551
-75.3209 49.8912 20.8232
-75.182 49.8655 39.5194
-74.8381 50.2934 60.2489
-74.015 49.0422 80.0899
-76.0254 48.9848 100.896
-84.8171 65.6323 -100.864
-84.0226 66.9559 -81.4494
-84.6036 67.2549 -59.9157
-84.9244 66.7127 -39.1147
-86.4271 66.1981 -20.5154
-85.0568 66.2413 0.428045
-85.0911 66.784 20.8215
-84.4726 66.6424 39.0071
-83.3655 65.6581 60.0417
-85.0684 67.524 80.0768
-83.7917 66.7195 99.3061
31.8191 -96.0096 -100.587
32.2859 -95.7158 -78.9962
33.3741 -96.3278 -61.6094
32.7701 -97.5076 -39.1752
32.7635 -97.0819 -20.849
32.371 -95.9135 0.208181
33.5201 -96.9557 20.0681
32.5636 -96.2308 40.2909
33.5381 -96.5725 59.6934
32.8564 -95.877 81.0129
33.1528 -95.44 100.639
23.552 -79.047 -100.408
22.7692 -79.0472 -80.3327
21.8682 -80.5346 -59.8301
21.929 -77.8052 -40.9075
24.3704 -79.2436 -21.0559
21.7224 -78.917 0.204299
22.8902 -78.6432 19.8916
23.5736 -80.416 40.4982
23.226 -78.0376 60.6814
22.9167 -79.0941 80.255
22.9048 -79.5643 99.5933
11.4486 -61.3875 -100.226
12.4868 -60.2594 -79.9532
12.3854 -63.2111 -59.0628
13.4681 -60.4978 -41.2518
14.3754 -61.8742 -20.8236
13.1884 -61.9415 0.0696025
13.7984 -62.4937 20.7171
11.1895 -62.1762 39.6854
12.9388 -61.703 59.1042
11.4336 -63.34 79.1536
12.0663 -61.7418 99.1076
3.18974 -44.9623 -98.1671
3.05831 -43.6494 -80.1422
2.51844 -44.537 -60.2196
2.73754 -45.3093 -39.8728
4.35853 -45.5656 -18.9194
3.13077 -43.6682 0.134054
2.8463 -44.5758 18.9691
2.02758 -44.4935 39.488
2.50026 -44.9922 61.4979
2.94213 -44.8274 81.1076
2.17078 -44.474 100.934
-7.70174 -26.6231 -100.113
-7.28099 -27.6682 -80.9289
-8.40625 -26.76 -61.1288
-8.34299 -27.5915 -39.9673
-8.04508 -26.8653 -21.8662
-7.00113 -28.3484 -0.396629
-6.06174 -28.0549 19.9826
-6.54136 -26.3671 39.6959
-7.89001 -27.0777 61.2198
-6.89886 -26.3166 79.6506
-6.83584 -27.2928 98.9762
-16.7253 -11.4958 -99.481
-17.0358 -9.36565 -79.4724
-17.6414 -8.93573 -60.4403
-17.3836 -9.62138 -39.5254
-17.7086 -10.0805 -20.8381
-18.0596 -9.4353 -0.555233
-17.8472 -8.62885 19.798
-17.1127 -10.0123 40.5133
-18.1567 -9.87799 59.8592
-17.8562 -8.83456 80.3849
-16.4356 -9.4967 99.3944
-25.7452 8.38772 -101.358
-27.7981 7.44409 -81.3029
-27.6467 7.07121 -60.0958
-28.6105 6.94543 -40.4602
-27.3624 8.54182 -19.7427
-28.1212 8.35744 -0.905266
-27.2172 8.47004 19.6212
-28.7119 7.00927 40.5717
-28.3052 8.33371 59.9185
-27.0417 6.88852 80.1563
-28.1426 8.59445 100.217
-36.3297 25.0751 -101.01
-37.6083 24.6994 -80.519
-37.8703 24.2258 -59.5836
-37.4911 24.3433 -40.1908
-37.6204 24.4622 -20.0361
-36.8297 25.2262 0.351742
-36.0493 24.4922 19.5777
-37.5617 23.9739 39.9983
-37.2838 24.222 60.5333
-36.2248 24.0639 78.4852
-36.7353 24.7149 99.3435
-47.793 43.1362 -100.139
-47.2293 41.8454 -79.9012
-46.1155 41.6106 -60.2046
-46.0773 41.314 -39.9453
-47.1257 41.9863 -20.3758
-47.7308 41.1711 0.311637
-46.8503 42.7142 20.7888
-47.828 41.5437 39.274
-47.6719 41.2807 60.8662
-47.1357 41.4516 79.9893
-46.3981 41.9018 99.0041
-57.2293 58.6235 -99.1974
-58.1797 59.5657 -81.0287
-58.7623 60.2674 -59.714
-57.7199 59.0791 -40.0768
-57.7182 60.5516 -19.3899
-56.4488 58.177 -0.960275
-56.9481 59.3471 20.035
-58.5252 58.8223 38.9291
-56.7287 58.7173 59.3053
-57.3935 59.3746 81.1248
-58.4761 58.0509 100.414
-67.2893 76.631 -99.4945
-66.7119 75.4249 -81.0476
-67.5567 75.5755 -60.717
-68.0277 76.4699 -39.6985
-67.4104 75.8562 -18.628
-66.2245 76.8171 -0.493247
-67.5327 77.1182 20.3465
-67.2355 77.9058 40.2919
-67.5815 77.3992 59.624
-66.964 76.579 80.0293
-67.7378 77.4973 99.9464
49.0926 -86.6035 -98.6457
49.3816 -87.7254 -80.943
49.7747 -87.0766 -59.9442
50.2394 -86.3919 -40.1408
48.7111 -86.9344 -19.2345
49.7365 -85.6664 0.115555
50.1748 -86.126 20.3921
50.703 -86.0721 40.6421
49.8426 -86.7029 60.5023
49.7128 -86.2979 78.2575
49.3242 -87.1611 99.7687
39.1987 -69.4331 -99.6617
39.9161 -67.9133 -80.2161
40.2046 -69.4028 -58.153
39.95 -68.3214 -39.7788
39.713 -69.0207 -20.3186
40.314 -70.725 -0.826804
39.1002 -68.6448 19.9878
40.2632 -68.9155 40.2195
41.3699 -67.9815 60.3616
39.1129 -67.7963 79.4807
39.4165 -68.3907 99.2837
29.8719 -52.7948 -100.071
29.5246 -51.1878 -79.6124
28.573 -50.8807 -59.2412
29.5969 -51.7682 -40.4531
30.651 -52.8828 -19.6451
29.4654 -52.2682 1.03707
30.9315 -51.4547 20.4897
29.3262 -52.3754 40.9584
31.8389 -51.8256 59.5905
29.5933 -52.1114 79.7392
29.0925 -50.7166 98.6874
19.4079 -33.912 -100.336
19.2389 -35.0078 -80.0591
19.5958 -35.108 -60.5532
19.8863 -34.9223 -40.7743
19.23 -33.9822 -19.1073
20.1877 -34.8552 -0.64815
19.226 -35.1413 20.4736
19.8148 -34.7799 38.4348
20.5952 -33.9372 59.5511
19.6311 -33.4589 79.2667
20.454 -35.1687 100.504
9.2433 -17.9858 -99.1389
10.6267 -17.2705 -79.4415
10.3496 -18.1944 -61.0876
10.1896 -16.7827 -40.7654
9.26418 -17.6523 -19.6971
10.0821 -17.3427 0.0422898
8.94337 -17.6779 20.4748
10.4374 -16.0424 40.2225
10.2622 -17.0125 60.2713
10.2211 -16.8432 78.6716
10.5011 -18.6918 100.644
-0.799337 0.911214 -99.5432
-0.413651 0.197942 -79.9358
-0.252844 -0.786381 -59.5027
0.00335706 0.308915 -40.3241
0.193642 0.72311 -20.9778
-1.20339 0.576429 -0.283273
-0.379114 -0.125647 19.2911
0.0826894 -0.573031 41.732
-0.487724 -1.03311 59.6275
-0.912993 -0.0200839 79.7383
0.00287484 -1.18538 100.466
-10.8489 17.9937 -99.0424
-9.40839 17.0238 -80.0316
-9.97546 17.2333 -59.9302
-10.1321 16.8923 -39.2993
-8.75992 18.1595 -20.2071
-11.2364 17.9079 0.742018
-9.81829 17.4333 18.7068
-10.2932 17.5092 40.2324
-9.66747 16.8849 59.5877
-10.8617 17.8027 81.6436
-9.28177 18.1246 100.452
-19.6065 34.4335 -100.215
-20.6489 33.9187 -80.867
-20.4872 35.4521 -60.1474
-19.4811 36.0051 -41.2643
-20.3543 34.69 -18.9067
-19.8542 35.1484 -0.272545
-20.4354 33.834 20.5189
-21.328 34.0971 39.9249
-21.3561 33.6454 58.7741
-20.2519 34.8156 81.7971
-19.7593 35.7209 98.4936
-30.6036 51.8167 -100.588
-30.1407 50.9253 -79.8425
-29.2906 52.6126 -60.1288
-30.5341 51.5337 -40.5748
-31.2818 52.4427 -18.9248
-29.7632 52.2918 -0.271949
-30.9692 51.9996 20.624
-30.3515 51.9828 39.8088
-29.4713 51.7969 59.6689
-29.8793 53.3072 80.0953
-30.4394 53.3184 100.886
-39.7656 69.0544 -99.6879
-39.3536 70.0265 -79.5337
-39.4191 69.8984 -61.3864
-40.6702 69.1105 -40.5771
-38.8716 69.144 -20.7635
-40.5644 69.5052 1.1727
-38.7007 70.454 19.5147
-39.3744 70.0111 39.1548
-39.8136 69.327 59.1153
-39.6689 68.6457 78.2629
-40.3828 69.1794 100.403
-49.6774 88.1823 -99.6923
-49.4955 86.795 -80.3332
-49.9273 85.9847 -59.0699
-48.7214 87.5052 -40.0387
-49.3339 86.4216 -19.6058
-49.9148 85.8319 -1.173
-50.5129 85.574 20.0002
-50.6746 86.7516 40.7883
-49.7949 86.4545 58.3129
-49.7962 87.9186 79.9664
-50.4191 87.284 100.27
67.2698 -77.6372 -99.5972
66.0578 -77.3399 -80.392
67.0784 -76.1869 -59.9738
65.4003 -75.5041 -39.6204
67.8197 -77.0162 -19.6148
66.9885 -76.116 0.183504
65.551 -75.1973 20.2987
66.908 -75.575 40.0171
68.2402 -74.9441 58.3917
69.1514 -77.608 80.1447
67.2235 -76.4934 100.727
57.6906 -59.7886 -98.1943
56.9229 -59.5023 -79.5168
56.7093 -58.3365 -59.6452
57.5856 -59.3395 -40.0946
57.9047 -59.9438 -19.3
57.7754 -60.5422 0.113701
57.127 -59.1706 19.8615
57.4331 -58.3405 40.2692
57.662 -58.4431 59.0725
56.4049 -58.1238 79.8999
56.3953 -59.4913 99.8611
47.0036 -41.9945 -100.724
47.7439 -42.0722 -79.3705
46.7076 -41.1618 -60.552
47.0796 -42.8341 -39.7556
46.3357 -40.9601 -20.2301
47.3493 -42.0068 0.406644
46.7344 -42.5885 20.5426
46.2656 -41.2302 40.2239
47.4755 -42.4013 59.1827
46.7815 -41.3913 80.6904
46.4419 -40.6174 101.056
36.4396 -25.281 -100.813
37.6244 -26.2715 -79.9676
36.7433 -25.1678 -60.8773
36.5016 -24.9012 -40.9092
36.413 -24.1774 -19.2194
35.9293 -25.5193 0.0668579
36.8806 -24.4126 20.0031
36.8009 -24.2067 40.7448
37.0722 -25.0624 59.397
37.8511 -25.3912 79.5297
35.848 -24.9861 100.136
27.9125 -9.07339 -99.9017
26.486 -8.0517 -79.3515
27.8684 -7.30143 -59.9953
27.447 -7.9395 -40.2518
27.8748 -7.29858 -19.3555
27.9251 -7.92693 0.874113
26.7853 -7.23102 19.7755
27.7468 -7.60619 40.0849
27.9958 -7.89476 58.7766
27.5696 -8.1585 80.4757
25.4588 -8.10095 100.313
16.5451 9.52464 -99.7485
16.9669 10.3603 -79.2464
17.0187 10.2244 -60.0652
16.5818 9.38462 -39.1196
16.6168 10.6348 -19.9628
16.2381 9.7043 -0.0968003
17.7608 11.0689 18.8684
18.4959 9.59119 40.2297
17.4338 10.0741 60.3618
17.0349 11.1666 79.9657
17.394 11.0189 98.3809
7.65143 26.0176 -101.139
7.06568 26.7536 -79.9904
7.40126 27.4114 -58.6715
6.26761 27.4986 -39.8146
7.45192 28.5514 -19.6284
6.59925 26.8227 0.994926
7.65676 26.6952 19.8826
7.54895 27.621 41.0917
7.48145 27.6414 60.3703
8.33464 27.9742 80.0764
6.59748 28.0716 99.891
-2.19723 45.6294 -100.002
-2.85158 44.0681 -80.7771
-2.34413 44.1602 -60.2498
-2.75301 44.5831 -40.0489
-1.83385 45.2483 -18.6812
-2.88505 45.5001 0.130636
-2.67693 46.4169 19.1219
-2.27766 43.9555 39.8224
-2.48251 45.8448 59.1573
-2.89302 45.7626 80.3579
-3.22488 44.2177 98.1432
-11.4344 62.4199 -99.8528
-12.8598 61.97 -79.563
-14.1404 61.3785 -59.851
-12.6697 61.5585 -39.5293
-12.4301 61.3252 -18.8836
-12.5437 60.7162 0.38157
-13.2514 61.7429 19.606
-13.071 63.1519 40.9924
-13.6811 62.7452 59.256
-11.9624 62.7189 81.1324
-12.5263 62.845 99.8057
-24.0232 78.2867 -100.18
-22.5589 78.6702 -79.8768
-22.8912 78.8213 -59.049
-23.1211 79.4752 -40.1416
-23.7603 78.3231 -19.0835
-21.3862 78.7574 0.370111
-22.4663 79.6104 20.1257
-21.9734 79.2897 39.3076
-22.5016 78.4899 60.2357
-22.9063 79.0858 80.1135
-22.527 79.7791 99.2889
-32.9147 96.6519 -99.1273
-33.2628 96.7602 -80.7906
-32.1202 95.772 -61.7575
-31.656 95.1151 -39.1282
-32.9685 96.6524 -19.8389
-33.4947 96.1356 -0.84436
-33.0695 96.4164 19.7151
-32.6664 96.526 39.3174
-31.6027 96.5745 59.3006
-32.309 97.1176 79.3812
-33.0817 94.9771 100.756
85.2825 -66.2851 -98.209
84.9978 -65.8268 -79.1117
83.6091 -66.0532 -59.666
84.2466 -68.1505 -41.7415
84.1836 -65.7064 -20.2868
84.8107 -64.4965 1.30344
84.6284 -67.053 19.5983
84.7412 -67.3395 39.8751
85.2204 -65.8715 60.8361
84.7995 -66.3818 80.2183
84.1367 -66.4985 99.5724
74.0066 -49.6933 -100.136
74.9957 -49.5804 -80.6573
75.0041 -48.7867 -59.8139
74.4809 -49.1591 -41.3159
73.6239 -48.9284 -20.4237
74.4224 -49.6275 0.560952
74.673 -50.818 19.8647
75.3267 -49.8742 39.9551
74.2538 -48.2121 59.8307
74.6669 -49.0441 80.279
74.4003 -49.5852 99.4508
64.4708 -32.1762 -100.959
64.7675 -31.6516 -79.3068
64.9679 -31.9838 -60.0017
63.7551 -31.8214 -39.7675
64.7851 -31.5708 -20.4679
64.7067 -32.4602 0.838756
64.8392 -31.8411 18.2579
63.1996 -31.1887 38.9509
64.0895 -31.6081 60.8715
63.4103 -33.171 80.1199
64.6404 -32.5202 98.4942
54.7857 -15.0471 -100.557
54.1567 -14.5647 -79.3419
54.1869 -13.4909 -59.7749
55.9976 -13.5283 -40.7202
55.1051 -15.1611 -19.33
53.8435 -15.8635 -1.08039
54.1531 -14.4903 20.505
56.0627 -15.4617 39.9912
55.7007 -14.7771 58.6876
54.6509 -14.6951 80.1465
54.2938 -14.1369 99.9607
44.2561 1.94212 -100.117
44.9761 2.56666 -79.2606
43.884 2.53146 -60.91
43.9506 2.66373 -39.92
44.0843 2.69793 -19.1392
45.6702 1.91395 -1.17696
45.2779 1.40741 20.2773
44.8841 1.99555 40.5862
44.629 2.48421 61.8366
45.9963 2.93825 78.1998
45.8574 3.05656 99.1039
35.3761 19.8986 -101.005
35.2216 20.1671 -80.694
34.9442 19.6427 -59.9946
35.6392 19.2744 -39.9561
35.0521 20.2263 -19.5923
34.3394 20.3852 -0.650376
35.5072 19.6903 20.0402
35.7227 20.1166 39.3633
35.0473 20.3711 60.8417
35.5298 19.7487 79.2812
33.9603 19.1289 98.6154
24.7281 36.4653 -99.8118
24.8837 37.3 -79.5008
24.5699 38.1832 -59.3818
25.1415 36.5552 -40.1912
25.0149 38.188 -21.4481
25.2423 37.1412 -0.160856
24.6396 37.9926 19.7615
25.6413 37.7335 39.6985
24.4397 37.0094 61.0724
22.9282 37.9221 79.1215
24.1896 37.4801 100.337
15.2195 54.9923 -100.843
15.1076 54.9768 -81.9412
13.2564 54.5721 -59.9156
13.5207 54.1298 -40.0868
13.935 54.3205 -19.9
14.5308 55.2254 0.618175
13.4484 53.0591 20.6159
14.8676 54.3037 39.6883
14.555 55.0616 58.6692
14.6734 54.3244 80.463
15.4778 54.1627 99.6394
4.70028 71.9528 -99.8308
5.61887 71.2317 -81.8525
4.36551 71.4938 -59.281
4.09337 71.9823 -40.0855
4.60065 73.104 -20.274
6.16437 73.0566 -0.585302
4.01341 71.4936 19.8396
5.15206 72.1633 40.0824
5.39673 72.614 60.2787
5.45027 71.335 79.6799
4.44998 72.9757 100.777
-6.87837 90.4749 -100.479
-5.46703 89.7004 -80.7166
-5.26627 89.3311 -61.2087
-5.0076 89.6839 -39.7527
-5.91232 88.4499 -19.7955
-5.44734 90.6199 -0.240173
-5.20798 88.8039 19.3017
-6.10688 89.159 39.4825
-5.94296 87.2489 60.2462
-5.75247 89.156 79.1346
-5.01063 90.6115 100.627
-14.7691 106.492 -100.109
-14.9809 107.673 -81.0407
-15.5533 106.818 -59.8578
-14.1854 107.357 -39.0044
-14.6917 106.779 -18.6305
-14.6903 106.517 -0.390459
-16.3115 106.692 18.2747
-15.4855 107.878 40.3159
-14.0354 105.222 60.7981
-15.7196 106.613 79.4583
-15.1146 106.006 99.5092
100.901 -55.9978 -99.8069
101.921 -56.8975 -81.1397
101.992 -55.4956 -60.6578
102.081 -56.4639 -40.9036
100.636 -56.1725 -20.3753
101.37 -55.7447 0.366935
102.172 -57.8829 19.6874
102.304 -57.0371 40.5948
102.704 -55.367 58.6868
103.008 -56.7704 78.9311
100.707 -56.889 100.186
91.4655 -39.5732 -100.375
91.3689 -39.281 -80.5651
92.0979 -39.4082 -59.71
90.6109 -39.8008 -39.0952
91.1548 -39.6202 -19.6147
92.034 -39.6558 0.6432
91.4871 -39.2483 19.9344
91.1012 -39.3407 39.2588
91.2288 -40.2225 59.3046
92.5474 -38.9125 80.6391
92.9179 -39.0332 99.6515
82.707 -21.0936 -100.396
81.316 -21.8985 -81.3349
81.2469 -21.3162 -60.2254
81.0991 -21.5358 -39.8307
81.0104 -22.477 -20.6507
82.1527 -22.1845 0.327273
82.3951 -22.2374 20.7517
82.6459 -22.3196 40.3212
81.5119 -22.7635 59.8866
81.9268 -22.8331 79.8448
82.2783 -23.4332 101.321
72.16 -4.05688 -99.5843
71.4556 -3.45091 -79.5359
71.9575 -4.64512 -59.7083
72.4761 -4.5049 -38.9498
72.0287 -5.41882 -19.0862
72.5719 -4.40546 -0.777623
71.0752 -5.1104 20.2975
71.2879 -4.086 40.6872
72.4787 -2.95264 59.4308
70.4582 -5.85856 80.6609
72.155 -4.35585 99.5715
61.0349 11.1837 -99.8279
62.5223 12.6349 -80.2983
61.6891 13.651 -60.0739
62.3423 12.3754 -40.158
62.4607 13.4503 -18.6393
61.2959 12.3396 -1.03654
61.8015 13.0373 20.909
61.4778 14.2647 39.6368
62.7466 12.7628 58.4907
61.417 12.3794 77.9626
62.0155 12.3141 100.981
51.7561 29.7011 -99.4866
51.194 30.6183 -80.7073
51.8668 29.929 -59.5328
52.101 29.6909 -40.5597
50.9723 30.02 -20.1897
50.9338 30.7994 0.167799
52.3334 29.5588 18.7589
51.98 29.7311 39.9884
51.9353 29.5764 59.2632
51.8165 30.1876 79.311
51.4845 30.529 98.753
41.7764 47.6906 -102.209
42.2746 47.1919 -79.3956
41.2021 47.6965 -60.3143
40.7068 48.0603 -39.579
41.0646 46.8253 -19.9246
41.3866 45.707 0.0865834
41.6329 47.3644 19.5732
41.7908 48.0674 39.3699
41.6214 48.3188 60.7457
41.2633 48.0555 79.3259
41.2192 47.3527 99.9192
30.9447 64.9598 -100.015
32.5832 65.8814 -78.7221
32.2818 63.7135 -60.3925
32.0889 64.4205 -38.8772
31.9984 64.8777 -20.3662
31.3287 65.1986 1.19226
30.394 64.1627 19.3466
31.6722 64.8544 39.0595
31.6822 64.8629 60.4425
32.3958 64.8195 78.9041
31.9878 65.3692 100.859
22.6493 83.201 -100.031
22.1013 82.4291 -80.0552
22.515 82.5647 -61.4874
20.8259 81.6942 -39.3092
22.0145 81.8442 -20.2591
21.767 82.2631 -0.160359
21.8303 81.3863 19.5402
22.2003 81.5166 41.1945
22.5962 82.9805 60.3449
21.1585 81.9879 80.2283
20.984 82.3355 100.188
11.9119 100.25 -100.842
11.1894 100.226 -79.308
12.3942 100.219 -60.6251
12.5446 100.237 -40.0976
11.7909 99.0313 -20.2208
12.4593 99.3426 -0.324779
10.9237 100.286 20.6119
11.0222 99.8851 39.0731
11.5469 99.3201 60.4634
11.5077 97.5774 80.7216
11.9831 98.3307 100.613
1.59887 116.419 -100.491
1.15929 116.806 -80.2933
1.91245 116.176 -59.7513
0.996167 116.763 -39.1733
1.92708 117.136 -19.6936
1.84827 116.587 0.764763
2.67904 117.479 19.9709
1.86488 116.212 38.7617
2.27047 117.191 59.9977
1.61659 116.668 80.3807
1.90447 116.443 101.615
119.461 -45.9994 -100.187
118.332 -46.7203 -80.8435
119.223 -45.7692 -61.3967
120.091 -45.5907 -39.611
119.199 -48.0616 -19.5294
120.176 -47.1923 -0.610188
118.759 -46.3787 20.6438
119.561 -46.2238 40.472
119.583 -46.369 60.0008
119.075 -45.9465 80.0815
119.049 -46.0515 99.7404
108.926 -28.8406 -99.2138
109.686 -27.9256 -78.7048
108.605 -28.8814 -61.4305
110.807 -29.2678 -40.0445
110.113 -29.0327 -20.989
109.633 -30.4441 -0.0265449
109.063 -29.279 20.6776
109.113 -29.4017 40.8593
110.01 -30.3928 60.5899
109.436 -28.9278 79.0742
109.166 -29.857 99.2515
100.2 -10.8824 -100.18
98.5252 -12.2495 -78.7346
99.0662 -11.6905 -59.1998
99.6125 -12.3234 -40.1363
99.4325 -11.9545 -21.2849
98.8422 -11.254 0.375883
100.74 -12.2638 19.2304
100.097 -10.646 40.3328
98.9881 -11.0304 59.6564
99.4059 -12.2958 80.6074
99.0265 -12.9168 101.115
89.1805 5.0348 -100.647
89.02 4.72825 -79.7896
90.631 5.29789 -60.7513
88.615 4.33844 -40.2809
91.0207 6.18462 -19.9604
91.0305 5.75659 0.141978
88.6486 3.99797 19.9395
89.3089 5.64085 39.8178
89.8122 4.85127 59.9814
89.5116 6.26168 80.2302
88.7354 5.38995 101.074
78.9641 22.3144 -99.4251
79.9492 22.7481 -79.3421
80.6037 22.9373 -59.9511
78.8416 22.8877 -38.5064
78.9285 22.1029 -20.1743
79.5951 23.4001 0.368075
77.7331 23.446 19.3307
80.8129 22.451 40.8294
78.6682 21.5366 60.1309
80.2774 22.9561 79.8341
79.2889 22.6041 99.826
70.0754 41.3037 -100.571
69.3254 39.8176 -79.7559
70.557 39.2733 -59.8451
67.7257 39.1379 -40.3892
67.9725 39.5631 -19.8922
70.1898 40.2899 -0.359188
69.5183 38.6709 20.4446
69.9605 39.552 39.7998
68.4789 40.922 59.2674
68.8626 40.4263 80.5503
69.4664 39.323 99.9681
59.9329 56.1626 -99.9291
59.561 57.8422 -80.088
58.8535 56.7791 -59.8657
59.2094 57.6319 -39.7439
59.7068 57.4795 -20.0211
58.8065 57.464 -0.525942
58.0869 57.3906 19.0566
58.5359 57.2943 40.1068
60.8366 58.3368 59.3691
59.1863 57.1895 79.2541
59.3197 57.9892 100.806
49.3507 73.7026 -100.127
49.0131 75.1837 -79.1732
49.0006 75.0684 -61.1141
48.707 74.2286 -39.8092
50.0179 75.0425 -20.1328
48.142 74.8228 -0.436096
50.1188 74.6963 20.4632
49.7282 75.0122 39.7178
48.9772 74.0457 58.4879
48.8959 74.577 79.4546
49.5765 75.0969 99.8517
38.6749 92.0596 -99.7009
39.7726 93.7208 -80.5505
40.9031 92.6068 -60.8798
39.6155 92.9834 -38.4927
39.5093 93.1319 -21.1956
39.2742 91.2814 -0.308322
39.6003 92.1563 21.1891
39.4552 91.3302 40.0725
38.811 91.6923 59.7117
38.4564 93.2155 80.3716
39.2695 91.6754 98.6715
29.0954 110.276 -100.028
28.9272 109.659 -80.2875
29.548 110.219 -59.5015
29.494 110.058 -41.1897
27.2022 107.698 -19.9785
29.1472 109.585 0.994283
29.6567 108.368 18.8709
28.6275 109.458 39.6588
29.4285 109.06 60.6695
30.1143 109.516 80.0663
29.6974 111.011 99.9191
19.7375 126.394 -99.694
19.3807 126.176 -80.1621
19.5413 127.557 -61.1563
18.4274 126.492 -40.5727
19.3104 126.427 -19.9114
18.6601 126.095 -0.216876
20.3298 125.873 20.6405
20.5061 126.323 39.5251
19.3055 126.157 61.7903
18.1334 126.932 79.7752
19.858 127.399 100.268
137.383 -36.2784 -102.311
136.504 -37.05 -81.1987
136.811 -36.8915 -60.8973
136.921 -37.2854 -40.8525
137.034 -36.3526 -18.6972
135.738 -36.435 1.23449
137.662 -36.8753 19.3696
136.755 -36.6847 39.5487
137.719 -36.2668 60.0214
137.827 -37.1979 79.385
137.085 -36.5332 99.425
126.468 -19.537 -100.251
126.934 -18.8662 -78.4123
127.16 -19.9035 -59.1423
127.427 -18.3593 -40.5497
127.633 -20.605 -19.9885
126.373 -18.4171 -0.339642
126.49 -18.9312 19.5205
127.652 -19.4261 39.8264
125.925 -18.694 59.8118
126.256 -19.8612 78.969
127.363 -17.5859 99.4584
116.412 -1.07426 -99.5989
117.636 -2.41902 -80.0096
116.103 -2.1726 -59.3199
114.752 -2.41796 -39.9801
117.024 -2.0164 -20.3629
117.254 -2.53606 0.800098
115.806 -0.724517 19.884
116.134 -1.95942 40.3531
116.408 -2.44555 59.8709
117.371 -0.507015 78.3428
116.518 -1.18216 100.334
106.7 15.1436 -99.3829
106.157 14.4804 -81.2018
107.369 15.1341 -59.1641
106.701 14.6893 -39.462
106.631 15.5782 -20.1432
106.597 16.2873 -0.862207
106.681 16.0253 20.0032
106.037 16.6317 40.3948
105.924 15.4094 58.3408
106.296 16.1969 81.0244
107.017 15.0996 99.5214
95.8081 33.1757 -100.788
96.7457 32.7953 -79.8556
95.7758 32.745 -59.8548
97.1246 32.6822 -39.9724
95.997 32.9012 -20.1396
96.2997 33.1511 -0.762685
96.9323 32.8549 20.2667
97.283 31.0505 39.4913
96.7749 31.4819 58.9253
95.8185 32.8607 79.4484
97.0693 32.0744 99.4816
87.3401 49.1157 -99.3636
86.8952 49.7965 -80.4098
83.5047 49.932 -60.4178
86.5397 50.0334 -39.2786
86.0158 50.587 -21.2685
85.7405 50.0181 0.739701
88.0376 48.9685 20.7368
87.3935 49.5172 40.7948
86.2055 49.2799 58.9545
85.3341 49.9326 78.9184
86.41 50.4965 100.159
74.9851 66.8511 -100.281
76.3166 68.7275 -79.4981
74.9973 66.2222 -61.3994
77.2874 67.0297 -40.4233
77.0007 67.5587 -20.4092
77.1799 67.1935 0.710402
76.0954 68.0737 18.3769
77.8128 66.5139 40.0695
76.4149 66.4689 59.4393
76.7375 66.7242 79.3004
76.4396 66.8069 100.124
66.9896 84.8405 -100.032
67.2921 85.3564 -81.4662
65.7918 83.9127 -59.4418
66.505 83.5411 -41.4596
66.7966 85.1944 -19.5681
66.6629 83.8307 -0.963233
66.3818 85.6235 19.4974
67.3304 85.1623 39.5812
66.3073 85.0516 60.0302
67.0266 84.8385 80.7118
67.2753 83.1045 100.918
55.5034 102.442 -101.079
56.1883 100.971 -79.4896
55.6689 103.115 -59.7594
56.745 102.859 -40.871
55.8429 101.77 -20.0627
57.685 103.404 0.767903
57.2133 102.786 20.1272
56.6869 102.567 39.566
56.4239 102.57 60.9283
56.8033 101.207 79.8014
57.0216 102.668 98.7768
46.2626 119.497 -99.4891
47.2427 120.008 -81.0153
45.089 117.96 -59.9504
47.9543 119.018 -39.8652
46.1226 118.783 -19.561
47.6523 119.994 -0.206826
47.0687 119.368 19.5474
46.6526 118.823 40.3315
45.2813 120.212 60.6904
46.973 118.914 80.3839
46.7991 119.305 100.328
36.526 135.569 -100.16
36.0098 136.287 -79.4982
36.8292 136.912 -58.7506
36.1276 134.475 -39.3248
36.1424 138.232 -19.6187
37.8772 136.7 0.130851
36.4504 134.722 20.768
36.6297 137.165 40.6213
36.9092 137.381 60.8781
36.4071 137.207 80.0087
35.9797 137.325 99.6752
# データ (ここまで)
