# ガウスノイズ付加データ No.0 (ガウスノイズの分散: 1)
point
# データ数
1331
# データ (ここから)
-74.8712 -116.57 -104.099
-70.4321 -117.926 -84.8261
-65.3644 -123.574 -66.367
-59.2764 -123.954 -46.4269
-55.6106 -127.456 -27.8452
-50.1159 -133.497 -9.51181
-43.6914 -136.384 8.95255
-42.704 -137.002 30.8709
-34.4509 -142.675 47.9662
-29.726 -146.49 66.8962
-25.8432 -146.854 86.177
-83.6573 -97.6945 -101.142
-79.4469 -101.79 -80.0776
-72.5608 -106.439 -60.5199
-66.645 -106.294 -42.7601
-61.6338 -111.306 -23.1042
-59.8999 -113.943 -4.43853
-52.7825 -117.435 17.0236
-47.548 -119.644 35.4522
-41.8682 -124.372 53.9363
-36.7483 -126.766 72.7632
-31.385 -129.053 91.9726
-91.088 -80.2248 -93.1291
-86.7393 -83.0796 -75.1065
-78.8312 -86.8624 -58.8558
-74.4329 -91.6709 -38.3807
-73.4193 -93.7266 -17.7473
-65.7995 -95.7773 0.545433
-62.6473 -98.963 18.9509
-56.0887 -103.039 39.5978
-50.1712 -105.558 58.8356
-45.557 -108.465 75.8957
-41.3867 -112.552 95.1309
-97.5125 -62.5261 -88.18
-91.7265 -65.9918 -70.9974
-87.2635 -69.6727 -50.917
-82.8176 -70.3014 -33.9579
-78.8002 -76.5205 -12.9441
-74.1364 -78.5837 5.00219
-68.5745 -81.8703 25.9566
-63.8445 -86.0716 44.7901
-55.0471 -88.8375 62.0827
-54.7365 -90.665 84.0734
-48.901 -93.8946 100.023
-106.077 -45.5832 -85.577
-101.215 -48.1407 -64.7554
-96.8752 -52.0637 -45.874
-89.1031 -55.4707 -26.9145
-87.0797 -56.5293 -9.73465
-79.5218 -59.8092 10.0557
-75.8842 -64.8537 30.2102
-72.9078 -67.6493 49.2605
-67.6645 -70.4999 67.9023
-61.7263 -73.3048 87.7203
-54.4726 -75.7499 107.934
-113.014 -27.9188 -79.5486
-108.544 -31.3731 -61.7356
-102.979 -33.5215 -41.1349
-99.4136 -36.4651 -22.5871
-92.7416 -41.1249 -3.45746
-87.2141 -42.9491 15.2117
-83.759 -45.9479 34.0556
-77.8323 -47.1369 54.3825
-73.338 -51.2672 72.9883
-67.7963 -56.0659 92.6989
-62.9926 -58.338 112.309
-121.407 -8.33025 -74.5644
-115.374 -14.2961 -54.1517
-110.767 -15.9461 -36.7828
-107.182 -19.5017 -16.7203
-102.126 -19.6301 2.02314
-97.4131 -25.9284 21.4758
-90.0051 -28.7747 40.8344
-86.7843 -32.5985 59.1955
-82.0991 -34.1362 79.3334
-75.0798 -38.3897 97.3739
-71.9339 -42.3683 114.617
-128.974 8.62726 -68.6021
-123.271 6.32595 -50.3677
-120.013 2.46455 -32.8142
-113.453 -2.76696 -12.853
-108.086 -3.33416 6.50682
-104.155 -6.22368 26.7575
-97.043 -11.9278 46.7841
-94.4494 -12.1866 63.9585
-91.5837 -18.1947 82.1198
-82.9344 -20.4478 100.291
-81.5966 -22.4394 119.309
-137.998 25.4449 -63.8749
-132.755 21.8975 -45.9911
-127.243 20.5872 -26.0791
-121.775 17.8324 -7.81973
-114.589 12.1076 12.6924
-112.085 8.56723 29.1914
-106.724 8.90014 50.9563
-101.642 4.68932 70.7192
-96.8275 0.635001 87.884
-93.01 -1.80767 106.99
-87.0326 -4.82182 125.601
-142.984 44.222 -59.1455
-137.448 38.7884 -39.5557
-135.463 37.7933 -20.9636
-129.72 33.8429 -1.10575
-124.533 31.3469 17.2124
-118.661 27.6004 35.7374
-114.38 25.5853 55.7026
-109.425 23.0083 72.802
-102.713 17.2436 94.2057
-99.7073 14.6487 112.273
-94.4876 10.5107 130.256
-152.509 61.6915 -54.0606
-147.015 58.8964 -36.2713
-141.653 54.8473 -16.8203
-136.574 52.6267 0.781729
-134.221 49.6371 22.9935
-125.902 45.8001 42.5672
-120.452 43.888 60.2956
-116.724 37.7666 78.253
-111.872 34.2561 99.3704
-107.215 33.4149 117.54
-102.954 29.0161 137.752
-57.9514 -106.689 -106.908
-51.1223 -110.99 -88.023
-46.3279 -112.475 -69.2721
-44.6857 -116.953 -51.6606
-38.127 -121.59 -31.0548
-32.0498 -123.031 -12.9753
-25.1151 -126.634 6.7007
-22.5136 -129.842 24.4722
-18.0799 -134.899 43.8729
-11.5512 -135.774 65.5709
-9.86934 -140.022 83.3592
-65.2925 -91.4403 -103.046
-59.6621 -92.7035 -80.5828
-55.9944 -95.8561 -65.4599
-49.6142 -98.4549 -43.2588
-43.9813 -101.172 -25.6127
-41.2975 -105.291 -5.5399
-36.0992 -108.36 11.9883
-30.0324 -112.365 30.3313
-27.5711 -114.467 48.1772
-19.9036 -116.584 69.5321
-13.9597 -122.396 86.9785
-72.2337 -71.1655 -97.1872
-67.6831 -72.5535 -76.9812
-63.2843 -78.9783 -59.2162
-57.4388 -80.6808 -39.9135
-51.5478 -84.1244 -21.2577
-45.6928 -89.4546 -2.43258
-41.9519 -92.7553 18.8733
-37.9034 -93.9461 37.4477
-31.2859 -97.2497 52.224
-27.8619 -101.159 74.3631
-22.7893 -104.456 94.373
-79.5882 -54.1867 -92.6195
-75.6031 -56.7631 -72.0592
-70.7576 -60.9508 -55.6732
-64.8657 -63.8837 -35.4329
-60.9155 -66.2814 -14.9189
-54.925 -69.2412 1.96452
-49.9271 -72.081 21.9485
-45.1729 -76.5006 40.1994
-38.4609 -80.9314 60.5146
-35.5623 -81.7134 78.5395
-30.3008 -86.13 99.03
-87.1807 -37.6253 -86.8326
-84.3728 -39.019 -67.1625
-78.8319 -41.1503 -48.9275
-74.0465 -46.8794 -31.0738
-67.8711 -50.4955 -12.613
-63.7764 -51.4481 7.58764
-57.9776 -55.4925 27.7016
-53.4849 -56.8822 46.2376
-47.7797 -62.909 63.9761
-43.5191 -65.6295 83.2112
-37.6462 -67.3839 103.348
-97.5723 -17.5738 -81.9341
-89.4198 -22.25 -63.4337
-85.6288 -25.3555 -44.7817
-79.4588 -28.5518 -24.9035
-75.9703 -31.809 -6.91043
-70.6951 -33.7173 11.7259
-65.5524 -37.5898 32.6121
-62.5584 -41.4008 49.772
-57.3762 -44.8828 72.2131
-51.5093 -48.5972 87.3487
-44.5727 -49.7255 107.935
-102.841 0.0410522 -76.8364
-99.2064 -2.76753 -56.6043
-93.4189 -8.29305 -38.1277
-87.7324 -11.85 -20.2637
-84.336 -13.0327 -0.90285
-79.4596 -17.1305 16.3978
-75.1815 -20.0438 37.3752
-69.3828 -23.9859 56.486
-64.5522 -25.7947 75.3583
-58.945 -30.5966 92.9142
-54.9123 -31.9473 113.573
-111.008 18.4894 -73.3689
-107.593 15.011 -55.1777
-100.243 9.27303 -34.9086
-96.0799 8.72203 -15.9336
-89.7732 5.15169 2.53237
-86.214 0.833645 22.262
-81.6599 -1.17362 42.313
-76.8203 -5.63555 64.1667
-72.0718 -9.48563 81.498
-64.0658 -10.8895 101.543
-62.8841 -15.1584 116.962
-119.017 34.9294 -69.8529
-115.991 31.7116 -48.0215
-108.359 32.2605 -30.0839
-103.608 25.5252 -9.43794
-99.5859 20.8938 11.0453
-95.8726 19.4392 26.6353
-91.542 15.3842 46.0979
-85.0713 10.8896 65.9783
-77.1132 10.5171 83.0826
-75.0454 5.13467 104.032
-70.3323 4.02253 124.635
-125.884 53.1621 -63.9578
-123.366 50.4247 -45.0667
-115.649 45.6587 -23.9723
-110.933 43.9483 -4.75285
-107.181 36.3129 12.1521
-103.317 37.2941 31.7436
-98.4701 32.14 52.0346
-90.3965 30.6309 71.5855
-85.8418 27.4076 90.972
-81.6892 21.5972 108.463
-76.3876 20.0449 127.1
-133.665 70.8145 -56.7911
-129.381 65.9461 -38.6662
-123.865 63.9403 -19.7639
-120.826 60.2211 -0.57545
-115.034 56.9505 18.1539
-110.217 54.0578 38.4683
-106.156 51.8516 55.8497
-100.901 48.3545 74.237
-93.8108 45.9169 95.5062
-90.3375 43.631 114.027
-85.3231 37.8321 134.527
-39.7214 -98.8779 -109.542
-35.0729 -100.483 -90.6633
-28.7303 -105.955 -72.6015
-24.7393 -107.699 -54.5287
-19.112 -108.838 -35.7348
-12.7291 -113.22 -14.6248
-8.50921 -116.775 3.20221
-3.29455 -119.794 21.776
2.49922 -123.472 41.4445
4.28767 -125.963 61.4197
8.92556 -132.042 79.8832
-47.2481 -80.554 -106.814
-42.1866 -84.2455 -85.7853
-37.8115 -88.0402 -69.3732
-29.9724 -91.2081 -47.2587
-26.6779 -93.3099 -29.1136
-22.141 -97.9437 -9.53431
-17.5601 -100.98 8.15765
-11.6866 -104.569 29.2443
-8.41299 -104.902 47.6731
-0.399738 -110.379 65.3696
2.18272 -112.125 86.4886
-54.7604 -63.2861 -101.196
-48.6378 -66.8265 -81.7334
-45.5631 -70.1031 -63.6756
-39.8838 -71.9175 -44.1506
-33.7304 -75.2045 -23.2271
-29.9668 -80.6969 -6.41062
-24.239 -81.9756 12.4634
-20.0145 -86.4628 31.5817
-15.3612 -89.2081 52.7229
-10.4502 -90.6498 70.623
-5.01031 -93.3622 89.0114
-61.6013 -45.9023 -95.8263
-57.0302 -49.6393 -79.0673
-50.9917 -51.1671 -59.8488
-48.2521 -55.5524 -40.5636
-43.616 -58.3747 -18.971
-37.2385 -61.4034 2.36523
-31.7512 -65.2144 19.6104
-26.8841 -67.6518 38.0745
-22.0693 -70.0691 56.0483
-15.7088 -72.2583 76.7665
-12.3706 -77.3887 94.8909
-70.7935 -26.8254 -88.8622
-65.3827 -30.8278 -72.5546
-58.8735 -32.8354 -52.6273
-55.8341 -35.6414 -33.2694
-49.1089 -40.548 -14.435
-47.491 -44.8194 5.44308
-41.387 -47.7372 23.6156
-36.1864 -50.3144 42.9984
-32.67 -51.5418 62.1565
-24.6488 -58.9892 81.9137
-20.2096 -59.201 99.5743
-77.7571 -8.953 -85.7461
-74.8034 -12.7535 -66.3136
-68.5813 -15.995 -47.5582
-61.7354 -19.6322 -27.9717
-58.5192 -21.7819 -10.2923
-54.604 -25.3876 9.5716
-46.9109 -30.6948 27.9001
-43.7903 -33.3737 46.3864
-38.5884 -34.4442 66.6757
-34.6817 -36.95 87.7578
-28.3358 -41.699 104.499
-86.3104 8.32647 -80.7552
-79.7352 6.14911 -60.5954
-74.9687 1.61873 -42.1046
-72.0891 -1.96481 -25.598
-65.5177 -4.23484 -5.98007
-60.198 -7.41779 14.0969
-57.6497 -12.5947 32.3409
-51.1168 -15.4446 53.1018
-44.6015 -17.3713 71.0507
-41.2755 -19.8497 92.5954
-34.8516 -24.6889 110.739
-94.6832 25.5269 -75.612
-89.6708 23.9123 -56.8848
-81.9644 20.6873 -37.8391
-79.1189 17.4661 -17.9227
-73.1301 11.9916 0.646388
-69.6827 8.48975 19.952
-62.147 6.08008 36.3691
-57.3984 4.42621 56.2065
-52.4506 1.07296 78.7748
-48.5603 -4.28575 95.9441
-42.3399 -6.14667 115.826
-102.62 42.3468 -71.8094
-97.0665 40.9703 -52.1776
-92.2504 35.7682 -33.6455
-84.9298 33.6272 -13.5113
-81.7011 28.9794 4.30005
-75.034 28.6107 24.6254
-69.7468 25.2429 42.2135
-67.2355 23.1447 61.249
-60.9679 16.5626 82.2962
-57.2369 14.0045 100.087
-52.366 12.9552 118.811
-108.742 60.6343 -66.296
-103.698 59.6565 -48.5825
-100.021 55.5932 -26.6797
-95.1603 52.0191 -9.05319
-89.5055 47.6535 11.246
-83.3034 47.3192 28.3679
-78.647 41.2251 49.2754
-73.1922 39.0399 66.2545
-69.5059 36.4425 86.5033
-65.0081 32.5021 107.431
-59.6943 29.0291 126.119
-117.634 78.6837 -60.1078
-110.27 76.6254 -41.1808
-106.208 72.8695 -20.9502
-102.505 68.0009 -3.12288
-96.8634 64.9859 13.8097
-90.8798 61.3337 32.8698
-87.6874 60.0437 53.0522
-82.1246 55.0616 71.6798
-76.5859 55.1261 93.4378
-72.1769 52.9244 111.042
-68.2136 45.6696 132.742
-22.4244 -90.8579 -112.614
-16.4548 -92.0038 -95.335
-12.1344 -96.5089 -76.2185
-6.76684 -98.9278 -56.745
-1.16432 -103.551 -36.1536
5.91275 -105.393 -16.7984
8.04981 -110.013 -0.678054
12.3305 -112.64 20.2113
17.9567 -114.509 36.6092
23.3716 -119.212 58.5211
25.9405 -121.757 77.0925
-28.5611 -71.468 -108.194
-25.6659 -76.6823 -91.4071
-20.0529 -77.7948 -71.606
-15.5266 -81.6935 -52.2578
-10.1792 -87.4721 -31.7923
-4.19588 -89.2757 -14.0669
0.29916 -89.1715 6.02723
6.19591 -93.7886 26.0482
8.21416 -99.0079 44.1851
15.4813 -100.157 61.6535
20.0105 -104.127 82.9426
-37.1174 -53.3708 -103.906
-32.087 -58.3155 -85.172
-25.8559 -58.938 -65.2185
-22.8051 -64.2973 -48.0372
-17.6451 -68.3347 -26.9649
-13.0846 -70.388 -9.23636
-6.10882 -72.6972 8.42137
-2.87044 -77.7907 30.6773
2.42976 -79.08 48.344
8.40994 -83.2632 67.6201
12.6687 -85.3371 88.095
-44.342 -36.731 -99.8728
-41.4941 -41.2159 -80.0561
-33.3042 -44.7654 -61.6313
-29.7221 -47.0614 -43.1889
-24.2964 -48.834 -21.7991
-18.2215 -51.524 -3.69766
-16.7159 -56.0793 15.7852
-11.0739 -58.0389 33.3811
-5.73342 -61.4763 54.4648
0.888301 -65.9803 71.8922
5.80767 -70.6079 91.6276
-53.8261 -19.2833 -94.1494
-46.7485 -23.4999 -75.3099
-43.118 -25.4916 -56.6151
-37.6364 -28.8899 -37.098
-34.652 -31.752 -18.2748
-28.4909 -35.8248 0.374311
-22.5364 -38.1371 19.4354
-17.1287 -41.5719 39.6502
-12.9907 -44.02 61.0215
-7.50835 -47.718 77.3727
-4.33419 -49.2417 97.3816
-60.4869 0.406165 -90.5088
-54.7535 -3.82437 -71.2368
-49.9221 -7.9948 -52.7158
-45.8545 -9.45843 -32.0258
-39.7439 -12.7412 -12.8363
-35.4726 -16.8677 5.98432
-31.8186 -20.9544 26.7335
-26.0995 -23.5263 46.4478
-19.6711 -25.8352 63.2698
-15.3848 -30.5499 82.8525
-11.5403 -32.5422 102.021
-66.5414 16.2515 -84.2025
-62.3436 13.1318 -67.054
-58.3874 10.2085 -45.2195
-54.0437 8.27476 -28.7586
-49.0396 2.00825 -6.01055
-42.2449 2.08099 11.554
-38.4426 -3.65932 29.5487
-33.423 -5.45509 48.5829
-27.6275 -9.36742 69.7019
-23.0666 -11.7571 87.5296
-18.5253 -16.146 106.411
-74.3769 34.9666 -77.8017
-70.9494 32.622 -59.7054
-65.6993 27.3281 -40.3301
-60.4699 26.2405 -22.532
-56.4261 20.5307 -2.59522
-49.8811 17.3061 16.6468
-46.1721 15.0808 34.2681
-40.5062 13.2937 55.4375
-36.1266 8.90555 74.2305
-29.5096 5.79263 93.4058
-25.1642 1.80705 114.013
-85.1542 53.0562 -74.5518
-77.7041 49.265 -55.4628
-74.1297 44.7012 -35.8201
-68.8265 43.3173 -17.1988
-63.1885 40.0168 1.44428
-58.5483 36.5191 21.0154
-53.8045 33.958 39.6631
-48.6787 29.0694 60.7973
-41.5395 27.5949 79.5937
-40.4671 22.374 97.3404
-34.5952 18.3054 117.705
-90.1345 70.9958 -68.9907
-85.6861 68.5002 -48.6481
-81.4475 65.5638 -32.0151
-75.7484 60.7631 -12.8924
-68.6491 56.063 6.63068
-66.2807 53.9331 26.1062
-62.2142 50.318 44.4961
-57.9582 48.3701 61.9378
-50.7216 43.8116 82.8261
-47.1921 39.5135 103.557
-41.7241 38.6039 119.774
-98.1114 87.4272 -64.8911
-94.0376 82.272 -45.1461
-88.7379 80.1565 -26.5065
-83.2662 77.017 -6.89656
-77.375 75.6672 11.5671
-73.175 70.088 32.5077
-68.9017 66.5872 50.7613
-64.0422 65.5531 69.9606
-58.1956 60.0036 90.0464
-53.9932 57.5712 107.444
-49.6643 56.5513 127.448
-4.43373 -79.2477 -117.753
0.914134 -84.3112 -99.0296
4.6129 -88.725 -80.0369
11.1427 -91.1155 -59.5759
15.3514 -95.1301 -42.2924
19.3219 -97.566 -21.5426
24.9152 -100.587 0.400709
29.609 -102.702 16.8882
36.1662 -107.094 35.6393
40.6128 -110.098 54.4805
45.7609 -112.677 72.9682
-11.5235 -62.756 -112.224
-5.76251 -66.8712 -91.9909
-2.56068 -69.0012 -73.9136
3.0903 -73.0392 -54.8806
9.23972 -77.3172 -38.3178
11.892 -80.4646 -15.3442
20.0091 -81.9604 1.0354
24.5752 -85.9336 20.3675
28.6438 -89.0774 39.8622
34.0895 -91.554 58.5912
38.3897 -95.9541 80.1051
-19.4089 -45.876 -106.362
-13.8787 -49.4899 -88.7346
-10.2201 -51.3989 -68.0054
-5.54307 -56.2645 -49.34
0.510573 -57.726 -31.8261
4.35595 -63.3518 -13.7617
11.6332 -64.0851 8.03575
15.6207 -67.1039 26.4454
19.7586 -71.8756 45.9397
26.2395 -74.0826 65.6576
30.8222 -79.1452 82.5301
-26.7262 -27.7937 -102.718
-22.397 -32.1278 -81.8942
-16.803 -36.5728 -64.2355
-12.2531 -35.3916 -44.5228
-7.75037 -41.7154 -26.1755
-3.98142 -44.7156 -6.01309
3.98555 -46.9387 10.8193
8.98056 -49.0617 32.457
12.2235 -52.4253 51.8785
18.2073 -56.7406 69.7655
23.9003 -59.652 89.1806
-35.7582 -8.38229 -98.8463
-30.7093 -12.9364 -77.7628
-23.3916 -17.3931 -58.3371
-18.6492 -18.578 -40.0554
-15.9655 -24.4449 -21.3386
-10.4129 -25.3577 -1.34481
-5.11025 -28.7208 16.6942
0.866887 -30.8805 37.1942
3.89415 -34.8811 54.5854
8.77274 -39.4769 75.1204
14.342 -41.0006 94.0482
-41.9175 6.92829 -92.9819
-40.0888 3.09293 -72.9082
-32.6566 1.75517 -53.2468
-28.1788 -5.80698 -35.325
-23.9983 -5.81731 -16.2
-17.4142 -8.61405 2.39544
-13.1903 -13.7326 22.9765
-8.68374 -16.7702 41.7014
-2.24568 -16.8393 62.4881
2.60636 -23.1928 79.0756
7.05217 -25.5356 99.297
-50.6922 25.0451 -87.1152
-44.4697 20.9762 -67.3879
-42.0907 18.5019 -49.2951
-35.7569 14.5163 -30.5085
-29.981 13.3811 -11.4752
-24.9482 8.55123 8.55507
-20.0598 7.19838 25.4133
-15.2272 2.09246 48.0455
-10.4574 -1.69677 64.5087
-5.12445 -2.40674 84.0178
-1.03583 -5.44683 102.996
-58.067 41.3497 -82.1177
-53.5435 38.8474 -62.0437
-49.0618 36.5195 -42.5886
-45.619 32.8518 -25.29
-37.4528 30.9798 -6.24151
-32.7742 25.8394 12.3579
-28.8436 25.1399 31.6326
-23.7997 21.7955 50.5326
-17.4291 15.8226 72.7115
-12.6542 14.1814 89.7369
-7.51265 11.5388 107.372
-68.3382 60.2254 -76.1536
-60.7389 56.6497 -57.3959
-57.0396 54.9905 -39.9442
-51.2665 51.2442 -20.511
-46.0019 48.1355 -1.83545
-41.5224 45.3563 18.3343
-37.0515 41.3976 34.3815
-31.3149 38.5852 58.8211
-26.7898 35.5474 73.6367
-22.0181 31.7876 95.1582
-16.0754 31.1298 113.459
-73.5084 76.7022 -71.4431
-67.7278 74.4517 -53.7414
-62.5323 70.7098 -35.4765
-58.2127 67.7187 -13.4647
-53.5849 65.9351 1.86918
-48.2989 61.2575 24.6095
-42.2548 59.3931 42.2944
-38.4658 55.9065 62.0885
-31.8155 52.6994 82.0877
-27.8902 48.4049 100.012
-21.9617 46.9299 118.886
-81.647 96.0282 -67.8757
-76.6629 92.5032 -49.7964
-72.1314 89.7263 -30.0553
-66.9489 86.2827 -10.9004
-63.2215 83.198 7.86195
-56.0988 78.584 27.3681
-52.545 77.7139 47.5312
-48.3505 72.7777 66.4091
-41.1353 72.7077 84.8976
-37.9154 67.2503 104.379
-29.7275 63.8694 124.354
13.0943 -71.2348 -121.787
19.3265 -76.62 -99.7523
23.6515 -80.1179 -84.0828
27.8884 -81.8918 -61.5059
32.979 -86.822 -43.5564
39.777 -89.8555 -25.347
42.3046 -92.8327 -7.00616
49.0456 -94.4351 13.3137
53.1921 -99.2563 30.4048
59.9451 -100.966 51.7182
65.1596 -103.872 68.9074
6.39902 -55.9994 -115.045
10.7656 -57.8842 -96.504
15.5962 -61.1252 -77.6276
22.1252 -64.3924 -59.6978
26.46 -67.0254 -39.4064
31.2034 -70.2555 -18.2146
34.4404 -75.2347 -1.37322
40.5387 -77.2358 17.5277
45.5602 -80.5235 37.5187
49.9559 -83.4559 57.6402
57.3829 -87.2832 75.7844
-1.67623 -38.373 -109.564
3.66295 -39.3681 -91.7301
8.80387 -43.334 -71.7259
14.5218 -48.2586 -52.1558
18.2185 -51.2413 -32.5277
21.4906 -51.4916 -15.5072
29.4901 -57.5273 4.91845
32.9071 -59.0153 22.491
37.8625 -62.6821 41.8524
42.2394 -66.6369 61.7298
50.2084 -68.9307 81.2256
-8.21617 -20.7719 -106.759
-3.78745 -23.0372 -86.0952
0.190507 -25.6902 -67.6978
5.71165 -28.3266 -48.4667
11.8542 -32.8346 -28.4948
14.5427 -36.9049 -12.1276
21.1831 -39.4232 9.81696
25.2664 -41.2608 28.5693
29.7604 -45.6173 48.0633
36.4792 -48.0109 66.4981
39.3252 -51.3104 85.5015
-17.3274 -1.50453 -100.87
-12.0414 -4.60401 -81.4426
-7.00897 -6.93854 -64.5004
-2.1755 -10.281 -43.0034
2.49587 -15.6816 -24.0551
8.64864 -18.2356 -4.1449
10.3603 -22.3206 13.6751
17.1716 -25.0473 33.2954
20.2815 -29.2302 53.4253
26.486 -28.0226 71.7454
33.8586 -32.0161 91.5253
-24.54 13.8197 -95.6934
-19.335 13.1587 -75.4771
-15.3624 10.215 -56.6295
-10.3394 7.70807 -38.1901
-3.58919 3.01324 -20.3063
-0.450304 -1.74184 -0.2939
5.47321 -3.11346 19.0059
9.74002 -5.72343 38.6137
15.4195 -9.39304 56.4225
18.8635 -13.4014 77.1763
26.0614 -16.4492 94.0439
-32.3443 31.9094 -91.704
-27.9584 30.7899 -70.1242
-22.459 29.0406 -51.7036
-18.2346 23.1298 -32.1382
-11.611 20.8489 -13.9045
-7.57348 18.5796 4.64411
-3.39805 16.0092 23.4694
2.44247 10.8929 42.7573
6.11063 7.64745 61.6744
10.031 4.78077 81.0435
16.9623 3.89073 98.1033
-40.0817 50.3653 -85.9356
-35.6542 47.9131 -66.0785
-30.0705 46.3456 -46.6599
-25.7759 40.4939 -28.2628
-20.0058 37.297 -10.4214
-16.0559 34.1034 10.3343
-11.4923 30.4517 28.8425
-2.82941 29.2248 47.9677
1.51721 25.1363 67.5638
3.08456 21.081 87.3544
10.1932 19.1645 105.665
-47.8942 69.4317 -81.5975
-42.5848 65.2359 -61.6197
-36.7108 62.3792 -42.9942
-31.3883 59.8445 -22.1134
-28.4361 58.2339 -2.99155
-24.5154 52.0853 15.4482
-19.6641 52.1766 34.4325
-14.1983 48.2628 53.4446
-7.47287 43.6024 73.4729
-3.65808 40.0696 89.2996
1.69486 36.7268 109.262
-56.4739 85.8824 -76.7924
-49.7231 83.4938 -56.6067
-44.7117 79.6368 -37.6376
-41.6532 80.1407 -18.0621
-38.007 73.8184 1.45531
-30.1023 71.3868 20.2112
-27.8355 67.3628 38.8576
-20.3801 66.4948 58.3593
-16.4935 62.1014 76.6507
-9.65909 57.7432 96.6474
-5.34627 54.2918 116.534
-62.9568 103.572 -70.5605
-59.1003 99.8436 -48.9087
-53.2947 97.7039 -31.2888
-49.3253 95.7436 -13.2937
-44.039 93.3244 7.36631
-38.3109 89.3312 25.885
-33.9784 85.1009 44.8608
-26.6541 83.7083 63.3483
-23.0877 78.3412 81.7734
-16.1811 75.8649 101.944
-13.1223 72.1111 120.872
32.3281 -64.906 -123.535
36.5211 -66.0932 -105.522
42.0703 -70.9407 -84.6072
46.6494 -74.9423 -66.9348
53.3508 -77.6189 -47.372
57.0083 -80.0755 -27.993
60.5804 -84.6696 -10.5373
66.2889 -86.4101 9.30858
70.6134 -88.423 31.0078
76.5713 -93.4006 50.4636
81.9165 -96.2977 67.1054
22.8559 -46.2625 -118.123
28.8801 -49.9944 -98.7054
33.6717 -53.2505 -80.4535
38.3648 -54.0469 -61.8695
42.7325 -58.7587 -41.0016
48.6041 -62.0801 -22.8782
53.5756 -65.7748 -3.94371
57.8954 -70.6437 14.7619
63.4191 -69.8545 34.6026
68.5997 -74.5351 53.9645
73.1522 -78.7613 72.2137
18.2799 -27.8313 -114.089
22.702 -31.9727 -93.4852
26.7611 -34.3199 -76.5381
31.4685 -36.3647 -57.6983
35.7767 -41.0024 -36.332
40.0959 -45.0652 -18.6353
44.079 -47.6119 1.69608
50.5552 -51.8025 20.1785
56.6929 -54.0616 39.424
61.7481 -58.3606 58.336
65.8402 -60.1624 77.558
8.53639 -10.2055 -109.361
13.5959 -14.7861 -90.7982
16.819 -17.029 -72.0678
21.3377 -21.783 -51.2773
29.6849 -23.6171 -29.9742
33.5427 -25.7678 -11.2206
39.2889 -30.8435 4.86414
42.0183 -33.887 24.2837
47.6074 -35.877 44.0039
53.7418 -40.6688 63.6349
55.8746 -43.724 81.4293
1.03787 7.04597 -105.137
4.50799 3.53191 -82.8571
10.1725 2.08413 -65.8251
14.7878 -2.88938 -46.8722
21.3949 -7.95594 -27.2843
25.8117 -9.51695 -9.24389
29.4633 -12.6805 11.5814
35.3743 -17.128 29.3038
40.968 -18.5584 49.6092
45.6904 -22.583 67.3431
50.7661 -25.1855 89.0809
-6.75148 24.3842 -97.7813
-0.719763 21.3473 -79.4102
3.3874 17.0496 -60.9056
7.03188 14.104 -41.0084
12.2736 12.0939 -21.9011
18.5275 7.84989 -2.95504
23.4724 7.1997 16.047
29.0359 1.33391 34.6973
32.9429 -0.532563 55.0939
38.3043 -6.76441 72.4651
42.7163 -6.27176 92.2309
-14.3754 43.7845 -93.3931
-10.3569 37.39 -75.9321
-4.16096 36.0742 -56.7993
0.0369508 33.2915 -36.2651
6.24448 27.818 -16.3969
9.99959 25.5401 0.717399
15.6609 22.51 21.5334
20.7863 18.5137 39.9208
26.1061 17.4302 60.0341
30.1875 14.7898 77.3634
34.8862 10.0955 97.7251
-21.0018 60.2252 -88.5351
-18.5533 56.0111 -69.1362
-12.5473 54.1482 -51.2703
-7.55601 49.9394 -29.2047
-4.0829 46.418 -12.125
3.76835 46.0772 8.03301
8.0179 40.5855 24.9749
11.3197 37.1976 44.4001
16.2385 32.2992 64.5456
22.8858 30.2861 81.7934
26.9319 27.2198 102.313
-30.398 77.2157 -83.1198
-24.5901 75.2329 -66.515
-19.4124 71.5962 -45.4347
-13.7449 67.8502 -25.3553
-11.0437 64.6027 -7.93273
-4.39933 61.5603 11.7429
0.776969 59.7796 30.1529
5.32668 55.2881 51.1292
10.2928 52.2924 67.7473
15.0861 50.5908 88.4855
18.6165 45.5575 107.433
-37.5427 95.9778 -78.4352
-32.4093 94.0435 -60.7878
-28.0054 88.591 -40.1837
-22.2536 86.3237 -21.7387
-18.0663 82.2026 -2.04822
-11.7998 79.1094 16.7723
-9.69015 77.2962 35.1051
-3.14445 72.3283 54.0682
2.84069 70.0667 73.7071
6.93863 64.8247 92.8021
9.62074 66.1612 112.905
-45.4422 110.501 -74.8587
-40.7574 110.664 -55.0083
-35.3956 105.096 -37.2945
-31.851 104.657 -15.9327
-25.5475 99.9928 3.83865
-21.0541 97.0636 22.7866
-16.4483 93.43 40.7782
-9.44181 91.2447 57.4844
-4.42189 87.632 80.6311
-1.20392 85.0601 98.0033
3.0578 80.8359 118.202
49.6485 -54.7512 -124.877
56.1421 -59.2717 -107.194
59.0148 -62.1088 -88.7639
63.2669 -66.1106 -69.7165
68.8838 -67.9391 -49.9395
74.0317 -72.723 -31.691
79.9968 -73.566 -13.4211
84.6107 -77.601 6.49446
89.2329 -80.5469 24.9821
93.4372 -84.5569 46.1269
98.8819 -86.6817 64.4903
41.1615 -38.3533 -122.576
47.2966 -40.797 -101.773
50.579 -43.8823 -83.7701
56.2537 -50.3096 -65.1165
60.4285 -50.7764 -45.0589
66.2922 -54.032 -26.0448
72.5833 -57.0601 -8.3983
76.9406 -60.6093 12.8214
80.7623 -63.0886 30.5869
85.3842 -65.0287 50.5445
91.2028 -69.1105 69.1339
34.4019 -19.5003 -117.736
38.1786 -23.0098 -96.0644
43.8772 -26.0846 -79.2484
49.095 -30.2243 -61.3877
52.363 -34.5598 -40.5578
58.095 -36.1757 -21.8653
65.0414 -41.3166 -2.73262
67.2812 -40.7387 17.6878
73.7755 -45.0758 34.1964
79.1122 -48.6373 54.7062
82.8777 -53.3021 74.5163
25.4905 -3.1678 -110.764
31.069 -6.50205 -91.3834
37.362 -10.5424 -72.1954
39.8437 -10.9945 -54.8699
44.0053 -14.6938 -34.3107
50.8404 -20.0175 -14.4465
56.3396 -21.829 4.07494
60.5848 -26.5644 21.052
67.5573 -29.398 42.5095
72.1861 -29.8975 60.473
76.7841 -33.9868 77.6878
20.1687 15.595 -106.256
24.7859 11.251 -86.1238
26.7417 9.83368 -71.3431
33.0394 4.3614 -49.2032
39.8366 2.4086 -31.0805
42.3199 -0.00706131 -12.3207
48.8805 -3.26587 8.29724
54.7381 -7.5222 28.5572
58.7282 -9.77094 45.8735
62.2168 -14.277 66.037
67.5977 -14.8104 83.0232
9.7184 32.2927 -101.49
14.9732 28.4432 -82.4196
20.6459 25.3753 -65.9761
26.9991 23.792 -44.8552
32.0703 20.2611 -25.7474
36.0162 15.7345 -5.29876
40.9931 14.6255 11.5581
43.2248 12.3167 32.5848
50.7841 6.27191 50.3119
56.4234 4.87497 70.5422
58.0508 1.37707 86.4817
2.56857 51.3195 -97.604
8.05459 47.9144 -78.9486
12.6416 44.7946 -57.9678
17.2944 41.6997 -39.1696
23.553 37.7919 -21.9468
28.5448 33.7561 -1.81188
31.0811 31.3109 16.777
37.9819 28.9978 35.7297
43.3238 25.8294 54.6233
48.4831 21.1148 76.6925
51.9485 17.8172 94.9067
-3.5771 70.9581 -91.0367
-1.42135 67.6834 -72.4484
6.21398 64.0732 -54.5451
7.84555 57.6261 -34.093
14.947 54.3438 -16.5217
19.9922 53.7726 4.58047
24.7944 50.6663 22.8018
29.2857 45.5494 40.8321
33.7359 43.0069 60.0209
38.9182 40.8059 78.8161
46.1468 36.2084 98.903
-14.0042 86.412 -88.0713
-7.9112 81.3918 -67.537
-3.93172 80.1407 -49.8906
2.17348 77.2624 -30.3814
8.90981 73.4873 -10.4669
11.9439 69.9814 7.73028
18.1496 68.9081 28.2677
21.7657 63.6195 46.6636
26.5758 61.6267 65.3316
32.7645 58.108 85.1609
37.8092 55.2317 105.601
-21.2329 103.761 -81.7611
-14.7379 100.46 -63.1948
-12.3907 97.1493 -46.2579
-4.75875 93.7715 -24.2259
-0.00693998 91.7596 -4.54083
6.35975 87.753 14.0562
8.1733 86.2959 32.7351
13.9016 80.8955 50.2102
20.0276 78.6305 69.4963
25.8708 76.1295 89.5122
30.4079 71.4111 109.432
-27.7797 121.401 -76.051
-23.4634 120.877 -58.8134
-18.5776 114.863 -40.1008
-12.0979 111.708 -19.7435
-8.09416 109.775 0.352449
-2.77075 106.177 18.9875
0.386341 102.382 37.6236
7.95953 101.268 57.2644
12.1294 96.1111 75.8746
17.3218 93.7535 95.536
20.6584 91.3586 114.427
67.7582 -46.2168 -129.982
69.3301 -51.4899 -111.423
77.2309 -51.5887 -91.3285
82.2305 -57.1485 -73.9089
85.9359 -59.5588 -52.493
94.4193 -62.3154 -35.7669
96.229 -65.1368 -15.5285
101.077 -70.0144 2.69984
105.433 -72.6793 23.5784
112.81 -75.5661 42.1879
116.863 -78.9364 61.2407
59.6839 -30.3852 -125.309
63.5133 -32.5396 -106.321
68.3361 -35.3894 -86.548
73.3641 -39.9302 -68.65
80.8939 -40.4386 -48.8174
84.06 -45.6006 -30.6903
88.2407 -49.1946 -9.66912
93.9259 -51.3977 9.80631
98.1976 -55.8954 27.2131
102.418 -56.8958 46.3005
109.398 -59.0048 65.0293
51.9671 -10.8712 -121.078
56.5885 -15.2139 -100.818
61.2682 -18.9068 -82.4775
66.7913 -22.4502 -62.8799
72.1988 -24.2241 -43.0992
77.3822 -25.4404 -24.3511
83.1442 -30.1002 -6.30747
86.5176 -34.1161 14.7636
92.6983 -36.5536 33.9939
95.7181 -42.7778 51.4114
101.936 -42.8493 71.963
43.5583 6.16213 -115.665
50.1262 2.20664 -95.2068
53.9173 1.04212 -78.419
58.3075 -2.30522 -57.2336
64.6794 -5.49688 -39.5482
68.3831 -9.49164 -19.9281
73.6796 -14.8698 -0.759697
78.4979 -17.1505 18.2088
84.541 -18.3826 39.2808
88.8502 -22.7912 55.2832
94.3415 -26.165 75.4118
35.3978 24.3309 -109.894
41.0145 20.2141 -90.6369
44.7397 18.0244 -74.8461
50.3256 14.3022 -54.2515
54.5876 10.8605 -32.9954
61.862 8.68672 -14.999
65.9429 4.98799 5.28835
70.1258 0.745934 23.8647
76.9687 -3.3426 43.5796
81.5958 -6.79621 63.107
85.7758 -8.63364 81.7285
27.7822 40.2539 -106.436
32.2194 37.4365 -85.2116
38.337 37.4113 -66.5286
42.2217 30.6707 -47.821
48.3011 29.1859 -28.6693
53.2928 26.1417 -10.1978
60.2039 23.3923 10.082
64.0419 19.1885 29.5679
68.6925 15.889 47.7609
72.1717 13.6355 66.6149
78.3749 9.51873 88.1579
21.7833 58.488 -99.9819
26.6889 55.5323 -79.4019
29.2398 52.7657 -63.471
35.4234 51.2273 -42.4416
38.738 46.2988 -22.1243
44.1348 45.3335 -4.76429
52.32 39.7205 14.3994
56.6435 38.5984 33.8861
61.6636 34.6741 51.5568
66.3691 32.0359 72.1506
71.8595 27.5074 90.3575
12.7893 76.4159 -95.2673
17.3839 73.6756 -74.7715
22.9978 69.2579 -56.0461
27.1717 68.7206 -39.0603
31.7857 64.0685 -18.8434
36.223 61.5607 -0.532804
42.1663 58.9297 18.02
45.4268 54.9372 38.3188
54.1874 53.6652 56.9862
57.4125 48.6242 75.2993
62.2218 46.4008 96.9442
3.63135 94.1662 -91.6477
10.9208 90.8352 -71.5135
13.9304 87.9207 -51.0433
20.9721 87.8982 -33.1567
23.5117 81.7255 -14.5356
28.9922 77.4977 5.6571
34.2157 77.3784 24.0535
40.936 72.3955 44.8376
44.3487 69.1963 62.3381
50.8769 67.6447 80.7887
54.5796 64.1198 102.48
-1.60492 112.258 -84.666
3.13014 110.737 -66.288
7.79556 107.246 -47.2929
13.6006 104.738 -28.5093
17.1698 100.89 -10.0531
23.6446 96.9675 9.33643
26.4309 93.7946 30.0542
33.0908 89.5203 50.9808
37.9603 85.8012 68.248
42.2475 84.2729 88.0304
47.1101 82.039 105.442
-10.2724 130.541 -80.1319
-4.03479 129.092 -61.8906
0.987798 125.339 -40.8566
4.24754 121.181 -23.9055
9.52178 117.419 -3.97987
14.869 113.607 15.4008
20.3485 111.144 33.728
24.4145 106.012 53.2729
30.8251 103.67 73.4497
31.8536 101.322 90.4434
39.9551 97.6226 110.448
85.0078 -37.8516 -133.341
89.0269 -43.4792 -112.403
95.0394 -45.978 -93.5899
101.637 -47.0066 -75.6094
104.05 -51.7554 -56.3213
109.806 -55.2523 -37.6713
112.409 -56.821 -18.5946
119.778 -58.7433 0.810306
123.551 -63.8705 21.1699
129.587 -66.9249 38.8055
134.132 -72.8403 58.7279
75.281 -19.3416 -127.012
82.1607 -24.5302 -109.685
84.986 -25.8941 -87.4187
91.3528 -31.3843 -68.9084
97.0051 -32.8693 -51.3921
99.9525 -35.9675 -32.0919
107.729 -41.2216 -14.3761
112.401 -42.8509 6.43727
117.545 -47.2022 25.6193
121.098 -49.679 43.0323
127.729 -52.7727 65.6835
70.3751 -2.12519 -125.29
74.2328 -5.72088 -103.62
78.0848 -8.99727 -86.1514
83.6043 -14.3452 -63.7356
89.896 -16.3172 -46.3776
95.0047 -18.9742 -26.1617
97.2639 -22.9487 -8.80376
104.436 -23.8251 8.73582
107.103 -28.4545 30.8701
112.186 -30.9653 47.0295
120.209 -34.6276 67.8358
62.0302 14.424 -114.722
67.2789 12.9317 -99.9507
71.5375 9.84129 -80.1288
76.9607 5.56411 -60.4745
82.3297 3.72769 -43.3432
85.6041 0.242504 -23.2482
91.5135 -5.43428 -5.46592
95.665 -6.85907 15.6283
100.174 -11.6058 33.9739
105.086 -14.2126 53.2683
111.806 -17.3292 72.5237
53.1619 33.4949 -114.576
59.2545 29.6248 -94.2203
64.792 26.5345 -76.3073
69.7498 22.3763 -55.3173
74.2898 20.0728 -37.1921
81.6122 16.6006 -17.0261
83.9189 13.935 0.126676
89.5344 9.54765 20.0523
93.7656 7.79851 38.435
97.2467 4.1197 59.9872
101.936 -0.0938664 77.8911
44.8622 50.549 -107.115
50.127 47.3107 -90.1928
57.6468 43.7433 -70.975
62.2609 40.3234 -49.9464
64.3052 37.5988 -30.638
72.6816 33.8016 -12.9891
77.8528 33.1834 6.50887
81.3114 28.7958 26.8404
87.4725 24.2043 44.138
89.3906 23.444 65.0457
94.7242 18.1605 81.7415
36.6282 69.8639 -104.905
42.7239 66.1486 -85.3308
48.7863 60.9185 -65.287
53.5884 59.313 -46.4228
59.1354 54.8744 -27.5062
61.1923 53.3947 -7.23414
67.7309 47.8126 10.4084
73.3973 47.2456 31.6052
77.357 42.1935 49.0118
83.7903 39.2338 68.5661
88.3951 36.6867 88.2847
31.6107 85.2885 -97.5189
36.1827 84.0735 -77.4644
39.6455 77.5767 -60.8518
46.5446 73.1991 -42.4923
50.7273 73.5385 -21.4626
54.4928 69.73 -3.49637
60.6322 66.5467 15.7594
65.8211 63.4257 35.925
72.8478 61.073 53.6823
75.3918 57.2502 74.8631
80.9951 54.3657 93.1573
22.4361 103.802 -92.223
29.581 100.607 -74.1534
31.7442 96.5156 -55.0631
38.159 93.5944 -35.6176
43.7357 90.0797 -15.6472
46.5818 86.6639 3.73316
51.7076 84.4086 21.0939
57.7753 80.133 41.0319
62.4135 76.991 60.503
68.4846 74.6464 79.0757
72.6702 70.9547 96.6215
16.0204 124.026 -87.9937
19.5633 118.003 -68.963
25.7098 112.351 -49.4966
30.937 111.65 -30.4147
35.906 108.865 -10.9718
38.5221 105.53 7.19708
45.7965 103.963 27.2521
49.7363 99.7721 46.6616
56.0654 95.5823 64.3507
59.7467 92.5078 83.7157
67.1738 88.2294 101.542
7.88188 139.614 -82.8729
12.8405 135.379 -62.8968
18.0426 133.179 -44.9414
23.5256 130.473 -26.766
25.9343 125.531 -6.7453
31.9645 123.404 12.6207
36.2364 119.851 30.5084
41.1243 115.687 49.4093
46.7831 114.462 69.3522
51.896 110.978 87.1587
57.6903 105.564 108.875
103.186 -29.412 -136.903
108.079 -33.6906 -116.314
111.945 -36.5065 -97.7773
117.862 -39.7866 -78.5535
122.91 -44.3688 -60.3805
126.163 -46.4142 -41.3098
132.671 -46.9102 -22.2418
137.783 -51.2395 -2.72554
141.929 -55.081 16.1335
147.654 -58.8769 36.7306
152.672 -61.8618 54.3458
95.6414 -13.0558 -131.972
100.286 -13.2422 -113.446
105.148 -17.9641 -93.612
109.32 -22.1434 -73.6441
114.311 -26.5196 -55.2796
120.35 -27.6772 -35.4337
122.372 -29.8417 -17.0507
129.407 -34.023 0.606368
136.455 -37.2705 21.4667
139.897 -41.4796 39.6387
144.744 -43.3559 61.4937
86.9416 5.69479 -128.025
91.8444 2.27565 -108.46
95.7587 -1.57872 -89.2563
103.575 -3.43324 -70.2005
107.112 -5.25242 -50.021
111.889 -9.26904 -29.4456
119.088 -13.3978 -10.966
121.746 -17.9549 7.7676
125.289 -20.3767 26.2743
131.612 -23.3136 45.1477
137.94 -26.8062 63.4194
78.7997 23.4298 -120.856
84.3603 20.5999 -100.925
88.5688 16.9288 -84.8672
94.8097 13.6271 -64.7488
97.5187 11.8634 -45.0082
105.564 6.78414 -25.6809
110.625 3.93055 -6.24153
114.349 2.58372 12.7173
118.833 -1.14233 31.1053
123.879 -4.99343 49.0903
129.84 -8.8635 68.8629
70.427 38.9987 -116.243
75.6419 38.2848 -97.4644
79.5978 35.5194 -77.8871
86.542 30.9388 -60.2647
93.0127 27.4621 -39.0137
94.2377 26.258 -20.5804
102.664 23.526 -0.701965
106.772 19.1262 18.5026
111.475 16.024 37.1358
117.201 13.9366 54.6314
121.5 9.51904 74.0981
64.0143 58.2932 -112.574
68.6373 56.1145 -91.4997
73.8483 54.5506 -72.0975
78.3616 49.9457 -56.9415
84.9646 46.7186 -36.3055
88.9059 43.7577 -14.9619
91.889 39.8805 2.25899
100.114 37.8658 23.5544
104.537 34.4322 41.9009
108.18 30.9682 59.9479
114.9 27.4897 78.642
55.7792 77.636 -105.567
60.6552 73.0471 -86.5911
67.2743 70.8384 -67.7809
70.3367 68.9898 -50.1665
76.4629 62.2772 -29.8368
82.351 59.2077 -10.3492
85.2097 58.619 8.42134
90.9943 56.0205 28.4103
96.3932 50.8455 46.7345
99.6659 48.4465 63.7629
107.534 46.756 84.3453
46.7093 94.8762 -102.719
53.6823 91.7531 -82.3673
59.3667 90.8361 -62.8028
63.4769 85.513 -44.4339
67.4094 81.8954 -24.0811
73.0555 77.8188 -5.52441
77.1378 74.8833 12.7962
81.6345 73.9698 31.5144
88.7451 70.4673 52.2555
94.1288 65.5988 70.4346
99.0247 63.2229 88.9094
39.5737 112.333 -97.5629
45.976 110.268 -76.036
51.674 108.735 -58.6296
56.8262 103.281 -39.1663
59.0122 98.1836 -19.1643
66.9469 96.6815 0.0877737
70.5022 94.3215 16.2511
75.4852 88.4514 38.8953
82.6095 85.957 55.2962
85.2841 83.4607 76.1678
91.3544 79.9193 94.1357
32.3646 129.122 -92.2421
38.7473 127.458 -73.5536
44.7883 124.001 -53.044
49.468 120.808 -34.3857
55.5553 117.64 -14.3928
57.9771 113.053 6.58674
62.6821 111.18 23.5232
67.7691 107.614 41.3249
74.0077 103.595 62.4513
76.8219 100.983 78.8768
82.6816 99.2433 102.137
24.9315 147.791 -86.8733
29.5015 144.262 -67.0197
34.1775 139.444 -48.4188
40.6796 138.754 -28.6761
46.2065 136.257 -10.2174
50.7799 132.613 8.47391
55.7849 126.895 27.9408
60.0787 125.882 46.5801
65.2077 121.677 67.3321
70.5158 118.58 85.6792
74.7986 114.661 103.236
# データ (ここまで)
