# 立方格子データ
# point
# データ数
1331
# データ (ここから)
0.669872981077805 -11.160254037844387 -5.000000000000000
0.669872981077805 -11.160254037844387 -3.000000000000000
0.669872981077805 -11.160254037844387 -1.000000000000000
0.669872981077805 -11.160254037844387 1.000000000000000
0.669872981077805 -11.160254037844387 3.000000000000000
0.669872981077805 -11.160254037844387 5.000000000000000
0.669872981077805 -11.160254037844387 7.000000000000000
0.669872981077805 -11.160254037844387 9.000000000000000
0.669872981077805 -11.160254037844387 11.000000000000000
0.669872981077805 -11.160254037844387 13.000000000000000
0.669872981077805 -11.160254037844387 15.000000000000000
-0.330127018922194 -9.428203230275509 -5.000000000000000
-0.330127018922194 -9.428203230275509 -3.000000000000000
-0.330127018922194 -9.428203230275509 -1.000000000000000
-0.330127018922194 -9.428203230275509 1.000000000000000
-0.330127018922194 -9.428203230275509 3.000000000000000
-0.330127018922194 -9.428203230275509 5.000000000000000
-0.330127018922194 -9.428203230275509 7.000000000000000
-0.330127018922194 -9.428203230275509 9.000000000000000
-0.330127018922194 -9.428203230275509 11.000000000000000
-0.330127018922194 -9.428203230275509 13.000000000000000
-0.330127018922194 -9.428203230275509 15.000000000000000
-1.330127018922194 -7.696152422706632 -5.000000000000000
-1.330127018922194 -7.696152422706632 -3.000000000000000
-1.330127018922194 -7.696152422706632 -1.000000000000000
-1.330127018922194 -7.696152422706632 1.000000000000000
-1.330127018922194 -7.696152422706632 3.000000000000000
-1.330127018922194 -7.696152422706632 5.000000000000000
-1.330127018922194 -7.696152422706632 7.000000000000000
-1.330127018922194 -7.696152422706632 9.000000000000000
-1.330127018922194 -7.696152422706632 11.000000000000000
-1.330127018922194 -7.696152422706632 13.000000000000000
-1.330127018922194 -7.696152422706632 15.000000000000000
-2.330127018922194 -5.964101615137754 -5.000000000000000
-2.330127018922194 -5.964101615137754 -3.000000000000000
-2.330127018922194 -5.964101615137754 -1.000000000000000
-2.330127018922194 -5.964101615137754 1.000000000000000
-2.330127018922194 -5.964101615137754 3.000000000000000
-2.330127018922194 -5.964101615137754 5.000000000000000
-2.330127018922194 -5.964101615137754 7.000000000000000
-2.330127018922194 -5.964101615137754 9.000000000000000
-2.330127018922194 -5.964101615137754 11.000000000000000
-2.330127018922194 -5.964101615137754 13.000000000000000
-2.330127018922194 -5.964101615137754 15.000000000000000
-3.330127018922194 -4.232050807568877 -5.000000000000000
-3.330127018922194 -4.232050807568877 -3.000000000000000
-3.330127018922194 -4.232050807568877 -1.000000000000000
-3.330127018922194 -4.232050807568877 1.000000000000000
-3.330127018922194 -4.232050807568877 3.000000000000000
-3.330127018922194 -4.232050807568877 5.000000000000000
-3.330127018922194 -4.232050807568877 7.000000000000000
-3.330127018922194 -4.232050807568877 9.000000000000000
-3.330127018922194 -4.232050807568877 11.000000000000000
-3.330127018922194 -4.232050807568877 13.000000000000000
-3.330127018922194 -4.232050807568877 15.000000000000000
-4.330127018922194 -2.500000000000000 -5.000000000000000
-4.330127018922194 -2.500000000000000 -3.000000000000000
-4.330127018922194 -2.500000000000000 -1.000000000000000
-4.330127018922194 -2.500000000000000 1.000000000000000
-4.330127018922194 -2.500000000000000 3.000000000000000
-4.330127018922194 -2.500000000000000 5.000000000000000
-4.330127018922194 -2.500000000000000 7.000000000000000
-4.330127018922194 -2.500000000000000 9.000000000000000
-4.330127018922194 -2.500000000000000 11.000000000000000
-4.330127018922194 -2.500000000000000 13.000000000000000
-4.330127018922194 -2.500000000000000 15.000000000000000
-5.330127018922194 -0.767949192431122 -5.000000000000000
-5.330127018922194 -0.767949192431122 -3.000000000000000
-5.330127018922194 -0.767949192431122 -1.000000000000000
-5.330127018922194 -0.767949192431122 1.000000000000000
-5.330127018922194 -0.767949192431122 3.000000000000000
-5.330127018922194 -0.767949192431122 5.000000000000000
-5.330127018922194 -0.767949192431122 7.000000000000000
-5.330127018922194 -0.767949192431122 9.000000000000000
-5.330127018922194 -0.767949192431122 11.000000000000000
-5.330127018922194 -0.767949192431122 13.000000000000000
-5.330127018922194 -0.767949192431122 15.000000000000000
-6.330127018922194 0.964101615137755 -5.000000000000000
-6.330127018922194 0.964101615137755 -3.000000000000000
-6.330127018922194 0.964101615137755 -1.000000000000000
-6.330127018922194 0.964101615137755 1.000000000000000
-6.330127018922194 0.964101615137755 3.000000000000000
-6.330127018922194 0.964101615137755 5.000000000000000
-6.330127018922194 0.964101615137755 7.000000000000000
-6.330127018922194 0.964101615137755 9.000000000000000
-6.330127018922194 0.964101615137755 11.000000000000000
-6.330127018922194 0.964101615137755 13.000000000000000
-6.330127018922194 0.964101615137755 15.000000000000000
-7.330127018922193 2.696152422706632 -5.000000000000000
-7.330127018922193 2.696152422706632 -3.000000000000000
-7.330127018922193 2.696152422706632 -1.000000000000000
-7.330127018922193 2.696152422706632 1.000000000000000
-7.330127018922193 2.696152422706632 3.000000000000000
-7.330127018922193 2.696152422706632 5.000000000000000
-7.330127018922193 2.696152422706632 7.000000000000000
-7.330127018922193 2.696152422706632 9.000000000000000
-7.330127018922193 2.696152422706632 11.000000000000000
-7.330127018922193 2.696152422706632 13.000000000000000
-7.330127018922193 2.696152422706632 15.000000000000000
-8.330127018922193 4.428203230275511 -5.000000000000000
-8.330127018922193 4.428203230275511 -3.000000000000000
-8.330127018922193 4.428203230275511 -1.000000000000000
-8.330127018922193 4.428203230275511 1.000000000000000
-8.330127018922193 4.428203230275511 3.000000000000000
-8.330127018922193 4.428203230275511 5.000000000000000
-8.330127018922193 4.428203230275511 7.000000000000000
-8.330127018922193 4.428203230275511 9.000000000000000
-8.330127018922193 4.428203230275511 11.000000000000000
-8.330127018922193 4.428203230275511 13.000000000000000
-8.330127018922193 4.428203230275511 15.000000000000000
-9.330127018922193 6.160254037844387 -5.000000000000000
-9.330127018922193 6.160254037844387 -3.000000000000000
-9.330127018922193 6.160254037844387 -1.000000000000000
-9.330127018922193 6.160254037844387 1.000000000000000
-9.330127018922193 6.160254037844387 3.000000000000000
-9.330127018922193 6.160254037844387 5.000000000000000
-9.330127018922193 6.160254037844387 7.000000000000000
-9.330127018922193 6.160254037844387 9.000000000000000
-9.330127018922193 6.160254037844387 11.000000000000000
-9.330127018922193 6.160254037844387 13.000000000000000
-9.330127018922193 6.160254037844387 15.000000000000000
2.401923788646683 -10.160254037844387 -5.000000000000000
2.401923788646683 -10.160254037844387 -3.000000000000000
2.401923788646683 -10.160254037844387 -1.000000000000000
2.401923788646683 -10.160254037844387 1.000000000000000
2.401923788646683 -10.160254037844387 3.000000000000000
2.401923788646683 -10.160254037844387 5.000000000000000
2.401923788646683 -10.160254037844387 7.000000000000000
2.401923788646683 -10.160254037844387 9.000000000000000
2.401923788646683 -10.160254037844387 11.000000000000000
2.401923788646683 -10.160254037844387 13.000000000000000
2.401923788646683 -10.160254037844387 15.000000000000000
1.401923788646684 -8.428203230275509 -5.000000000000000
1.401923788646684 -8.428203230275509 -3.000000000000000
1.401923788646684 -8.428203230275509 -1.000000000000000
1.401923788646684 -8.428203230275509 1.000000000000000
1.401923788646684 -8.428203230275509 3.000000000000000
1.401923788646684 -8.428203230275509 5.000000000000000
1.401923788646684 -8.428203230275509 7.000000000000000
1.401923788646684 -8.428203230275509 9.000000000000000
1.401923788646684 -8.428203230275509 11.000000000000000
1.401923788646684 -8.428203230275509 13.000000000000000
1.401923788646684 -8.428203230275509 15.000000000000000
0.401923788646684 -6.696152422706632 -5.000000000000000
0.401923788646684 -6.696152422706632 -3.000000000000000
0.401923788646684 -6.696152422706632 -1.000000000000000
0.401923788646684 -6.696152422706632 1.000000000000000
0.401923788646684 -6.696152422706632 3.000000000000000
0.401923788646684 -6.696152422706632 5.000000000000000
0.401923788646684 -6.696152422706632 7.000000000000000
0.401923788646684 -6.696152422706632 9.000000000000000
0.401923788646684 -6.696152422706632 11.000000000000000
0.401923788646684 -6.696152422706632 13.000000000000000
0.401923788646684 -6.696152422706632 15.000000000000000
-0.598076211353316 -4.964101615137754 -5.000000000000000
-0.598076211353316 -4.964101615137754 -3.000000000000000
-0.598076211353316 -4.964101615137754 -1.000000000000000
-0.598076211353316 -4.964101615137754 1.000000000000000
-0.598076211353316 -4.964101615137754 3.000000000000000
-0.598076211353316 -4.964101615137754 5.000000000000000
-0.598076211353316 -4.964101615137754 7.000000000000000
-0.598076211353316 -4.964101615137754 9.000000000000000
-0.598076211353316 -4.964101615137754 11.000000000000000
-0.598076211353316 -4.964101615137754 13.000000000000000
-0.598076211353316 -4.964101615137754 15.000000000000000
-1.598076211353316 -3.232050807568877 -5.000000000000000
-1.598076211353316 -3.232050807568877 -3.000000000000000
-1.598076211353316 -3.232050807568877 -1.000000000000000
-1.598076211353316 -3.232050807568877 1.000000000000000
-1.598076211353316 -3.232050807568877 3.000000000000000
-1.598076211353316 -3.232050807568877 5.000000000000000
-1.598076211353316 -3.232050807568877 7.000000000000000
-1.598076211353316 -3.232050807568877 9.000000000000000
-1.598076211353316 -3.232050807568877 11.000000000000000
-1.598076211353316 -3.232050807568877 13.000000000000000
-1.598076211353316 -3.232050807568877 15.000000000000000
-2.598076211353316 -1.500000000000000 -5.000000000000000
-2.598076211353316 -1.500000000000000 -3.000000000000000
-2.598076211353316 -1.500000000000000 -1.000000000000000
-2.598076211353316 -1.500000000000000 1.000000000000000
-2.598076211353316 -1.500000000000000 3.000000000000000
-2.598076211353316 -1.500000000000000 5.000000000000000
-2.598076211353316 -1.500000000000000 7.000000000000000
-2.598076211353316 -1.500000000000000 9.000000000000000
-2.598076211353316 -1.500000000000000 11.000000000000000
-2.598076211353316 -1.500000000000000 13.000000000000000
-2.598076211353316 -1.500000000000000 15.000000000000000
-3.598076211353316 0.232050807568878 -5.000000000000000
-3.598076211353316 0.232050807568878 -3.000000000000000
-3.598076211353316 0.232050807568878 -1.000000000000000
-3.598076211353316 0.232050807568878 1.000000000000000
-3.598076211353316 0.232050807568878 3.000000000000000
-3.598076211353316 0.232050807568878 5.000000000000000
-3.598076211353316 0.232050807568878 7.000000000000000
-3.598076211353316 0.232050807568878 9.000000000000000
-3.598076211353316 0.232050807568878 11.000000000000000
-3.598076211353316 0.232050807568878 13.000000000000000
-3.598076211353316 0.232050807568878 15.000000000000000
-4.598076211353316 1.964101615137755 -5.000000000000000
-4.598076211353316 1.964101615137755 -3.000000000000000
-4.598076211353316 1.964101615137755 -1.000000000000000
-4.598076211353316 1.964101615137755 1.000000000000000
-4.598076211353316 1.964101615137755 3.000000000000000
-4.598076211353316 1.964101615137755 5.000000000000000
-4.598076211353316 1.964101615137755 7.000000000000000
-4.598076211353316 1.964101615137755 9.000000000000000
-4.598076211353316 1.964101615137755 11.000000000000000
-4.598076211353316 1.964101615137755 13.000000000000000
-4.598076211353316 1.964101615137755 15.000000000000000
-5.598076211353316 3.696152422706632 -5.000000000000000
-5.598076211353316 3.696152422706632 -3.000000000000000
-5.598076211353316 3.696152422706632 -1.000000000000000
-5.598076211353316 3.696152422706632 1.000000000000000
-5.598076211353316 3.696152422706632 3.000000000000000
-5.598076211353316 3.696152422706632 5.000000000000000
-5.598076211353316 3.696152422706632 7.000000000000000
-5.598076211353316 3.696152422706632 9.000000000000000
-5.598076211353316 3.696152422706632 11.000000000000000
-5.598076211353316 3.696152422706632 13.000000000000000
-5.598076211353316 3.696152422706632 15.000000000000000
-6.598076211353316 5.428203230275510 -5.000000000000000
-6.598076211353316 5.428203230275510 -3.000000000000000
-6.598076211353316 5.428203230275510 -1.000000000000000
-6.598076211353316 5.428203230275510 1.000000000000000
-6.598076211353316 5.428203230275510 3.000000000000000
-6.598076211353316 5.428203230275510 5.000000000000000
-6.598076211353316 5.428203230275510 7.000000000000000
-6.598076211353316 5.428203230275510 9.000000000000000
-6.598076211353316 5.428203230275510 11.000000000000000
-6.598076211353316 5.428203230275510 13.000000000000000
-6.598076211353316 5.428203230275510 15.000000000000000
-7.598076211353315 7.160254037844387 -5.000000000000000
-7.598076211353315 7.160254037844387 -3.000000000000000
-7.598076211353315 7.160254037844387 -1.000000000000000
-7.598076211353315 7.160254037844387 1.000000000000000
-7.598076211353315 7.160254037844387 3.000000000000000
-7.598076211353315 7.160254037844387 5.000000000000000
-7.598076211353315 7.160254037844387 7.000000000000000
-7.598076211353315 7.160254037844387 9.000000000000000
-7.598076211353315 7.160254037844387 11.000000000000000
-7.598076211353315 7.160254037844387 13.000000000000000
-7.598076211353315 7.160254037844387 15.000000000000000
4.133974596215561 -9.160254037844387 -5.000000000000000
4.133974596215561 -9.160254037844387 -3.000000000000000
4.133974596215561 -9.160254037844387 -1.000000000000000
4.133974596215561 -9.160254037844387 1.000000000000000
4.133974596215561 -9.160254037844387 3.000000000000000
4.133974596215561 -9.160254037844387 5.000000000000000
4.133974596215561 -9.160254037844387 7.000000000000000
4.133974596215561 -9.160254037844387 9.000000000000000
4.133974596215561 -9.160254037844387 11.000000000000000
4.133974596215561 -9.160254037844387 13.000000000000000
4.133974596215561 -9.160254037844387 15.000000000000000
3.133974596215561 -7.428203230275510 -5.000000000000000
3.133974596215561 -7.428203230275510 -3.000000000000000
3.133974596215561 -7.428203230275510 -1.000000000000000
3.133974596215561 -7.428203230275510 1.000000000000000
3.133974596215561 -7.428203230275510 3.000000000000000
3.133974596215561 -7.428203230275510 5.000000000000000
3.133974596215561 -7.428203230275510 7.000000000000000
3.133974596215561 -7.428203230275510 9.000000000000000
3.133974596215561 -7.428203230275510 11.000000000000000
3.133974596215561 -7.428203230275510 13.000000000000000
3.133974596215561 -7.428203230275510 15.000000000000000
2.133974596215561 -5.696152422706632 -5.000000000000000
2.133974596215561 -5.696152422706632 -3.000000000000000
2.133974596215561 -5.696152422706632 -1.000000000000000
2.133974596215561 -5.696152422706632 1.000000000000000
2.133974596215561 -5.696152422706632 3.000000000000000
2.133974596215561 -5.696152422706632 5.000000000000000
2.133974596215561 -5.696152422706632 7.000000000000000
2.133974596215561 -5.696152422706632 9.000000000000000
2.133974596215561 -5.696152422706632 11.000000000000000
2.133974596215561 -5.696152422706632 13.000000000000000
2.133974596215561 -5.696152422706632 15.000000000000000
1.133974596215561 -3.964101615137755 -5.000000000000000
1.133974596215561 -3.964101615137755 -3.000000000000000
1.133974596215561 -3.964101615137755 -1.000000000000000
1.133974596215561 -3.964101615137755 1.000000000000000
1.133974596215561 -3.964101615137755 3.000000000000000
1.133974596215561 -3.964101615137755 5.000000000000000
1.133974596215561 -3.964101615137755 7.000000000000000
1.133974596215561 -3.964101615137755 9.000000000000000
1.133974596215561 -3.964101615137755 11.000000000000000
1.133974596215561 -3.964101615137755 13.000000000000000
1.133974596215561 -3.964101615137755 15.000000000000000
0.133974596215561 -2.232050807568877 -5.000000000000000
0.133974596215561 -2.232050807568877 -3.000000000000000
0.133974596215561 -2.232050807568877 -1.000000000000000
0.133974596215561 -2.232050807568877 1.000000000000000
0.133974596215561 -2.232050807568877 3.000000000000000
0.133974596215561 -2.232050807568877 5.000000000000000
0.133974596215561 -2.232050807568877 7.000000000000000
0.133974596215561 -2.232050807568877 9.000000000000000
0.133974596215561 -2.232050807568877 11.000000000000000
0.133974596215561 -2.232050807568877 13.000000000000000
0.133974596215561 -2.232050807568877 15.000000000000000
-0.866025403784439 -0.500000000000000 -5.000000000000000
-0.866025403784439 -0.500000000000000 -3.000000000000000
-0.866025403784439 -0.500000000000000 -1.000000000000000
-0.866025403784439 -0.500000000000000 1.000000000000000
-0.866025403784439 -0.500000000000000 3.000000000000000
-0.866025403784439 -0.500000000000000 5.000000000000000
-0.866025403784439 -0.500000000000000 7.000000000000000
-0.866025403784439 -0.500000000000000 9.000000000000000
-0.866025403784439 -0.500000000000000 11.000000000000000
-0.866025403784439 -0.500000000000000 13.000000000000000
-0.866025403784439 -0.500000000000000 15.000000000000000
-1.866025403784439 1.232050807568877 -5.000000000000000
-1.866025403784439 1.232050807568877 -3.000000000000000
-1.866025403784439 1.232050807568877 -1.000000000000000
-1.866025403784439 1.232050807568877 1.000000000000000
-1.866025403784439 1.232050807568877 3.000000000000000
-1.866025403784439 1.232050807568877 5.000000000000000
-1.866025403784439 1.232050807568877 7.000000000000000
-1.866025403784439 1.232050807568877 9.000000000000000
-1.866025403784439 1.232050807568877 11.000000000000000
-1.866025403784439 1.232050807568877 13.000000000000000
-1.866025403784439 1.232050807568877 15.000000000000000
-2.866025403784438 2.964101615137755 -5.000000000000000
-2.866025403784438 2.964101615137755 -3.000000000000000
-2.866025403784438 2.964101615137755 -1.000000000000000
-2.866025403784438 2.964101615137755 1.000000000000000
-2.866025403784438 2.964101615137755 3.000000000000000
-2.866025403784438 2.964101615137755 5.000000000000000
-2.866025403784438 2.964101615137755 7.000000000000000
-2.866025403784438 2.964101615137755 9.000000000000000
-2.866025403784438 2.964101615137755 11.000000000000000
-2.866025403784438 2.964101615137755 13.000000000000000
-2.866025403784438 2.964101615137755 15.000000000000000
-3.866025403784438 4.696152422706632 -5.000000000000000
-3.866025403784438 4.696152422706632 -3.000000000000000
-3.866025403784438 4.696152422706632 -1.000000000000000
-3.866025403784438 4.696152422706632 1.000000000000000
-3.866025403784438 4.696152422706632 3.000000000000000
-3.866025403784438 4.696152422706632 5.000000000000000
-3.866025403784438 4.696152422706632 7.000000000000000
-3.866025403784438 4.696152422706632 9.000000000000000
-3.866025403784438 4.696152422706632 11.000000000000000
-3.866025403784438 4.696152422706632 13.000000000000000
-3.866025403784438 4.696152422706632 15.000000000000000
-4.866025403784438 6.428203230275510 -5.000000000000000
-4.866025403784438 6.428203230275510 -3.000000000000000
-4.866025403784438 6.428203230275510 -1.000000000000000
-4.866025403784438 6.428203230275510 1.000000000000000
-4.866025403784438 6.428203230275510 3.000000000000000
-4.866025403784438 6.428203230275510 5.000000000000000
-4.866025403784438 6.428203230275510 7.000000000000000
-4.866025403784438 6.428203230275510 9.000000000000000
-4.866025403784438 6.428203230275510 11.000000000000000
-4.866025403784438 6.428203230275510 13.000000000000000
-4.866025403784438 6.428203230275510 15.000000000000000
-5.866025403784437 8.160254037844387 -5.000000000000000
-5.866025403784437 8.160254037844387 -3.000000000000000
-5.866025403784437 8.160254037844387 -1.000000000000000
-5.866025403784437 8.160254037844387 1.000000000000000
-5.866025403784437 8.160254037844387 3.000000000000000
-5.866025403784437 8.160254037844387 5.000000000000000
-5.866025403784437 8.160254037844387 7.000000000000000
-5.866025403784437 8.160254037844387 9.000000000000000
-5.866025403784437 8.160254037844387 11.000000000000000
-5.866025403784437 8.160254037844387 13.000000000000000
-5.866025403784437 8.160254037844387 15.000000000000000
5.866025403784437 -8.160254037844387 -5.000000000000000
5.866025403784437 -8.160254037844387 -3.000000000000000
5.866025403784437 -8.160254037844387 -1.000000000000000
5.866025403784437 -8.160254037844387 1.000000000000000
5.866025403784437 -8.160254037844387 3.000000000000000
5.866025403784437 -8.160254037844387 5.000000000000000
5.866025403784437 -8.160254037844387 7.000000000000000
5.866025403784437 -8.160254037844387 9.000000000000000
5.866025403784437 -8.160254037844387 11.000000000000000
5.866025403784437 -8.160254037844387 13.000000000000000
5.866025403784437 -8.160254037844387 15.000000000000000
4.866025403784438 -6.428203230275510 -5.000000000000000
4.866025403784438 -6.428203230275510 -3.000000000000000
4.866025403784438 -6.428203230275510 -1.000000000000000
4.866025403784438 -6.428203230275510 1.000000000000000
4.866025403784438 -6.428203230275510 3.000000000000000
4.866025403784438 -6.428203230275510 5.000000000000000
4.866025403784438 -6.428203230275510 7.000000000000000
4.866025403784438 -6.428203230275510 9.000000000000000
4.866025403784438 -6.428203230275510 11.000000000000000
4.866025403784438 -6.428203230275510 13.000000000000000
4.866025403784438 -6.428203230275510 15.000000000000000
3.866025403784438 -4.696152422706632 -5.000000000000000
3.866025403784438 -4.696152422706632 -3.000000000000000
3.866025403784438 -4.696152422706632 -1.000000000000000
3.866025403784438 -4.696152422706632 1.000000000000000
3.866025403784438 -4.696152422706632 3.000000000000000
3.866025403784438 -4.696152422706632 5.000000000000000
3.866025403784438 -4.696152422706632 7.000000000000000
3.866025403784438 -4.696152422706632 9.000000000000000
3.866025403784438 -4.696152422706632 11.000000000000000
3.866025403784438 -4.696152422706632 13.000000000000000
3.866025403784438 -4.696152422706632 15.000000000000000
2.866025403784438 -2.964101615137755 -5.000000000000000
2.866025403784438 -2.964101615137755 -3.000000000000000
2.866025403784438 -2.964101615137755 -1.000000000000000
2.866025403784438 -2.964101615137755 1.000000000000000
2.866025403784438 -2.964101615137755 3.000000000000000
2.866025403784438 -2.964101615137755 5.000000000000000
2.866025403784438 -2.964101615137755 7.000000000000000
2.866025403784438 -2.964101615137755 9.000000000000000
2.866025403784438 -2.964101615137755 11.000000000000000
2.866025403784438 -2.964101615137755 13.000000000000000
2.866025403784438 -2.964101615137755 15.000000000000000
1.866025403784439 -1.232050807568877 -5.000000000000000
1.866025403784439 -1.232050807568877 -3.000000000000000
1.866025403784439 -1.232050807568877 -1.000000000000000
1.866025403784439 -1.232050807568877 1.000000000000000
1.866025403784439 -1.232050807568877 3.000000000000000
1.866025403784439 -1.232050807568877 5.000000000000000
1.866025403784439 -1.232050807568877 7.000000000000000
1.866025403784439 -1.232050807568877 9.000000000000000
1.866025403784439 -1.232050807568877 11.000000000000000
1.866025403784439 -1.232050807568877 13.000000000000000
1.866025403784439 -1.232050807568877 15.000000000000000
0.866025403784439 0.500000000000000 -5.000000000000000
0.866025403784439 0.500000000000000 -3.000000000000000
0.866025403784439 0.500000000000000 -1.000000000000000
0.866025403784439 0.500000000000000 1.000000000000000
0.866025403784439 0.500000000000000 3.000000000000000
0.866025403784439 0.500000000000000 5.000000000000000
0.866025403784439 0.500000000000000 7.000000000000000
0.866025403784439 0.500000000000000 9.000000000000000
0.866025403784439 0.500000000000000 11.000000000000000
0.866025403784439 0.500000000000000 13.000000000000000
0.866025403784439 0.500000000000000 15.000000000000000
-0.133974596215561 2.232050807568877 -5.000000000000000
-0.133974596215561 2.232050807568877 -3.000000000000000
-0.133974596215561 2.232050807568877 -1.000000000000000
-0.133974596215561 2.232050807568877 1.000000000000000
-0.133974596215561 2.232050807568877 3.000000000000000
-0.133974596215561 2.232050807568877 5.000000000000000
-0.133974596215561 2.232050807568877 7.000000000000000
-0.133974596215561 2.232050807568877 9.000000000000000
-0.133974596215561 2.232050807568877 11.000000000000000
-0.133974596215561 2.232050807568877 13.000000000000000
-0.133974596215561 2.232050807568877 15.000000000000000
-1.133974596215561 3.964101615137755 -5.000000000000000
-1.133974596215561 3.964101615137755 -3.000000000000000
-1.133974596215561 3.964101615137755 -1.000000000000000
-1.133974596215561 3.964101615137755 1.000000000000000
-1.133974596215561 3.964101615137755 3.000000000000000
-1.133974596215561 3.964101615137755 5.000000000000000
-1.133974596215561 3.964101615137755 7.000000000000000
-1.133974596215561 3.964101615137755 9.000000000000000
-1.133974596215561 3.964101615137755 11.000000000000000
-1.133974596215561 3.964101615137755 13.000000000000000
-1.133974596215561 3.964101615137755 15.000000000000000
-2.133974596215561 5.696152422706632 -5.000000000000000
-2.133974596215561 5.696152422706632 -3.000000000000000
-2.133974596215561 5.696152422706632 -1.000000000000000
-2.133974596215561 5.696152422706632 1.000000000000000
-2.133974596215561 5.696152422706632 3.000000000000000
-2.133974596215561 5.696152422706632 5.000000000000000
-2.133974596215561 5.696152422706632 7.000000000000000
-2.133974596215561 5.696152422706632 9.000000000000000
-2.133974596215561 5.696152422706632 11.000000000000000
-2.133974596215561 5.696152422706632 13.000000000000000
-2.133974596215561 5.696152422706632 15.000000000000000
-3.133974596215561 7.428203230275510 -5.000000000000000
-3.133974596215561 7.428203230275510 -3.000000000000000
-3.133974596215561 7.428203230275510 -1.000000000000000
-3.133974596215561 7.428203230275510 1.000000000000000
-3.133974596215561 7.428203230275510 3.000000000000000
-3.133974596215561 7.428203230275510 5.000000000000000
-3.133974596215561 7.428203230275510 7.000000000000000
-3.133974596215561 7.428203230275510 9.000000000000000
-3.133974596215561 7.428203230275510 11.000000000000000
-3.133974596215561 7.428203230275510 13.000000000000000
-3.133974596215561 7.428203230275510 15.000000000000000
-4.133974596215561 9.160254037844387 -5.000000000000000
-4.133974596215561 9.160254037844387 -3.000000000000000
-4.133974596215561 9.160254037844387 -1.000000000000000
-4.133974596215561 9.160254037844387 1.000000000000000
-4.133974596215561 9.160254037844387 3.000000000000000
-4.133974596215561 9.160254037844387 5.000000000000000
-4.133974596215561 9.160254037844387 7.000000000000000
-4.133974596215561 9.160254037844387 9.000000000000000
-4.133974596215561 9.160254037844387 11.000000000000000
-4.133974596215561 9.160254037844387 13.000000000000000
-4.133974596215561 9.160254037844387 15.000000000000000
7.598076211353315 -7.160254037844387 -5.000000000000000
7.598076211353315 -7.160254037844387 -3.000000000000000
7.598076211353315 -7.160254037844387 -1.000000000000000
7.598076211353315 -7.160254037844387 1.000000000000000
7.598076211353315 -7.160254037844387 3.000000000000000
7.598076211353315 -7.160254037844387 5.000000000000000
7.598076211353315 -7.160254037844387 7.000000000000000
7.598076211353315 -7.160254037844387 9.000000000000000
7.598076211353315 -7.160254037844387 11.000000000000000
7.598076211353315 -7.160254037844387 13.000000000000000
7.598076211353315 -7.160254037844387 15.000000000000000
6.598076211353316 -5.428203230275510 -5.000000000000000
6.598076211353316 -5.428203230275510 -3.000000000000000
6.598076211353316 -5.428203230275510 -1.000000000000000
6.598076211353316 -5.428203230275510 1.000000000000000
6.598076211353316 -5.428203230275510 3.000000000000000
6.598076211353316 -5.428203230275510 5.000000000000000
6.598076211353316 -5.428203230275510 7.000000000000000
6.598076211353316 -5.428203230275510 9.000000000000000
6.598076211353316 -5.428203230275510 11.000000000000000
6.598076211353316 -5.428203230275510 13.000000000000000
6.598076211353316 -5.428203230275510 15.000000000000000
5.598076211353316 -3.696152422706632 -5.000000000000000
5.598076211353316 -3.696152422706632 -3.000000000000000
5.598076211353316 -3.696152422706632 -1.000000000000000
5.598076211353316 -3.696152422706632 1.000000000000000
5.598076211353316 -3.696152422706632 3.000000000000000
5.598076211353316 -3.696152422706632 5.000000000000000
5.598076211353316 -3.696152422706632 7.000000000000000
5.598076211353316 -3.696152422706632 9.000000000000000
5.598076211353316 -3.696152422706632 11.000000000000000
5.598076211353316 -3.696152422706632 13.000000000000000
5.598076211353316 -3.696152422706632 15.000000000000000
4.598076211353316 -1.964101615137755 -5.000000000000000
4.598076211353316 -1.964101615137755 -3.000000000000000
4.598076211353316 -1.964101615137755 -1.000000000000000
4.598076211353316 -1.964101615137755 1.000000000000000
4.598076211353316 -1.964101615137755 3.000000000000000
4.598076211353316 -1.964101615137755 5.000000000000000
4.598076211353316 -1.964101615137755 7.000000000000000
4.598076211353316 -1.964101615137755 9.000000000000000
4.598076211353316 -1.964101615137755 11.000000000000000
4.598076211353316 -1.964101615137755 13.000000000000000
4.598076211353316 -1.964101615137755 15.000000000000000
3.598076211353316 -0.232050807568878 -5.000000000000000
3.598076211353316 -0.232050807568878 -3.000000000000000
3.598076211353316 -0.232050807568878 -1.000000000000000
3.598076211353316 -0.232050807568878 1.000000000000000
3.598076211353316 -0.232050807568878 3.000000000000000
3.598076211353316 -0.232050807568878 5.000000000000000
3.598076211353316 -0.232050807568878 7.000000000000000
3.598076211353316 -0.232050807568878 9.000000000000000
3.598076211353316 -0.232050807568878 11.000000000000000
3.598076211353316 -0.232050807568878 13.000000000000000
3.598076211353316 -0.232050807568878 15.000000000000000
2.598076211353316 1.500000000000000 -5.000000000000000
2.598076211353316 1.500000000000000 -3.000000000000000
2.598076211353316 1.500000000000000 -1.000000000000000
2.598076211353316 1.500000000000000 1.000000000000000
2.598076211353316 1.500000000000000 3.000000000000000
2.598076211353316 1.500000000000000 5.000000000000000
2.598076211353316 1.500000000000000 7.000000000000000
2.598076211353316 1.500000000000000 9.000000000000000
2.598076211353316 1.500000000000000 11.000000000000000
2.598076211353316 1.500000000000000 13.000000000000000
2.598076211353316 1.500000000000000 15.000000000000000
1.598076211353316 3.232050807568877 -5.000000000000000
1.598076211353316 3.232050807568877 -3.000000000000000
1.598076211353316 3.232050807568877 -1.000000000000000
1.598076211353316 3.232050807568877 1.000000000000000
1.598076211353316 3.232050807568877 3.000000000000000
1.598076211353316 3.232050807568877 5.000000000000000
1.598076211353316 3.232050807568877 7.000000000000000
1.598076211353316 3.232050807568877 9.000000000000000
1.598076211353316 3.232050807568877 11.000000000000000
1.598076211353316 3.232050807568877 13.000000000000000
1.598076211353316 3.232050807568877 15.000000000000000
0.598076211353316 4.964101615137754 -5.000000000000000
0.598076211353316 4.964101615137754 -3.000000000000000
0.598076211353316 4.964101615137754 -1.000000000000000
0.598076211353316 4.964101615137754 1.000000000000000
0.598076211353316 4.964101615137754 3.000000000000000
0.598076211353316 4.964101615137754 5.000000000000000
0.598076211353316 4.964101615137754 7.000000000000000
0.598076211353316 4.964101615137754 9.000000000000000
0.598076211353316 4.964101615137754 11.000000000000000
0.598076211353316 4.964101615137754 13.000000000000000
0.598076211353316 4.964101615137754 15.000000000000000
-0.401923788646684 6.696152422706632 -5.000000000000000
-0.401923788646684 6.696152422706632 -3.000000000000000
-0.401923788646684 6.696152422706632 -1.000000000000000
-0.401923788646684 6.696152422706632 1.000000000000000
-0.401923788646684 6.696152422706632 3.000000000000000
-0.401923788646684 6.696152422706632 5.000000000000000
-0.401923788646684 6.696152422706632 7.000000000000000
-0.401923788646684 6.696152422706632 9.000000000000000
-0.401923788646684 6.696152422706632 11.000000000000000
-0.401923788646684 6.696152422706632 13.000000000000000
-0.401923788646684 6.696152422706632 15.000000000000000
-1.401923788646684 8.428203230275509 -5.000000000000000
-1.401923788646684 8.428203230275509 -3.000000000000000
-1.401923788646684 8.428203230275509 -1.000000000000000
-1.401923788646684 8.428203230275509 1.000000000000000
-1.401923788646684 8.428203230275509 3.000000000000000
-1.401923788646684 8.428203230275509 5.000000000000000
-1.401923788646684 8.428203230275509 7.000000000000000
-1.401923788646684 8.428203230275509 9.000000000000000
-1.401923788646684 8.428203230275509 11.000000000000000
-1.401923788646684 8.428203230275509 13.000000000000000
-1.401923788646684 8.428203230275509 15.000000000000000
-2.401923788646683 10.160254037844387 -5.000000000000000
-2.401923788646683 10.160254037844387 -3.000000000000000
-2.401923788646683 10.160254037844387 -1.000000000000000
-2.401923788646683 10.160254037844387 1.000000000000000
-2.401923788646683 10.160254037844387 3.000000000000000
-2.401923788646683 10.160254037844387 5.000000000000000
-2.401923788646683 10.160254037844387 7.000000000000000
-2.401923788646683 10.160254037844387 9.000000000000000
-2.401923788646683 10.160254037844387 11.000000000000000
-2.401923788646683 10.160254037844387 13.000000000000000
-2.401923788646683 10.160254037844387 15.000000000000000
9.330127018922193 -6.160254037844387 -5.000000000000000
9.330127018922193 -6.160254037844387 -3.000000000000000
9.330127018922193 -6.160254037844387 -1.000000000000000
9.330127018922193 -6.160254037844387 1.000000000000000
9.330127018922193 -6.160254037844387 3.000000000000000
9.330127018922193 -6.160254037844387 5.000000000000000
9.330127018922193 -6.160254037844387 7.000000000000000
9.330127018922193 -6.160254037844387 9.000000000000000
9.330127018922193 -6.160254037844387 11.000000000000000
9.330127018922193 -6.160254037844387 13.000000000000000
9.330127018922193 -6.160254037844387 15.000000000000000
8.330127018922193 -4.428203230275511 -5.000000000000000
8.330127018922193 -4.428203230275511 -3.000000000000000
8.330127018922193 -4.428203230275511 -1.000000000000000
8.330127018922193 -4.428203230275511 1.000000000000000
8.330127018922193 -4.428203230275511 3.000000000000000
8.330127018922193 -4.428203230275511 5.000000000000000
8.330127018922193 -4.428203230275511 7.000000000000000
8.330127018922193 -4.428203230275511 9.000000000000000
8.330127018922193 -4.428203230275511 11.000000000000000
8.330127018922193 -4.428203230275511 13.000000000000000
8.330127018922193 -4.428203230275511 15.000000000000000
7.330127018922193 -2.696152422706632 -5.000000000000000
7.330127018922193 -2.696152422706632 -3.000000000000000
7.330127018922193 -2.696152422706632 -1.000000000000000
7.330127018922193 -2.696152422706632 1.000000000000000
7.330127018922193 -2.696152422706632 3.000000000000000
7.330127018922193 -2.696152422706632 5.000000000000000
7.330127018922193 -2.696152422706632 7.000000000000000
7.330127018922193 -2.696152422706632 9.000000000000000
7.330127018922193 -2.696152422706632 11.000000000000000
7.330127018922193 -2.696152422706632 13.000000000000000
7.330127018922193 -2.696152422706632 15.000000000000000
6.330127018922194 -0.964101615137755 -5.000000000000000
6.330127018922194 -0.964101615137755 -3.000000000000000
6.330127018922194 -0.964101615137755 -1.000000000000000
6.330127018922194 -0.964101615137755 1.000000000000000
6.330127018922194 -0.964101615137755 3.000000000000000
6.330127018922194 -0.964101615137755 5.000000000000000
6.330127018922194 -0.964101615137755 7.000000000000000
6.330127018922194 -0.964101615137755 9.000000000000000
6.330127018922194 -0.964101615137755 11.000000000000000
6.330127018922194 -0.964101615137755 13.000000000000000
6.330127018922194 -0.964101615137755 15.000000000000000
5.330127018922194 0.767949192431122 -5.000000000000000
5.330127018922194 0.767949192431122 -3.000000000000000
5.330127018922194 0.767949192431122 -1.000000000000000
5.330127018922194 0.767949192431122 1.000000000000000
5.330127018922194 0.767949192431122 3.000000000000000
5.330127018922194 0.767949192431122 5.000000000000000
5.330127018922194 0.767949192431122 7.000000000000000
5.330127018922194 0.767949192431122 9.000000000000000
5.330127018922194 0.767949192431122 11.000000000000000
5.330127018922194 0.767949192431122 13.000000000000000
5.330127018922194 0.767949192431122 15.000000000000000
4.330127018922194 2.500000000000000 -5.000000000000000
4.330127018922194 2.500000000000000 -3.000000000000000
4.330127018922194 2.500000000000000 -1.000000000000000
4.330127018922194 2.500000000000000 1.000000000000000
4.330127018922194 2.500000000000000 3.000000000000000
4.330127018922194 2.500000000000000 5.000000000000000
4.330127018922194 2.500000000000000 7.000000000000000
4.330127018922194 2.500000000000000 9.000000000000000
4.330127018922194 2.500000000000000 11.000000000000000
4.330127018922194 2.500000000000000 13.000000000000000
4.330127018922194 2.500000000000000 15.000000000000000
3.330127018922194 4.232050807568877 -5.000000000000000
3.330127018922194 4.232050807568877 -3.000000000000000
3.330127018922194 4.232050807568877 -1.000000000000000
3.330127018922194 4.232050807568877 1.000000000000000
3.330127018922194 4.232050807568877 3.000000000000000
3.330127018922194 4.232050807568877 5.000000000000000
3.330127018922194 4.232050807568877 7.000000000000000
3.330127018922194 4.232050807568877 9.000000000000000
3.330127018922194 4.232050807568877 11.000000000000000
3.330127018922194 4.232050807568877 13.000000000000000
3.330127018922194 4.232050807568877 15.000000000000000
2.330127018922194 5.964101615137754 -5.000000000000000
2.330127018922194 5.964101615137754 -3.000000000000000
2.330127018922194 5.964101615137754 -1.000000000000000
2.330127018922194 5.964101615137754 1.000000000000000
2.330127018922194 5.964101615137754 3.000000000000000
2.330127018922194 5.964101615137754 5.000000000000000
2.330127018922194 5.964101615137754 7.000000000000000
2.330127018922194 5.964101615137754 9.000000000000000
2.330127018922194 5.964101615137754 11.000000000000000
2.330127018922194 5.964101615137754 13.000000000000000
2.330127018922194 5.964101615137754 15.000000000000000
1.330127018922194 7.696152422706632 -5.000000000000000
1.330127018922194 7.696152422706632 -3.000000000000000
1.330127018922194 7.696152422706632 -1.000000000000000
1.330127018922194 7.696152422706632 1.000000000000000
1.330127018922194 7.696152422706632 3.000000000000000
1.330127018922194 7.696152422706632 5.000000000000000
1.330127018922194 7.696152422706632 7.000000000000000
1.330127018922194 7.696152422706632 9.000000000000000
1.330127018922194 7.696152422706632 11.000000000000000
1.330127018922194 7.696152422706632 13.000000000000000
1.330127018922194 7.696152422706632 15.000000000000000
0.330127018922194 9.428203230275509 -5.000000000000000
0.330127018922194 9.428203230275509 -3.000000000000000
0.330127018922194 9.428203230275509 -1.000000000000000
0.330127018922194 9.428203230275509 1.000000000000000
0.330127018922194 9.428203230275509 3.000000000000000
0.330127018922194 9.428203230275509 5.000000000000000
0.330127018922194 9.428203230275509 7.000000000000000
0.330127018922194 9.428203230275509 9.000000000000000
0.330127018922194 9.428203230275509 11.000000000000000
0.330127018922194 9.428203230275509 13.000000000000000
0.330127018922194 9.428203230275509 15.000000000000000
-0.669872981077805 11.160254037844387 -5.000000000000000
-0.669872981077805 11.160254037844387 -3.000000000000000
-0.669872981077805 11.160254037844387 -1.000000000000000
-0.669872981077805 11.160254037844387 1.000000000000000
-0.669872981077805 11.160254037844387 3.000000000000000
-0.669872981077805 11.160254037844387 5.000000000000000
-0.669872981077805 11.160254037844387 7.000000000000000
-0.669872981077805 11.160254037844387 9.000000000000000
-0.669872981077805 11.160254037844387 11.000000000000000
-0.669872981077805 11.160254037844387 13.000000000000000
-0.669872981077805 11.160254037844387 15.000000000000000
11.062177826491070 -5.160254037844387 -5.000000000000000
11.062177826491070 -5.160254037844387 -3.000000000000000
11.062177826491070 -5.160254037844387 -1.000000000000000
11.062177826491070 -5.160254037844387 1.000000000000000
11.062177826491070 -5.160254037844387 3.000000000000000
11.062177826491070 -5.160254037844387 5.000000000000000
11.062177826491070 -5.160254037844387 7.000000000000000
11.062177826491070 -5.160254037844387 9.000000000000000
11.062177826491070 -5.160254037844387 11.000000000000000
11.062177826491070 -5.160254037844387 13.000000000000000
11.062177826491070 -5.160254037844387 15.000000000000000
10.062177826491071 -3.428203230275510 -5.000000000000000
10.062177826491071 -3.428203230275510 -3.000000000000000
10.062177826491071 -3.428203230275510 -1.000000000000000
10.062177826491071 -3.428203230275510 1.000000000000000
10.062177826491071 -3.428203230275510 3.000000000000000
10.062177826491071 -3.428203230275510 5.000000000000000
10.062177826491071 -3.428203230275510 7.000000000000000
10.062177826491071 -3.428203230275510 9.000000000000000
10.062177826491071 -3.428203230275510 11.000000000000000
10.062177826491071 -3.428203230275510 13.000000000000000
10.062177826491071 -3.428203230275510 15.000000000000000
9.062177826491071 -1.696152422706632 -5.000000000000000
9.062177826491071 -1.696152422706632 -3.000000000000000
9.062177826491071 -1.696152422706632 -1.000000000000000
9.062177826491071 -1.696152422706632 1.000000000000000
9.062177826491071 -1.696152422706632 3.000000000000000
9.062177826491071 -1.696152422706632 5.000000000000000
9.062177826491071 -1.696152422706632 7.000000000000000
9.062177826491071 -1.696152422706632 9.000000000000000
9.062177826491071 -1.696152422706632 11.000000000000000
9.062177826491071 -1.696152422706632 13.000000000000000
9.062177826491071 -1.696152422706632 15.000000000000000
8.062177826491071 0.035898384862245 -5.000000000000000
8.062177826491071 0.035898384862245 -3.000000000000000
8.062177826491071 0.035898384862245 -1.000000000000000
8.062177826491071 0.035898384862245 1.000000000000000
8.062177826491071 0.035898384862245 3.000000000000000
8.062177826491071 0.035898384862245 5.000000000000000
8.062177826491071 0.035898384862245 7.000000000000000
8.062177826491071 0.035898384862245 9.000000000000000
8.062177826491071 0.035898384862245 11.000000000000000
8.062177826491071 0.035898384862245 13.000000000000000
8.062177826491071 0.035898384862245 15.000000000000000
7.062177826491071 1.767949192431122 -5.000000000000000
7.062177826491071 1.767949192431122 -3.000000000000000
7.062177826491071 1.767949192431122 -1.000000000000000
7.062177826491071 1.767949192431122 1.000000000000000
7.062177826491071 1.767949192431122 3.000000000000000
7.062177826491071 1.767949192431122 5.000000000000000
7.062177826491071 1.767949192431122 7.000000000000000
7.062177826491071 1.767949192431122 9.000000000000000
7.062177826491071 1.767949192431122 11.000000000000000
7.062177826491071 1.767949192431122 13.000000000000000
7.062177826491071 1.767949192431122 15.000000000000000
6.062177826491071 3.500000000000000 -5.000000000000000
6.062177826491071 3.500000000000000 -3.000000000000000
6.062177826491071 3.500000000000000 -1.000000000000000
6.062177826491071 3.500000000000000 1.000000000000000
6.062177826491071 3.500000000000000 3.000000000000000
6.062177826491071 3.500000000000000 5.000000000000000
6.062177826491071 3.500000000000000 7.000000000000000
6.062177826491071 3.500000000000000 9.000000000000000
6.062177826491071 3.500000000000000 11.000000000000000
6.062177826491071 3.500000000000000 13.000000000000000
6.062177826491071 3.500000000000000 15.000000000000000
5.062177826491071 5.232050807568877 -5.000000000000000
5.062177826491071 5.232050807568877 -3.000000000000000
5.062177826491071 5.232050807568877 -1.000000000000000
5.062177826491071 5.232050807568877 1.000000000000000
5.062177826491071 5.232050807568877 3.000000000000000
5.062177826491071 5.232050807568877 5.000000000000000
5.062177826491071 5.232050807568877 7.000000000000000
5.062177826491071 5.232050807568877 9.000000000000000
5.062177826491071 5.232050807568877 11.000000000000000
5.062177826491071 5.232050807568877 13.000000000000000
5.062177826491071 5.232050807568877 15.000000000000000
4.062177826491071 6.964101615137754 -5.000000000000000
4.062177826491071 6.964101615137754 -3.000000000000000
4.062177826491071 6.964101615137754 -1.000000000000000
4.062177826491071 6.964101615137754 1.000000000000000
4.062177826491071 6.964101615137754 3.000000000000000
4.062177826491071 6.964101615137754 5.000000000000000
4.062177826491071 6.964101615137754 7.000000000000000
4.062177826491071 6.964101615137754 9.000000000000000
4.062177826491071 6.964101615137754 11.000000000000000
4.062177826491071 6.964101615137754 13.000000000000000
4.062177826491071 6.964101615137754 15.000000000000000
3.062177826491072 8.696152422706632 -5.000000000000000
3.062177826491072 8.696152422706632 -3.000000000000000
3.062177826491072 8.696152422706632 -1.000000000000000
3.062177826491072 8.696152422706632 1.000000000000000
3.062177826491072 8.696152422706632 3.000000000000000
3.062177826491072 8.696152422706632 5.000000000000000
3.062177826491072 8.696152422706632 7.000000000000000
3.062177826491072 8.696152422706632 9.000000000000000
3.062177826491072 8.696152422706632 11.000000000000000
3.062177826491072 8.696152422706632 13.000000000000000
3.062177826491072 8.696152422706632 15.000000000000000
2.062177826491072 10.428203230275509 -5.000000000000000
2.062177826491072 10.428203230275509 -3.000000000000000
2.062177826491072 10.428203230275509 -1.000000000000000
2.062177826491072 10.428203230275509 1.000000000000000
2.062177826491072 10.428203230275509 3.000000000000000
2.062177826491072 10.428203230275509 5.000000000000000
2.062177826491072 10.428203230275509 7.000000000000000
2.062177826491072 10.428203230275509 9.000000000000000
2.062177826491072 10.428203230275509 11.000000000000000
2.062177826491072 10.428203230275509 13.000000000000000
2.062177826491072 10.428203230275509 15.000000000000000
1.062177826491072 12.160254037844387 -5.000000000000000
1.062177826491072 12.160254037844387 -3.000000000000000
1.062177826491072 12.160254037844387 -1.000000000000000
1.062177826491072 12.160254037844387 1.000000000000000
1.062177826491072 12.160254037844387 3.000000000000000
1.062177826491072 12.160254037844387 5.000000000000000
1.062177826491072 12.160254037844387 7.000000000000000
1.062177826491072 12.160254037844387 9.000000000000000
1.062177826491072 12.160254037844387 11.000000000000000
1.062177826491072 12.160254037844387 13.000000000000000
1.062177826491072 12.160254037844387 15.000000000000000
12.794228634059948 -4.160254037844388 -5.000000000000000
12.794228634059948 -4.160254037844388 -3.000000000000000
12.794228634059948 -4.160254037844388 -1.000000000000000
12.794228634059948 -4.160254037844388 1.000000000000000
12.794228634059948 -4.160254037844388 3.000000000000000
12.794228634059948 -4.160254037844388 5.000000000000000
12.794228634059948 -4.160254037844388 7.000000000000000
12.794228634059948 -4.160254037844388 9.000000000000000
12.794228634059948 -4.160254037844388 11.000000000000000
12.794228634059948 -4.160254037844388 13.000000000000000
12.794228634059948 -4.160254037844388 15.000000000000000
11.794228634059948 -2.428203230275511 -5.000000000000000
11.794228634059948 -2.428203230275511 -3.000000000000000
11.794228634059948 -2.428203230275511 -1.000000000000000
11.794228634059948 -2.428203230275511 1.000000000000000
11.794228634059948 -2.428203230275511 3.000000000000000
11.794228634059948 -2.428203230275511 5.000000000000000
11.794228634059948 -2.428203230275511 7.000000000000000
11.794228634059948 -2.428203230275511 9.000000000000000
11.794228634059948 -2.428203230275511 11.000000000000000
11.794228634059948 -2.428203230275511 13.000000000000000
11.794228634059948 -2.428203230275511 15.000000000000000
10.794228634059948 -0.696152422706633 -5.000000000000000
10.794228634059948 -0.696152422706633 -3.000000000000000
10.794228634059948 -0.696152422706633 -1.000000000000000
10.794228634059948 -0.696152422706633 1.000000000000000
10.794228634059948 -0.696152422706633 3.000000000000000
10.794228634059948 -0.696152422706633 5.000000000000000
10.794228634059948 -0.696152422706633 7.000000000000000
10.794228634059948 -0.696152422706633 9.000000000000000
10.794228634059948 -0.696152422706633 11.000000000000000
10.794228634059948 -0.696152422706633 13.000000000000000
10.794228634059948 -0.696152422706633 15.000000000000000
9.794228634059948 1.035898384862244 -5.000000000000000
9.794228634059948 1.035898384862244 -3.000000000000000
9.794228634059948 1.035898384862244 -1.000000000000000
9.794228634059948 1.035898384862244 1.000000000000000
9.794228634059948 1.035898384862244 3.000000000000000
9.794228634059948 1.035898384862244 5.000000000000000
9.794228634059948 1.035898384862244 7.000000000000000
9.794228634059948 1.035898384862244 9.000000000000000
9.794228634059948 1.035898384862244 11.000000000000000
9.794228634059948 1.035898384862244 13.000000000000000
9.794228634059948 1.035898384862244 15.000000000000000
8.794228634059948 2.767949192431121 -5.000000000000000
8.794228634059948 2.767949192431121 -3.000000000000000
8.794228634059948 2.767949192431121 -1.000000000000000
8.794228634059948 2.767949192431121 1.000000000000000
8.794228634059948 2.767949192431121 3.000000000000000
8.794228634059948 2.767949192431121 5.000000000000000
8.794228634059948 2.767949192431121 7.000000000000000
8.794228634059948 2.767949192431121 9.000000000000000
8.794228634059948 2.767949192431121 11.000000000000000
8.794228634059948 2.767949192431121 13.000000000000000
8.794228634059948 2.767949192431121 15.000000000000000
7.794228634059948 4.499999999999999 -5.000000000000000
7.794228634059948 4.499999999999999 -3.000000000000000
7.794228634059948 4.499999999999999 -1.000000000000000
7.794228634059948 4.499999999999999 1.000000000000000
7.794228634059948 4.499999999999999 3.000000000000000
7.794228634059948 4.499999999999999 5.000000000000000
7.794228634059948 4.499999999999999 7.000000000000000
7.794228634059948 4.499999999999999 9.000000000000000
7.794228634059948 4.499999999999999 11.000000000000000
7.794228634059948 4.499999999999999 13.000000000000000
7.794228634059948 4.499999999999999 15.000000000000000
6.794228634059948 6.232050807568877 -5.000000000000000
6.794228634059948 6.232050807568877 -3.000000000000000
6.794228634059948 6.232050807568877 -1.000000000000000
6.794228634059948 6.232050807568877 1.000000000000000
6.794228634059948 6.232050807568877 3.000000000000000
6.794228634059948 6.232050807568877 5.000000000000000
6.794228634059948 6.232050807568877 7.000000000000000
6.794228634059948 6.232050807568877 9.000000000000000
6.794228634059948 6.232050807568877 11.000000000000000
6.794228634059948 6.232050807568877 13.000000000000000
6.794228634059948 6.232050807568877 15.000000000000000
5.794228634059948 7.964101615137753 -5.000000000000000
5.794228634059948 7.964101615137753 -3.000000000000000
5.794228634059948 7.964101615137753 -1.000000000000000
5.794228634059948 7.964101615137753 1.000000000000000
5.794228634059948 7.964101615137753 3.000000000000000
5.794228634059948 7.964101615137753 5.000000000000000
5.794228634059948 7.964101615137753 7.000000000000000
5.794228634059948 7.964101615137753 9.000000000000000
5.794228634059948 7.964101615137753 11.000000000000000
5.794228634059948 7.964101615137753 13.000000000000000
5.794228634059948 7.964101615137753 15.000000000000000
4.794228634059948 9.696152422706632 -5.000000000000000
4.794228634059948 9.696152422706632 -3.000000000000000
4.794228634059948 9.696152422706632 -1.000000000000000
4.794228634059948 9.696152422706632 1.000000000000000
4.794228634059948 9.696152422706632 3.000000000000000
4.794228634059948 9.696152422706632 5.000000000000000
4.794228634059948 9.696152422706632 7.000000000000000
4.794228634059948 9.696152422706632 9.000000000000000
4.794228634059948 9.696152422706632 11.000000000000000
4.794228634059948 9.696152422706632 13.000000000000000
4.794228634059948 9.696152422706632 15.000000000000000
3.794228634059948 11.428203230275509 -5.000000000000000
3.794228634059948 11.428203230275509 -3.000000000000000
3.794228634059948 11.428203230275509 -1.000000000000000
3.794228634059948 11.428203230275509 1.000000000000000
3.794228634059948 11.428203230275509 3.000000000000000
3.794228634059948 11.428203230275509 5.000000000000000
3.794228634059948 11.428203230275509 7.000000000000000
3.794228634059948 11.428203230275509 9.000000000000000
3.794228634059948 11.428203230275509 11.000000000000000
3.794228634059948 11.428203230275509 13.000000000000000
3.794228634059948 11.428203230275509 15.000000000000000
2.794228634059949 13.160254037844386 -5.000000000000000
2.794228634059949 13.160254037844386 -3.000000000000000
2.794228634059949 13.160254037844386 -1.000000000000000
2.794228634059949 13.160254037844386 1.000000000000000
2.794228634059949 13.160254037844386 3.000000000000000
2.794228634059949 13.160254037844386 5.000000000000000
2.794228634059949 13.160254037844386 7.000000000000000
2.794228634059949 13.160254037844386 9.000000000000000
2.794228634059949 13.160254037844386 11.000000000000000
2.794228634059949 13.160254037844386 13.000000000000000
2.794228634059949 13.160254037844386 15.000000000000000
14.526279441628827 -3.160254037844388 -5.000000000000000
14.526279441628827 -3.160254037844388 -3.000000000000000
14.526279441628827 -3.160254037844388 -1.000000000000000
14.526279441628827 -3.160254037844388 1.000000000000000
14.526279441628827 -3.160254037844388 3.000000000000000
14.526279441628827 -3.160254037844388 5.000000000000000
14.526279441628827 -3.160254037844388 7.000000000000000
14.526279441628827 -3.160254037844388 9.000000000000000
14.526279441628827 -3.160254037844388 11.000000000000000
14.526279441628827 -3.160254037844388 13.000000000000000
14.526279441628827 -3.160254037844388 15.000000000000000
13.526279441628827 -1.428203230275511 -5.000000000000000
13.526279441628827 -1.428203230275511 -3.000000000000000
13.526279441628827 -1.428203230275511 -1.000000000000000
13.526279441628827 -1.428203230275511 1.000000000000000
13.526279441628827 -1.428203230275511 3.000000000000000
13.526279441628827 -1.428203230275511 5.000000000000000
13.526279441628827 -1.428203230275511 7.000000000000000
13.526279441628827 -1.428203230275511 9.000000000000000
13.526279441628827 -1.428203230275511 11.000000000000000
13.526279441628827 -1.428203230275511 13.000000000000000
13.526279441628827 -1.428203230275511 15.000000000000000
12.526279441628827 0.303847577293367 -5.000000000000000
12.526279441628827 0.303847577293367 -3.000000000000000
12.526279441628827 0.303847577293367 -1.000000000000000
12.526279441628827 0.303847577293367 1.000000000000000
12.526279441628827 0.303847577293367 3.000000000000000
12.526279441628827 0.303847577293367 5.000000000000000
12.526279441628827 0.303847577293367 7.000000000000000
12.526279441628827 0.303847577293367 9.000000000000000
12.526279441628827 0.303847577293367 11.000000000000000
12.526279441628827 0.303847577293367 13.000000000000000
12.526279441628827 0.303847577293367 15.000000000000000
11.526279441628827 2.035898384862244 -5.000000000000000
11.526279441628827 2.035898384862244 -3.000000000000000
11.526279441628827 2.035898384862244 -1.000000000000000
11.526279441628827 2.035898384862244 1.000000000000000
11.526279441628827 2.035898384862244 3.000000000000000
11.526279441628827 2.035898384862244 5.000000000000000
11.526279441628827 2.035898384862244 7.000000000000000
11.526279441628827 2.035898384862244 9.000000000000000
11.526279441628827 2.035898384862244 11.000000000000000
11.526279441628827 2.035898384862244 13.000000000000000
11.526279441628827 2.035898384862244 15.000000000000000
10.526279441628827 3.767949192431121 -5.000000000000000
10.526279441628827 3.767949192431121 -3.000000000000000
10.526279441628827 3.767949192431121 -1.000000000000000
10.526279441628827 3.767949192431121 1.000000000000000
10.526279441628827 3.767949192431121 3.000000000000000
10.526279441628827 3.767949192431121 5.000000000000000
10.526279441628827 3.767949192431121 7.000000000000000
10.526279441628827 3.767949192431121 9.000000000000000
10.526279441628827 3.767949192431121 11.000000000000000
10.526279441628827 3.767949192431121 13.000000000000000
10.526279441628827 3.767949192431121 15.000000000000000
9.526279441628827 5.499999999999999 -5.000000000000000
9.526279441628827 5.499999999999999 -3.000000000000000
9.526279441628827 5.499999999999999 -1.000000000000000
9.526279441628827 5.499999999999999 1.000000000000000
9.526279441628827 5.499999999999999 3.000000000000000
9.526279441628827 5.499999999999999 5.000000000000000
9.526279441628827 5.499999999999999 7.000000000000000
9.526279441628827 5.499999999999999 9.000000000000000
9.526279441628827 5.499999999999999 11.000000000000000
9.526279441628827 5.499999999999999 13.000000000000000
9.526279441628827 5.499999999999999 15.000000000000000
8.526279441628827 7.232050807568877 -5.000000000000000
8.526279441628827 7.232050807568877 -3.000000000000000
8.526279441628827 7.232050807568877 -1.000000000000000
8.526279441628827 7.232050807568877 1.000000000000000
8.526279441628827 7.232050807568877 3.000000000000000
8.526279441628827 7.232050807568877 5.000000000000000
8.526279441628827 7.232050807568877 7.000000000000000
8.526279441628827 7.232050807568877 9.000000000000000
8.526279441628827 7.232050807568877 11.000000000000000
8.526279441628827 7.232050807568877 13.000000000000000
8.526279441628827 7.232050807568877 15.000000000000000
7.526279441628827 8.964101615137753 -5.000000000000000
7.526279441628827 8.964101615137753 -3.000000000000000
7.526279441628827 8.964101615137753 -1.000000000000000
7.526279441628827 8.964101615137753 1.000000000000000
7.526279441628827 8.964101615137753 3.000000000000000
7.526279441628827 8.964101615137753 5.000000000000000
7.526279441628827 8.964101615137753 7.000000000000000
7.526279441628827 8.964101615137753 9.000000000000000
7.526279441628827 8.964101615137753 11.000000000000000
7.526279441628827 8.964101615137753 13.000000000000000
7.526279441628827 8.964101615137753 15.000000000000000
6.526279441628827 10.696152422706632 -5.000000000000000
6.526279441628827 10.696152422706632 -3.000000000000000
6.526279441628827 10.696152422706632 -1.000000000000000
6.526279441628827 10.696152422706632 1.000000000000000
6.526279441628827 10.696152422706632 3.000000000000000
6.526279441628827 10.696152422706632 5.000000000000000
6.526279441628827 10.696152422706632 7.000000000000000
6.526279441628827 10.696152422706632 9.000000000000000
6.526279441628827 10.696152422706632 11.000000000000000
6.526279441628827 10.696152422706632 13.000000000000000
6.526279441628827 10.696152422706632 15.000000000000000
5.526279441628827 12.428203230275509 -5.000000000000000
5.526279441628827 12.428203230275509 -3.000000000000000
5.526279441628827 12.428203230275509 -1.000000000000000
5.526279441628827 12.428203230275509 1.000000000000000
5.526279441628827 12.428203230275509 3.000000000000000
5.526279441628827 12.428203230275509 5.000000000000000
5.526279441628827 12.428203230275509 7.000000000000000
5.526279441628827 12.428203230275509 9.000000000000000
5.526279441628827 12.428203230275509 11.000000000000000
5.526279441628827 12.428203230275509 13.000000000000000
5.526279441628827 12.428203230275509 15.000000000000000
4.526279441628827 14.160254037844386 -5.000000000000000
4.526279441628827 14.160254037844386 -3.000000000000000
4.526279441628827 14.160254037844386 -1.000000000000000
4.526279441628827 14.160254037844386 1.000000000000000
4.526279441628827 14.160254037844386 3.000000000000000
4.526279441628827 14.160254037844386 5.000000000000000
4.526279441628827 14.160254037844386 7.000000000000000
4.526279441628827 14.160254037844386 9.000000000000000
4.526279441628827 14.160254037844386 11.000000000000000
4.526279441628827 14.160254037844386 13.000000000000000
4.526279441628827 14.160254037844386 15.000000000000000
16.258330249197702 -2.160254037844388 -5.000000000000000
16.258330249197702 -2.160254037844388 -3.000000000000000
16.258330249197702 -2.160254037844388 -1.000000000000000
16.258330249197702 -2.160254037844388 1.000000000000000
16.258330249197702 -2.160254037844388 3.000000000000000
16.258330249197702 -2.160254037844388 5.000000000000000
16.258330249197702 -2.160254037844388 7.000000000000000
16.258330249197702 -2.160254037844388 9.000000000000000
16.258330249197702 -2.160254037844388 11.000000000000000
16.258330249197702 -2.160254037844388 13.000000000000000
16.258330249197702 -2.160254037844388 15.000000000000000
15.258330249197703 -0.428203230275511 -5.000000000000000
15.258330249197703 -0.428203230275511 -3.000000000000000
15.258330249197703 -0.428203230275511 -1.000000000000000
15.258330249197703 -0.428203230275511 1.000000000000000
15.258330249197703 -0.428203230275511 3.000000000000000
15.258330249197703 -0.428203230275511 5.000000000000000
15.258330249197703 -0.428203230275511 7.000000000000000
15.258330249197703 -0.428203230275511 9.000000000000000
15.258330249197703 -0.428203230275511 11.000000000000000
15.258330249197703 -0.428203230275511 13.000000000000000
15.258330249197703 -0.428203230275511 15.000000000000000
14.258330249197703 1.303847577293367 -5.000000000000000
14.258330249197703 1.303847577293367 -3.000000000000000
14.258330249197703 1.303847577293367 -1.000000000000000
14.258330249197703 1.303847577293367 1.000000000000000
14.258330249197703 1.303847577293367 3.000000000000000
14.258330249197703 1.303847577293367 5.000000000000000
14.258330249197703 1.303847577293367 7.000000000000000
14.258330249197703 1.303847577293367 9.000000000000000
14.258330249197703 1.303847577293367 11.000000000000000
14.258330249197703 1.303847577293367 13.000000000000000
14.258330249197703 1.303847577293367 15.000000000000000
13.258330249197703 3.035898384862244 -5.000000000000000
13.258330249197703 3.035898384862244 -3.000000000000000
13.258330249197703 3.035898384862244 -1.000000000000000
13.258330249197703 3.035898384862244 1.000000000000000
13.258330249197703 3.035898384862244 3.000000000000000
13.258330249197703 3.035898384862244 5.000000000000000
13.258330249197703 3.035898384862244 7.000000000000000
13.258330249197703 3.035898384862244 9.000000000000000
13.258330249197703 3.035898384862244 11.000000000000000
13.258330249197703 3.035898384862244 13.000000000000000
13.258330249197703 3.035898384862244 15.000000000000000
12.258330249197703 4.767949192431121 -5.000000000000000
12.258330249197703 4.767949192431121 -3.000000000000000
12.258330249197703 4.767949192431121 -1.000000000000000
12.258330249197703 4.767949192431121 1.000000000000000
12.258330249197703 4.767949192431121 3.000000000000000
12.258330249197703 4.767949192431121 5.000000000000000
12.258330249197703 4.767949192431121 7.000000000000000
12.258330249197703 4.767949192431121 9.000000000000000
12.258330249197703 4.767949192431121 11.000000000000000
12.258330249197703 4.767949192431121 13.000000000000000
12.258330249197703 4.767949192431121 15.000000000000000
11.258330249197703 6.499999999999999 -5.000000000000000
11.258330249197703 6.499999999999999 -3.000000000000000
11.258330249197703 6.499999999999999 -1.000000000000000
11.258330249197703 6.499999999999999 1.000000000000000
11.258330249197703 6.499999999999999 3.000000000000000
11.258330249197703 6.499999999999999 5.000000000000000
11.258330249197703 6.499999999999999 7.000000000000000
11.258330249197703 6.499999999999999 9.000000000000000
11.258330249197703 6.499999999999999 11.000000000000000
11.258330249197703 6.499999999999999 13.000000000000000
11.258330249197703 6.499999999999999 15.000000000000000
10.258330249197703 8.232050807568877 -5.000000000000000
10.258330249197703 8.232050807568877 -3.000000000000000
10.258330249197703 8.232050807568877 -1.000000000000000
10.258330249197703 8.232050807568877 1.000000000000000
10.258330249197703 8.232050807568877 3.000000000000000
10.258330249197703 8.232050807568877 5.000000000000000
10.258330249197703 8.232050807568877 7.000000000000000
10.258330249197703 8.232050807568877 9.000000000000000
10.258330249197703 8.232050807568877 11.000000000000000
10.258330249197703 8.232050807568877 13.000000000000000
10.258330249197703 8.232050807568877 15.000000000000000
9.258330249197703 9.964101615137753 -5.000000000000000
9.258330249197703 9.964101615137753 -3.000000000000000
9.258330249197703 9.964101615137753 -1.000000000000000
9.258330249197703 9.964101615137753 1.000000000000000
9.258330249197703 9.964101615137753 3.000000000000000
9.258330249197703 9.964101615137753 5.000000000000000
9.258330249197703 9.964101615137753 7.000000000000000
9.258330249197703 9.964101615137753 9.000000000000000
9.258330249197703 9.964101615137753 11.000000000000000
9.258330249197703 9.964101615137753 13.000000000000000
9.258330249197703 9.964101615137753 15.000000000000000
8.258330249197703 11.696152422706632 -5.000000000000000
8.258330249197703 11.696152422706632 -3.000000000000000
8.258330249197703 11.696152422706632 -1.000000000000000
8.258330249197703 11.696152422706632 1.000000000000000
8.258330249197703 11.696152422706632 3.000000000000000
8.258330249197703 11.696152422706632 5.000000000000000
8.258330249197703 11.696152422706632 7.000000000000000
8.258330249197703 11.696152422706632 9.000000000000000
8.258330249197703 11.696152422706632 11.000000000000000
8.258330249197703 11.696152422706632 13.000000000000000
8.258330249197703 11.696152422706632 15.000000000000000
7.258330249197703 13.428203230275509 -5.000000000000000
7.258330249197703 13.428203230275509 -3.000000000000000
7.258330249197703 13.428203230275509 -1.000000000000000
7.258330249197703 13.428203230275509 1.000000000000000
7.258330249197703 13.428203230275509 3.000000000000000
7.258330249197703 13.428203230275509 5.000000000000000
7.258330249197703 13.428203230275509 7.000000000000000
7.258330249197703 13.428203230275509 9.000000000000000
7.258330249197703 13.428203230275509 11.000000000000000
7.258330249197703 13.428203230275509 13.000000000000000
7.258330249197703 13.428203230275509 15.000000000000000
6.258330249197704 15.160254037844386 -5.000000000000000
6.258330249197704 15.160254037844386 -3.000000000000000
6.258330249197704 15.160254037844386 -1.000000000000000
6.258330249197704 15.160254037844386 1.000000000000000
6.258330249197704 15.160254037844386 3.000000000000000
6.258330249197704 15.160254037844386 5.000000000000000
6.258330249197704 15.160254037844386 7.000000000000000
6.258330249197704 15.160254037844386 9.000000000000000
6.258330249197704 15.160254037844386 11.000000000000000
6.258330249197704 15.160254037844386 13.000000000000000
6.258330249197704 15.160254037844386 15.000000000000000
17.990381056766580 -1.160254037844388 -5.000000000000000
17.990381056766580 -1.160254037844388 -3.000000000000000
17.990381056766580 -1.160254037844388 -1.000000000000000
17.990381056766580 -1.160254037844388 1.000000000000000
17.990381056766580 -1.160254037844388 3.000000000000000
17.990381056766580 -1.160254037844388 5.000000000000000
17.990381056766580 -1.160254037844388 7.000000000000000
17.990381056766580 -1.160254037844388 9.000000000000000
17.990381056766580 -1.160254037844388 11.000000000000000
17.990381056766580 -1.160254037844388 13.000000000000000
17.990381056766580 -1.160254037844388 15.000000000000000
16.990381056766580 0.571796769724489 -5.000000000000000
16.990381056766580 0.571796769724489 -3.000000000000000
16.990381056766580 0.571796769724489 -1.000000000000000
16.990381056766580 0.571796769724489 1.000000000000000
16.990381056766580 0.571796769724489 3.000000000000000
16.990381056766580 0.571796769724489 5.000000000000000
16.990381056766580 0.571796769724489 7.000000000000000
16.990381056766580 0.571796769724489 9.000000000000000
16.990381056766580 0.571796769724489 11.000000000000000
16.990381056766580 0.571796769724489 13.000000000000000
16.990381056766580 0.571796769724489 15.000000000000000
15.990381056766580 2.303847577293367 -5.000000000000000
15.990381056766580 2.303847577293367 -3.000000000000000
15.990381056766580 2.303847577293367 -1.000000000000000
15.990381056766580 2.303847577293367 1.000000000000000
15.990381056766580 2.303847577293367 3.000000000000000
15.990381056766580 2.303847577293367 5.000000000000000
15.990381056766580 2.303847577293367 7.000000000000000
15.990381056766580 2.303847577293367 9.000000000000000
15.990381056766580 2.303847577293367 11.000000000000000
15.990381056766580 2.303847577293367 13.000000000000000
15.990381056766580 2.303847577293367 15.000000000000000
14.990381056766580 4.035898384862245 -5.000000000000000
14.990381056766580 4.035898384862245 -3.000000000000000
14.990381056766580 4.035898384862245 -1.000000000000000
14.990381056766580 4.035898384862245 1.000000000000000
14.990381056766580 4.035898384862245 3.000000000000000
14.990381056766580 4.035898384862245 5.000000000000000
14.990381056766580 4.035898384862245 7.000000000000000
14.990381056766580 4.035898384862245 9.000000000000000
14.990381056766580 4.035898384862245 11.000000000000000
14.990381056766580 4.035898384862245 13.000000000000000
14.990381056766580 4.035898384862245 15.000000000000000
13.990381056766580 5.767949192431121 -5.000000000000000
13.990381056766580 5.767949192431121 -3.000000000000000
13.990381056766580 5.767949192431121 -1.000000000000000
13.990381056766580 5.767949192431121 1.000000000000000
13.990381056766580 5.767949192431121 3.000000000000000
13.990381056766580 5.767949192431121 5.000000000000000
13.990381056766580 5.767949192431121 7.000000000000000
13.990381056766580 5.767949192431121 9.000000000000000
13.990381056766580 5.767949192431121 11.000000000000000
13.990381056766580 5.767949192431121 13.000000000000000
13.990381056766580 5.767949192431121 15.000000000000000
12.990381056766580 7.499999999999999 -5.000000000000000
12.990381056766580 7.499999999999999 -3.000000000000000
12.990381056766580 7.499999999999999 -1.000000000000000
12.990381056766580 7.499999999999999 1.000000000000000
12.990381056766580 7.499999999999999 3.000000000000000
12.990381056766580 7.499999999999999 5.000000000000000
12.990381056766580 7.499999999999999 7.000000000000000
12.990381056766580 7.499999999999999 9.000000000000000
12.990381056766580 7.499999999999999 11.000000000000000
12.990381056766580 7.499999999999999 13.000000000000000
12.990381056766580 7.499999999999999 15.000000000000000
11.990381056766580 9.232050807568877 -5.000000000000000
11.990381056766580 9.232050807568877 -3.000000000000000
11.990381056766580 9.232050807568877 -1.000000000000000
11.990381056766580 9.232050807568877 1.000000000000000
11.990381056766580 9.232050807568877 3.000000000000000
11.990381056766580 9.232050807568877 5.000000000000000
11.990381056766580 9.232050807568877 7.000000000000000
11.990381056766580 9.232050807568877 9.000000000000000
11.990381056766580 9.232050807568877 11.000000000000000
11.990381056766580 9.232050807568877 13.000000000000000
11.990381056766580 9.232050807568877 15.000000000000000
10.990381056766580 10.964101615137753 -5.000000000000000
10.990381056766580 10.964101615137753 -3.000000000000000
10.990381056766580 10.964101615137753 -1.000000000000000
10.990381056766580 10.964101615137753 1.000000000000000
10.990381056766580 10.964101615137753 3.000000000000000
10.990381056766580 10.964101615137753 5.000000000000000
10.990381056766580 10.964101615137753 7.000000000000000
10.990381056766580 10.964101615137753 9.000000000000000
10.990381056766580 10.964101615137753 11.000000000000000
10.990381056766580 10.964101615137753 13.000000000000000
10.990381056766580 10.964101615137753 15.000000000000000
9.990381056766580 12.696152422706632 -5.000000000000000
9.990381056766580 12.696152422706632 -3.000000000000000
9.990381056766580 12.696152422706632 -1.000000000000000
9.990381056766580 12.696152422706632 1.000000000000000
9.990381056766580 12.696152422706632 3.000000000000000
9.990381056766580 12.696152422706632 5.000000000000000
9.990381056766580 12.696152422706632 7.000000000000000
9.990381056766580 12.696152422706632 9.000000000000000
9.990381056766580 12.696152422706632 11.000000000000000
9.990381056766580 12.696152422706632 13.000000000000000
9.990381056766580 12.696152422706632 15.000000000000000
8.990381056766580 14.428203230275509 -5.000000000000000
8.990381056766580 14.428203230275509 -3.000000000000000
8.990381056766580 14.428203230275509 -1.000000000000000
8.990381056766580 14.428203230275509 1.000000000000000
8.990381056766580 14.428203230275509 3.000000000000000
8.990381056766580 14.428203230275509 5.000000000000000
8.990381056766580 14.428203230275509 7.000000000000000
8.990381056766580 14.428203230275509 9.000000000000000
8.990381056766580 14.428203230275509 11.000000000000000
8.990381056766580 14.428203230275509 13.000000000000000
8.990381056766580 14.428203230275509 15.000000000000000
7.990381056766581 16.160254037844386 -5.000000000000000
7.990381056766581 16.160254037844386 -3.000000000000000
7.990381056766581 16.160254037844386 -1.000000000000000
7.990381056766581 16.160254037844386 1.000000000000000
7.990381056766581 16.160254037844386 3.000000000000000
7.990381056766581 16.160254037844386 5.000000000000000
7.990381056766581 16.160254037844386 7.000000000000000
7.990381056766581 16.160254037844386 9.000000000000000
7.990381056766581 16.160254037844386 11.000000000000000
7.990381056766581 16.160254037844386 13.000000000000000
7.990381056766581 16.160254037844386 15.000000000000000
# データ (ここまで)
